image_stem,config_id,layout_mode,detector,binarization,ocr_extractor,llm_extractor,gold_articles,predicted_articles,tp,fp,fn,detection_precision,detection_recall,detection_f1,matched_pairs_for_error_mean,matched_title_cer_mean,matched_title_wer_mean,matched_body_cer_mean,matched_body_wer_mean,total_pipeline_seconds,parse_failure_rows
publimetro_2013-08-14_12,0,none,,adaptive_gaussian,docling_easyocr,llama,2,0,0,0,2,0.0,0.0,0.0,0,,,,,73.277162584,1
publimetro_2013-08-14_12,0,none,,adaptive_gaussian,docling_rapidocr,llama,2,0,0,0,2,0.0,0.0,0.0,0,,,,,108.581909688,1
publimetro_2013-08-14_12,0,none,,adaptive_mean,docling_easyocr,llama,2,0,0,0,2,0.0,0.0,0.0,0,,,,,75.830148677,1
publimetro_2013-08-14_12,0,none,,adaptive_mean,docling_rapidocr,llama,2,0,0,0,2,0.0,0.0,0.0,0,,,,,106.815697889,1
publimetro_2013-08-14_12,0,none,,basic,docling_easyocr,llama,2,0,0,0,2,0.0,0.0,0.0,0,,,,,59.242058061,1
publimetro_2013-08-14_12,0,none,,basic,docling_rapidocr,llama,2,0,0,0,2,0.0,0.0,0.0,0,,,,,104.077852033,1
publimetro_2013-08-14_12,0,none,,niblack,docling_easyocr,llama,2,0,0,0,2,0.0,0.0,0.0,0,,,,,31.815469617,1
publimetro_2013-08-14_12,0,none,,niblack,docling_rapidocr,llama,2,0,0,0,2,0.0,0.0,0.0,0,,,,,96.799384469,1
publimetro_2013-08-14_12,0,none,,none_color,docling_easyocr,llama,2,0,0,0,2,0.0,0.0,0.0,0,,,,,77.405964252,1
publimetro_2013-08-14_12,0,none,,none_color,docling_rapidocr,llama,2,0,0,0,2,0.0,0.0,0.0,0,,,,,105.271034118,1
publimetro_2013-08-14_12,0,none,,none_grayscale,docling_easyocr,llama,2,0,0,0,2,0.0,0.0,0.0,0,,,,,63.520302629,1
publimetro_2013-08-14_12,0,none,,none_grayscale,docling_rapidocr,llama,2,0,0,0,2,0.0,0.0,0.0,0,,,,,104.815406894,1
publimetro_2013-08-14_12,0,none,,otsu,docling_easyocr,llama,2,0,0,0,2,0.0,0.0,0.0,0,,,,,59.198625659,1
publimetro_2013-08-14_12,0,none,,otsu,docling_rapidocr,llama,2,0,0,0,2,0.0,0.0,0.0,0,,,,,107.556247806,1
publimetro_2013-08-14_12,1,none,,adaptive_gaussian,docling_easyocr,llama,2,0,0,0,2,0.0,0.0,0.0,0,,,,,79.461494985,1
publimetro_2013-08-14_12,1,none,,adaptive_gaussian,docling_rapidocr,llama,2,0,0,0,2,0.0,0.0,0.0,0,,,,,107.306051317,1
publimetro_2013-08-14_12,1,none,,adaptive_mean,docling_easyocr,llama,2,0,0,0,2,0.0,0.0,0.0,0,,,,,80.14131373,1
publimetro_2013-08-14_12,1,none,,adaptive_mean,docling_rapidocr,llama,2,0,0,0,2,0.0,0.0,0.0,0,,,,,108.160067258,1
publimetro_2013-08-14_12,1,none,,basic,docling_easyocr,llama,2,0,0,0,2,0.0,0.0,0.0,0,,,,,58.193396859,1
publimetro_2013-08-14_12,1,none,,basic,docling_rapidocr,llama,2,0,0,0,2,0.0,0.0,0.0,0,,,,,108.331976943,1
publimetro_2013-08-14_12,1,none,,niblack,docling_easyocr,llama,2,0,0,0,2,0.0,0.0,0.0,0,,,,,33.219533765,1
publimetro_2013-08-14_12,1,none,,niblack,docling_rapidocr,llama,2,0,0,0,2,0.0,0.0,0.0,0,,,,,96.453689897,1
publimetro_2013-08-14_12,1,none,,none_color,docling_easyocr,llama,2,0,0,0,2,0.0,0.0,0.0,0,,,,,59.952507808,1
publimetro_2013-08-14_12,1,none,,none_color,docling_rapidocr,llama,2,0,0,0,2,0.0,0.0,0.0,0,,,,,104.487322404,1
publimetro_2013-08-14_12,1,none,,none_grayscale,docling_easyocr,llama,2,0,0,0,2,0.0,0.0,0.0,0,,,,,60.312248283,1
publimetro_2013-08-14_12,1,none,,none_grayscale,docling_rapidocr,llama,2,0,0,0,2,0.0,0.0,0.0,0,,,,,107.555910402,1
publimetro_2013-08-14_12,1,none,,otsu,docling_easyocr,llama,2,0,0,0,2,0.0,0.0,0.0,0,,,,,60.563426786,1
publimetro_2013-08-14_12,1,none,,otsu,docling_rapidocr,llama,2,0,0,0,2,0.0,0.0,0.0,0,,,,,107.906390004,1
publimetro_2013-08-14_12,2,none,,adaptive_gaussian,docling_easyocr,llama,2,0,0,0,2,0.0,0.0,0.0,0,,,,,79.629042615,1
publimetro_2013-08-14_12,2,none,,adaptive_gaussian,docling_rapidocr,llama,2,0,0,0,2,0.0,0.0,0.0,0,,,,,108.26382493,1
publimetro_2013-08-14_12,2,none,,adaptive_mean,docling_easyocr,llama,2,0,0,0,2,0.0,0.0,0.0,0,,,,,81.866235194,1
publimetro_2013-08-14_12,2,none,,adaptive_mean,docling_rapidocr,llama,2,0,0,0,2,0.0,0.0,0.0,0,,,,,108.075473008,1
publimetro_2013-08-14_12,2,none,,basic,docling_easyocr,llama,2,0,0,0,2,0.0,0.0,0.0,0,,,,,73.635033588,1
publimetro_2013-08-14_12,2,none,,basic,docling_rapidocr,llama,2,0,0,0,2,0.0,0.0,0.0,0,,,,,107.191034774,1
publimetro_2013-08-14_12,2,none,,niblack,docling_easyocr,llama,2,0,0,0,2,0.0,0.0,0.0,0,,,,,33.701337888,1
publimetro_2013-08-14_12,2,none,,niblack,docling_rapidocr,llama,2,0,0,0,2,0.0,0.0,0.0,0,,,,,99.104999854,1
publimetro_2013-08-14_12,2,none,,none_color,docling_easyocr,llama,2,0,0,0,2,0.0,0.0,0.0,0,,,,,60.727689962,1
publimetro_2013-08-14_12,2,none,,none_color,docling_rapidocr,llama,2,0,0,0,2,0.0,0.0,0.0,0,,,,,109.606394271,1
publimetro_2013-08-14_12,2,none,,none_grayscale,docling_easyocr,llama,2,0,0,0,2,0.0,0.0,0.0,0,,,,,61.101079133,1
publimetro_2013-08-14_12,2,none,,none_grayscale,docling_rapidocr,llama,2,0,0,0,2,0.0,0.0,0.0,0,,,,,107.760885385,1
publimetro_2013-08-14_12,2,none,,otsu,docling_easyocr,llama,2,0,0,0,2,0.0,0.0,0.0,0,,,,,60.23657208,1
publimetro_2013-08-14_12,2,none,,otsu,docling_rapidocr,llama,2,0,0,0,2,0.0,0.0,0.0,0,,,,,107.677272611,1
publimetro_2013-08-14_12,3,none,,adaptive_gaussian,docling_easyocr,llama,2,0,0,0,2,0.0,0.0,0.0,0,,,,,74.78628593,1
publimetro_2013-08-14_12,3,none,,adaptive_gaussian,docling_rapidocr,llama,2,0,0,0,2,0.0,0.0,0.0,0,,,,,107.971163564,1
publimetro_2013-08-14_12,3,none,,adaptive_mean,docling_easyocr,llama,2,0,0,0,2,0.0,0.0,0.0,0,,,,,52.880944564,1
publimetro_2013-08-14_12,3,none,,adaptive_mean,docling_rapidocr,llama,2,0,0,0,2,0.0,0.0,0.0,0,,,,,99.347745015,1
publimetro_2013-08-14_12,3,none,,basic,docling_easyocr,llama,2,0,0,0,2,0.0,0.0,0.0,0,,,,,41.368500825,1
publimetro_2013-08-14_12,3,none,,basic,docling_rapidocr,llama,2,0,0,0,2,0.0,0.0,0.0,0,,,,,102.673146125,1
publimetro_2013-08-14_12,3,none,,niblack,docling_easyocr,llama,2,0,0,0,2,0.0,0.0,0.0,0,,,,,35.714401962,1
publimetro_2013-08-14_12,3,none,,niblack,docling_rapidocr,llama,2,0,0,0,2,0.0,0.0,0.0,0,,,,,98.737221004,1
publimetro_2013-08-14_12,3,none,,none_color,docling_easyocr,llama,2,0,0,0,2,0.0,0.0,0.0,0,,,,,63.270951242,1
publimetro_2013-08-14_12,3,none,,none_color,docling_rapidocr,llama,2,0,0,0,2,0.0,0.0,0.0,0,,,,,108.846740455,1
publimetro_2013-08-14_12,3,none,,none_grayscale,docling_easyocr,llama,2,0,0,0,2,0.0,0.0,0.0,0,,,,,63.800580306,1
publimetro_2013-08-14_12,3,none,,none_grayscale,docling_rapidocr,llama,2,0,0,0,2,0.0,0.0,0.0,0,,,,,108.282800479,1
publimetro_2013-08-14_12,3,none,,otsu,docling_easyocr,llama,2,0,0,0,2,0.0,0.0,0.0,0,,,,,72.145240495,1
publimetro_2013-08-14_12,3,none,,otsu,docling_rapidocr,llama,2,0,0,0,2,0.0,0.0,0.0,0,,,,,106.98123307,1
publimetro_2013-08-14_12,4,none,,adaptive_gaussian,docling_easyocr,llama,2,0,0,0,2,0.0,0.0,0.0,0,,,,,74.929758632,1
publimetro_2013-08-14_12,4,none,,adaptive_gaussian,docling_rapidocr,llama,2,0,0,0,2,0.0,0.0,0.0,0,,,,,102.299035394,1
publimetro_2013-08-14_12,4,none,,adaptive_mean,docling_easyocr,llama,2,0,0,0,2,0.0,0.0,0.0,0,,,,,69.657157691,1
publimetro_2013-08-14_12,4,none,,adaptive_mean,docling_rapidocr,llama,2,0,0,0,2,0.0,0.0,0.0,0,,,,,106.829070838,1
publimetro_2013-08-14_12,4,none,,basic,docling_easyocr,llama,2,0,0,0,2,0.0,0.0,0.0,0,,,,,74.572411134,1
publimetro_2013-08-14_12,4,none,,basic,docling_rapidocr,llama,2,0,0,0,2,0.0,0.0,0.0,0,,,,,104.351348236,1
publimetro_2013-08-14_12,4,none,,niblack,docling_easyocr,llama,2,0,0,0,2,0.0,0.0,0.0,0,,,,,33.862715774,1
publimetro_2013-08-14_12,4,none,,niblack,docling_rapidocr,llama,2,0,0,0,2,0.0,0.0,0.0,0,,,,,98.20646482,1
publimetro_2013-08-14_12,4,none,,none_color,docling_easyocr,llama,2,0,0,0,2,0.0,0.0,0.0,0,,,,,61.784917045,1
publimetro_2013-08-14_12,4,none,,none_color,docling_rapidocr,llama,2,0,0,0,2,0.0,0.0,0.0,0,,,,,102.750154901,1
publimetro_2013-08-14_12,4,none,,none_grayscale,docling_easyocr,llama,2,0,0,0,2,0.0,0.0,0.0,0,,,,,64.446097614,1
publimetro_2013-08-14_12,4,none,,none_grayscale,docling_rapidocr,llama,2,0,0,0,2,0.0,0.0,0.0,0,,,,,108.622127057,1
publimetro_2013-08-14_12,4,none,,otsu,docling_easyocr,llama,2,0,0,0,2,0.0,0.0,0.0,0,,,,,61.744462875,1
publimetro_2013-08-14_12,4,none,,otsu,docling_rapidocr,llama,2,0,0,0,2,0.0,0.0,0.0,0,,,,,107.685261634,1
publimetro_2013-08-14_12,5,none,,adaptive_gaussian,docling_easyocr,llama,2,0,0,0,2,0.0,0.0,0.0,0,,,,,74.355785381,1
publimetro_2013-08-14_12,5,none,,adaptive_gaussian,docling_rapidocr,llama,2,0,0,0,2,0.0,0.0,0.0,0,,,,,105.601663839,1
publimetro_2013-08-14_12,5,none,,adaptive_mean,docling_easyocr,llama,2,0,0,0,2,0.0,0.0,0.0,0,,,,,50.459718974,1
publimetro_2013-08-14_12,5,none,,adaptive_mean,docling_rapidocr,llama,2,0,0,0,2,0.0,0.0,0.0,0,,,,,100.066645416,1
publimetro_2013-08-14_12,5,none,,basic,docling_easyocr,llama,2,0,0,0,2,0.0,0.0,0.0,0,,,,,43.206128122,1
publimetro_2013-08-14_12,5,none,,basic,docling_rapidocr,llama,2,0,0,0,2,0.0,0.0,0.0,0,,,,,101.42634535,1
publimetro_2013-08-14_12,5,none,,niblack,docling_easyocr,llama,2,0,0,0,2,0.0,0.0,0.0,0,,,,,36.418502166,1
publimetro_2013-08-14_12,5,none,,niblack,docling_rapidocr,llama,2,0,0,0,2,0.0,0.0,0.0,0,,,,,97.582610204,1
publimetro_2013-08-14_12,5,none,,none_color,docling_easyocr,llama,2,0,0,0,2,0.0,0.0,0.0,0,,,,,62.960557628,1
publimetro_2013-08-14_12,5,none,,none_color,docling_rapidocr,llama,2,0,0,0,2,0.0,0.0,0.0,0,,,,,108.124103475,1
publimetro_2013-08-14_12,5,none,,none_grayscale,docling_easyocr,llama,2,0,0,0,2,0.0,0.0,0.0,0,,,,,64.795884776,1
publimetro_2013-08-14_12,5,none,,none_grayscale,docling_rapidocr,llama,2,0,0,0,2,0.0,0.0,0.0,0,,,,,108.428512741,1
publimetro_2013-08-14_12,5,none,,otsu,docling_easyocr,llama,2,0,0,0,2,0.0,0.0,0.0,0,,,,,73.971915319,1
publimetro_2013-08-14_12,5,none,,otsu,docling_rapidocr,llama,2,0,0,0,2,0.0,0.0,0.0,0,,,,,106.182161405,1
publimetro_2013-08-14_12,6,none,,adaptive_gaussian,docling_easyocr,llama,2,0,0,0,2,0.0,0.0,0.0,0,,,,,178.562000804,1
publimetro_2013-08-14_12,6,none,,adaptive_gaussian,docling_rapidocr,llama,2,0,0,0,2,0.0,0.0,0.0,0,,,,,106.449217849,1
publimetro_2013-08-14_12,6,none,,adaptive_mean,docling_easyocr,llama,2,0,0,0,2,0.0,0.0,0.0,0,,,,,166.454628541,1
publimetro_2013-08-14_12,6,none,,adaptive_mean,docling_rapidocr,llama,2,0,0,0,2,0.0,0.0,0.0,0,,,,,105.586649015,1
publimetro_2013-08-14_12,6,none,,basic,docling_easyocr,llama,2,0,0,0,2,0.0,0.0,0.0,0,,,,,180.410171148,1
publimetro_2013-08-14_12,6,none,,basic,docling_rapidocr,llama,2,0,0,0,2,0.0,0.0,0.0,0,,,,,103.805188772,1
publimetro_2013-08-14_12,6,none,,niblack,docling_easyocr,llama,2,0,0,0,2,0.0,0.0,0.0,0,,,,,151.750134324,1
publimetro_2013-08-14_12,6,none,,niblack,docling_rapidocr,llama,2,0,0,0,2,0.0,0.0,0.0,0,,,,,98.039505577,1
publimetro_2013-08-14_12,6,none,,none_color,docling_easyocr,llama,2,0,0,0,2,0.0,0.0,0.0,0,,,,,61.784903259,1
publimetro_2013-08-14_12,6,none,,none_color,docling_rapidocr,llama,2,0,0,0,2,0.0,0.0,0.0,0,,,,,108.124414415,1
publimetro_2013-08-14_12,6,none,,none_grayscale,docling_easyocr,llama,2,0,0,0,2,0.0,0.0,0.0,0,,,,,61.275283142,1
publimetro_2013-08-14_12,6,none,,none_grayscale,docling_rapidocr,llama,2,0,0,0,2,0.0,0.0,0.0,0,,,,,103.795016809,1
publimetro_2013-08-14_12,6,none,,otsu,docling_easyocr,llama,2,0,0,0,2,0.0,0.0,0.0,0,,,,,159.413329074,1
publimetro_2013-08-14_12,6,none,,otsu,docling_rapidocr,llama,2,0,0,0,2,0.0,0.0,0.0,0,,,,,102.316395948,1
publimetro_2013-08-14_12,7,none,,adaptive_gaussian,docling_easyocr,llama,2,0,0,0,2,0.0,0.0,0.0,0,,,,,173.03795432,1
publimetro_2013-08-14_12,7,none,,adaptive_gaussian,docling_rapidocr,llama,2,0,0,0,2,0.0,0.0,0.0,0,,,,,108.345273961,1
publimetro_2013-08-14_12,7,none,,adaptive_mean,docling_easyocr,llama,2,0,0,0,2,0.0,0.0,0.0,0,,,,,170.001300201,1
publimetro_2013-08-14_12,7,none,,adaptive_mean,docling_rapidocr,llama,2,0,0,0,2,0.0,0.0,0.0,0,,,,,107.491925344,1
publimetro_2013-08-14_12,7,none,,basic,docling_easyocr,llama,2,0,0,0,2,0.0,0.0,0.0,0,,,,,171.403340724,1
publimetro_2013-08-14_12,7,none,,basic,docling_rapidocr,llama,2,0,0,0,2,0.0,0.0,0.0,0,,,,,106.662526992,1
publimetro_2013-08-14_12,7,none,,niblack,docling_easyocr,llama,2,0,0,0,2,0.0,0.0,0.0,0,,,,,152.446963197,1
publimetro_2013-08-14_12,7,none,,niblack,docling_rapidocr,llama,2,0,0,0,2,0.0,0.0,0.0,0,,,,,98.230104572,1
publimetro_2013-08-14_12,7,none,,none_color,docling_easyocr,llama,2,0,0,0,2,0.0,0.0,0.0,0,,,,,171.91049266,1
publimetro_2013-08-14_12,7,none,,none_color,docling_rapidocr,llama,2,0,0,0,2,0.0,0.0,0.0,0,,,,,107.608190299,1
publimetro_2013-08-14_12,7,none,,none_grayscale,docling_easyocr,llama,2,0,0,0,2,0.0,0.0,0.0,0,,,,,170.729683618,1
publimetro_2013-08-14_12,7,none,,none_grayscale,docling_rapidocr,llama,2,0,0,0,2,0.0,0.0,0.0,0,,,,,107.793178539,1
publimetro_2013-08-14_12,7,none,,otsu,docling_easyocr,llama,2,0,0,0,2,0.0,0.0,0.0,0,,,,,171.119306068,1
publimetro_2013-08-14_12,7,none,,otsu,docling_rapidocr,llama,2,0,0,0,2,0.0,0.0,0.0,0,,,,,107.46786354,1
publimetro_2013-08-14_12,8,none,,adaptive_gaussian,docling_easyocr,llama,2,0,0,0,2,0.0,0.0,0.0,0,,,,,180.139032937,1
publimetro_2013-08-14_12,8,none,,adaptive_gaussian,docling_rapidocr,llama,2,0,0,0,2,0.0,0.0,0.0,0,,,,,15.918067313,1
publimetro_2013-08-14_12,8,none,,adaptive_mean,docling_easyocr,llama,2,0,0,0,2,0.0,0.0,0.0,0,,,,,174.074958846,1
publimetro_2013-08-14_12,8,none,,adaptive_mean,docling_rapidocr,llama,2,0,0,0,2,0.0,0.0,0.0,0,,,,,16.399457499,1
publimetro_2013-08-14_12,8,none,,basic,docling_easyocr,llama,2,0,0,0,2,0.0,0.0,0.0,0,,,,,149.906122771,1
publimetro_2013-08-14_12,8,none,,basic,docling_rapidocr,llama,2,0,0,0,2,0.0,0.0,0.0,0,,,,,14.865668383,1
publimetro_2013-08-14_12,8,none,,niblack,docling_easyocr,llama,2,0,0,0,2,0.0,0.0,0.0,0,,,,,155.984738291,1
publimetro_2013-08-14_12,8,none,,niblack,docling_rapidocr,llama,2,0,0,0,2,0.0,0.0,0.0,0,,,,,11.616703929,1
publimetro_2013-08-14_12,8,none,,none_color,docling_easyocr,llama,2,0,0,0,2,0.0,0.0,0.0,0,,,,,172.901515021,1
publimetro_2013-08-14_12,8,none,,none_color,docling_rapidocr,llama,2,0,0,0,2,0.0,0.0,0.0,0,,,,,16.562711968,1
publimetro_2013-08-14_12,8,none,,none_grayscale,docling_easyocr,llama,2,0,0,0,2,0.0,0.0,0.0,0,,,,,167.164721026,1
publimetro_2013-08-14_12,8,none,,none_grayscale,docling_rapidocr,llama,2,0,0,0,2,0.0,0.0,0.0,0,,,,,19.544588103,1
publimetro_2013-08-14_12,8,none,,otsu,docling_easyocr,llama,2,0,0,0,2,0.0,0.0,0.0,0,,,,,178.749614875,1
publimetro_2013-08-14_12,8,none,,otsu,docling_rapidocr,llama,2,0,0,0,2,0.0,0.0,0.0,0,,,,,15.941186349,1
publimetro_2013-08-14_12,9,none,,adaptive_gaussian,docling_easyocr,llama,2,0,0,0,2,0.0,0.0,0.0,0,,,,,186.861666196,1
publimetro_2013-08-14_12,9,none,,adaptive_gaussian,docling_rapidocr,llama,2,0,0,0,2,0.0,0.0,0.0,0,,,,,18.108106129,1
publimetro_2013-08-14_12,9,none,,adaptive_mean,docling_easyocr,llama,2,0,0,0,2,0.0,0.0,0.0,0,,,,,180.911121859,1
publimetro_2013-08-14_12,9,none,,adaptive_mean,docling_rapidocr,llama,2,0,0,0,2,0.0,0.0,0.0,0,,,,,19.36799623,1
publimetro_2013-08-14_12,9,none,,basic,docling_easyocr,llama,2,0,0,0,2,0.0,0.0,0.0,0,,,,,169.582551058,1
publimetro_2013-08-14_12,9,none,,basic,docling_rapidocr,llama,2,0,0,0,2,0.0,0.0,0.0,0,,,,,18.448797043,1
publimetro_2013-08-14_12,9,none,,niblack,docling_easyocr,llama,2,0,0,0,2,0.0,0.0,0.0,0,,,,,156.028235615,1
publimetro_2013-08-14_12,9,none,,niblack,docling_rapidocr,llama,2,0,0,0,2,0.0,0.0,0.0,0,,,,,11.636933983,1
publimetro_2013-08-14_12,9,none,,none_color,docling_easyocr,llama,2,0,0,0,2,0.0,0.0,0.0,0,,,,,178.296883017,1
publimetro_2013-08-14_12,9,none,,none_color,docling_rapidocr,llama,2,0,0,0,2,0.0,0.0,0.0,0,,,,,18.506087691,1
publimetro_2013-08-14_12,9,none,,none_grayscale,docling_easyocr,llama,2,0,0,0,2,0.0,0.0,0.0,0,,,,,175.690011246,1
publimetro_2013-08-14_12,9,none,,none_grayscale,docling_rapidocr,llama,2,0,0,0,2,0.0,0.0,0.0,0,,,,,20.377068741,1
publimetro_2013-08-14_12,9,none,,otsu,docling_easyocr,llama,2,0,0,0,2,0.0,0.0,0.0,0,,,,,181.713432202,1
publimetro_2013-08-14_12,9,none,,otsu,docling_rapidocr,llama,2,0,0,0,2,0.0,0.0,0.0,0,,,,,18.075220952,1
publimetro_2013-08-14_12,10,none,,adaptive_gaussian,docling_easyocr,llama,2,0,0,0,2,0.0,0.0,0.0,0,,,,,185.508129931,1
publimetro_2013-08-14_12,10,none,,adaptive_gaussian,docling_rapidocr,llama,2,0,0,0,2,0.0,0.0,0.0,0,,,,,20.294611312,1
publimetro_2013-08-14_12,10,none,,adaptive_mean,docling_easyocr,llama,2,0,0,0,2,0.0,0.0,0.0,0,,,,,182.200081465,1
publimetro_2013-08-14_12,10,none,,adaptive_mean,docling_rapidocr,llama,2,0,0,0,2,0.0,0.0,0.0,0,,,,,19.177498696,1
publimetro_2013-08-14_12,10,none,,basic,docling_easyocr,llama,2,0,0,0,2,0.0,0.0,0.0,0,,,,,184.084562461,1
publimetro_2013-08-14_12,10,none,,basic,docling_rapidocr,llama,2,0,0,0,2,0.0,0.0,0.0,0,,,,,15.722037474,1
publimetro_2013-08-14_12,10,none,,niblack,docling_easyocr,llama,2,0,0,0,2,0.0,0.0,0.0,0,,,,,147.626517672,1
publimetro_2013-08-14_12,10,none,,niblack,docling_rapidocr,llama,2,0,0,0,2,0.0,0.0,0.0,0,,,,,9.470882554,1
publimetro_2013-08-14_12,10,none,,none_color,docling_easyocr,llama,2,0,0,0,2,0.0,0.0,0.0,0,,,,,179.148378148,1
publimetro_2013-08-14_12,10,none,,none_color,docling_rapidocr,llama,2,0,0,0,2,0.0,0.0,0.0,0,,,,,20.969413056,1
publimetro_2013-08-14_12,10,none,,none_grayscale,docling_easyocr,llama,2,0,0,0,2,0.0,0.0,0.0,0,,,,,168.848723736,1
publimetro_2013-08-14_12,10,none,,none_grayscale,docling_rapidocr,llama,2,0,0,0,2,0.0,0.0,0.0,0,,,,,20.105415431,1
publimetro_2013-08-14_12,10,none,,otsu,docling_easyocr,llama,2,0,0,0,2,0.0,0.0,0.0,0,,,,,168.658366435,1
publimetro_2013-08-14_12,10,none,,otsu,docling_rapidocr,llama,2,0,0,0,2,0.0,0.0,0.0,0,,,,,15.999805682,1
publimetro_2013-08-14_12,11,none,,adaptive_gaussian,docling_easyocr,llama,2,0,0,0,2,0.0,0.0,0.0,0,,,,,173.56058235,1
publimetro_2013-08-14_12,11,none,,adaptive_gaussian,docling_rapidocr,llama,2,0,0,0,2,0.0,0.0,0.0,0,,,,,16.321107339,1
publimetro_2013-08-14_12,11,none,,adaptive_mean,docling_easyocr,llama,2,0,0,0,2,0.0,0.0,0.0,0,,,,,181.631414385,1
publimetro_2013-08-14_12,11,none,,adaptive_mean,docling_rapidocr,llama,2,0,0,0,2,0.0,0.0,0.0,0,,,,,15.985153647,1
publimetro_2013-08-14_12,11,none,,basic,docling_easyocr,llama,2,0,0,0,2,0.0,0.0,0.0,0,,,,,155.77133006,1
publimetro_2013-08-14_12,11,none,,basic,docling_rapidocr,llama,2,0,0,0,2,0.0,0.0,0.0,0,,,,,11.553282441,1
publimetro_2013-08-14_12,11,none,,niblack,docling_easyocr,llama,2,0,0,0,2,0.0,0.0,0.0,0,,,,,146.619656939,1
publimetro_2013-08-14_12,11,none,,niblack,docling_rapidocr,llama,2,0,0,0,2,0.0,0.0,0.0,0,,,,,10.504555125,1
publimetro_2013-08-14_12,11,none,,none_color,docling_easyocr,llama,2,0,0,0,2,0.0,0.0,0.0,0,,,,,180.645691979,1
publimetro_2013-08-14_12,11,none,,none_color,docling_rapidocr,llama,2,0,0,0,2,0.0,0.0,0.0,0,,,,,16.7279688,1
publimetro_2013-08-14_12,11,none,,none_grayscale,docling_easyocr,llama,2,0,0,0,2,0.0,0.0,0.0,0,,,,,177.929928172,1
publimetro_2013-08-14_12,11,none,,none_grayscale,docling_rapidocr,llama,2,0,0,0,2,0.0,0.0,0.0,0,,,,,16.794190991,1
publimetro_2013-08-14_12,11,none,,otsu,docling_easyocr,llama,2,0,0,0,2,0.0,0.0,0.0,0,,,,,186.482383265,1
publimetro_2013-08-14_12,11,none,,otsu,docling_rapidocr,llama,2,0,0,0,2,0.0,0.0,0.0,0,,,,,17.821013226,1
publimetro_2013-08-14_12,12,none,,adaptive_gaussian,docling_easyocr,llama,2,0,0,0,2,0.0,0.0,0.0,0,,,,,219.719773428,1
publimetro_2013-08-14_12,12,none,,adaptive_gaussian,docling_rapidocr,llama,2,0,0,0,2,0.0,0.0,0.0,0,,,,,52.594725029,1
publimetro_2013-08-14_12,12,none,,adaptive_mean,docling_easyocr,llama,2,0,0,0,2,0.0,0.0,0.0,0,,,,,217.02060486,1
publimetro_2013-08-14_12,12,none,,adaptive_mean,docling_rapidocr,llama,2,0,0,0,2,0.0,0.0,0.0,0,,,,,51.414229881,1
publimetro_2013-08-14_12,12,none,,basic,docling_easyocr,llama,2,0,0,0,2,0.0,0.0,0.0,0,,,,,207.739939981,1
publimetro_2013-08-14_12,12,none,,basic,docling_rapidocr,llama,2,0,0,0,2,0.0,0.0,0.0,0,,,,,51.468997293,1
publimetro_2013-08-14_12,12,none,,niblack,docling_easyocr,llama,2,0,0,0,2,0.0,0.0,0.0,0,,,,,188.417908556,1
publimetro_2013-08-14_12,12,none,,niblack,docling_rapidocr,llama,2,0,0,0,2,0.0,0.0,0.0,0,,,,,43.515206701,1
publimetro_2013-08-14_12,12,none,,none_color,docling_easyocr,llama,2,0,0,0,2,0.0,0.0,0.0,0,,,,,209.641792444,1
publimetro_2013-08-14_12,12,none,,none_color,docling_rapidocr,llama,2,0,0,0,2,0.0,0.0,0.0,0,,,,,52.412388233,1
publimetro_2013-08-14_12,12,none,,none_grayscale,docling_easyocr,llama,2,0,0,0,2,0.0,0.0,0.0,0,,,,,207.274623613,1
publimetro_2013-08-14_12,12,none,,none_grayscale,docling_rapidocr,llama,2,0,0,0,2,0.0,0.0,0.0,0,,,,,52.582135181,1
publimetro_2013-08-14_12,12,none,,otsu,docling_easyocr,llama,2,0,0,0,2,0.0,0.0,0.0,0,,,,,195.870690948,1
publimetro_2013-08-14_12,12,none,,otsu,docling_rapidocr,llama,2,0,0,0,2,0.0,0.0,0.0,0,,,,,51.510239012,1
publimetro_2013-08-14_12,13,none,,adaptive_gaussian,docling_easyocr,llama,2,0,0,0,2,0.0,0.0,0.0,0,,,,,208.734566078,1
publimetro_2013-08-14_12,13,none,,adaptive_gaussian,docling_rapidocr,llama,2,0,0,0,2,0.0,0.0,0.0,0,,,,,51.630056724,1
publimetro_2013-08-14_12,13,none,,adaptive_mean,docling_easyocr,llama,2,0,0,0,2,0.0,0.0,0.0,0,,,,,209.723275404,1
publimetro_2013-08-14_12,13,none,,adaptive_mean,docling_rapidocr,llama,2,0,0,0,2,0.0,0.0,0.0,0,,,,,53.203269701,1
publimetro_2013-08-14_12,13,none,,basic,docling_easyocr,llama,2,0,0,0,2,0.0,0.0,0.0,0,,,,,206.633501791,1
publimetro_2013-08-14_12,13,none,,basic,docling_rapidocr,llama,2,0,0,0,2,0.0,0.0,0.0,0,,,,,51.534750484,1
publimetro_2013-08-14_12,13,none,,niblack,docling_easyocr,llama,2,0,0,0,2,0.0,0.0,0.0,0,,,,,189.371433239,1
publimetro_2013-08-14_12,13,none,,niblack,docling_rapidocr,llama,2,0,0,0,2,0.0,0.0,0.0,0,,,,,43.1050422,1
publimetro_2013-08-14_12,13,none,,none_color,docling_easyocr,llama,2,0,0,0,2,0.0,0.0,0.0,0,,,,,209.441159365,1
publimetro_2013-08-14_12,13,none,,none_color,docling_rapidocr,llama,2,0,0,0,2,0.0,0.0,0.0,0,,,,,53.09718096,1
publimetro_2013-08-14_12,13,none,,none_grayscale,docling_easyocr,llama,2,0,0,0,2,0.0,0.0,0.0,0,,,,,209.106334875,1
publimetro_2013-08-14_12,13,none,,none_grayscale,docling_rapidocr,llama,2,0,0,0,2,0.0,0.0,0.0,0,,,,,53.301394175,1
publimetro_2013-08-14_12,13,none,,otsu,docling_easyocr,llama,2,0,0,0,2,0.0,0.0,0.0,0,,,,,208.297550774,1
publimetro_2013-08-14_12,13,none,,otsu,docling_rapidocr,llama,2,0,0,0,2,0.0,0.0,0.0,0,,,,,53.066220379,1
publimetro_2013-08-14_12,14,none,,adaptive_gaussian,docling_easyocr,llama,2,0,0,0,2,0.0,0.0,0.0,0,,,,,126.534294798,1
publimetro_2013-08-14_12,14,none,,adaptive_gaussian,docling_rapidocr,llama,2,0,0,0,2,0.0,0.0,0.0,0,,,,,52.989680244,1
publimetro_2013-08-14_12,14,none,,adaptive_mean,docling_easyocr,llama,2,0,0,0,2,0.0,0.0,0.0,0,,,,,120.862245462,1
publimetro_2013-08-14_12,14,none,,adaptive_mean,docling_rapidocr,llama,2,0,0,0,2,0.0,0.0,0.0,0,,,,,51.451630257,1
publimetro_2013-08-14_12,14,none,,basic,docling_easyocr,llama,2,0,0,0,2,0.0,0.0,0.0,0,,,,,117.151300852,1
publimetro_2013-08-14_12,14,none,,basic,docling_rapidocr,llama,2,0,0,0,2,0.0,0.0,0.0,0,,,,,51.829403822,1
publimetro_2013-08-14_12,14,none,,niblack,docling_easyocr,llama,2,0,0,0,2,0.0,0.0,0.0,0,,,,,92.484722393,1
publimetro_2013-08-14_12,14,none,,niblack,docling_rapidocr,llama,2,0,0,0,2,0.0,0.0,0.0,0,,,,,42.987062233,1
publimetro_2013-08-14_12,14,none,,none_color,docling_easyocr,llama,2,0,0,0,2,0.0,0.0,0.0,0,,,,,208.968224947,1
publimetro_2013-08-14_12,14,none,,none_color,docling_rapidocr,llama,2,0,0,0,2,0.0,0.0,0.0,0,,,,,52.562853519,1
publimetro_2013-08-14_12,14,none,,none_grayscale,docling_easyocr,llama,2,0,0,0,2,0.0,0.0,0.0,0,,,,,209.249469702,1
publimetro_2013-08-14_12,14,none,,none_grayscale,docling_rapidocr,llama,2,0,0,0,2,0.0,0.0,0.0,0,,,,,53.495324556,1
publimetro_2013-08-14_12,14,none,,otsu,docling_easyocr,llama,2,0,0,0,2,0.0,0.0,0.0,0,,,,,114.540277737,1
publimetro_2013-08-14_12,14,none,,otsu,docling_rapidocr,llama,2,0,0,0,2,0.0,0.0,0.0,0,,,,,52.018080252,1
publimetro_2013-08-14_12,15,none,,adaptive_gaussian,docling_easyocr,llama,2,0,0,0,2,0.0,0.0,0.0,0,,,,,77.180137377,1
publimetro_2013-08-14_12,15,none,,adaptive_gaussian,docling_rapidocr,llama,2,0,0,0,2,0.0,0.0,0.0,0,,,,,10.795748453,1
publimetro_2013-08-14_12,15,none,,adaptive_mean,docling_easyocr,llama,2,0,0,0,2,0.0,0.0,0.0,0,,,,,77.950640131,1
publimetro_2013-08-14_12,15,none,,adaptive_mean,docling_rapidocr,llama,2,0,0,0,2,0.0,0.0,0.0,0,,,,,11.552583862,1
publimetro_2013-08-14_12,15,none,,basic,docling_easyocr,llama,2,0,0,0,2,0.0,0.0,0.0,0,,,,,82.749208183,1
publimetro_2013-08-14_12,15,none,,basic,docling_rapidocr,llama,2,0,0,0,2,0.0,0.0,0.0,0,,,,,18.156422586,1
publimetro_2013-08-14_12,15,none,,niblack,docling_easyocr,llama,2,0,0,0,2,0.0,0.0,0.0,0,,,,,58.224093698,1
publimetro_2013-08-14_12,15,none,,niblack,docling_rapidocr,llama,2,0,0,0,2,0.0,0.0,0.0,0,,,,,11.025140547,1
publimetro_2013-08-14_12,15,none,,none_color,docling_easyocr,llama,2,0,0,0,2,0.0,0.0,0.0,0,,,,,86.630818981,1
publimetro_2013-08-14_12,15,none,,none_color,docling_rapidocr,llama,2,0,0,0,2,0.0,0.0,0.0,0,,,,,19.697903532,1
publimetro_2013-08-14_12,15,none,,none_grayscale,docling_easyocr,llama,2,0,0,0,2,0.0,0.0,0.0,0,,,,,86.058795589,1
publimetro_2013-08-14_12,15,none,,none_grayscale,docling_rapidocr,llama,2,0,0,0,2,0.0,0.0,0.0,0,,,,,19.811725277,1
publimetro_2013-08-14_12,15,none,,otsu,docling_easyocr,llama,2,0,0,0,2,0.0,0.0,0.0,0,,,,,81.149025484,1
publimetro_2013-08-14_12,15,none,,otsu,docling_rapidocr,llama,2,0,0,0,2,0.0,0.0,0.0,0,,,,,19.273508831,1
publimetro_2013-08-14_12,16,none,,adaptive_gaussian,docling_easyocr,llama,2,0,0,0,2,0.0,0.0,0.0,0,,,,,64.388931834,1
publimetro_2013-08-14_12,16,none,,adaptive_gaussian,docling_rapidocr,llama,2,0,0,0,2,0.0,0.0,0.0,0,,,,,9.23562988,1
publimetro_2013-08-14_12,16,none,,adaptive_mean,docling_easyocr,llama,2,0,0,0,2,0.0,0.0,0.0,0,,,,,69.490934404,1
publimetro_2013-08-14_12,16,none,,adaptive_mean,docling_rapidocr,llama,2,0,0,0,2,0.0,0.0,0.0,0,,,,,10.811681302,1
publimetro_2013-08-14_12,16,none,,basic,docling_easyocr,llama,2,0,0,0,2,0.0,0.0,0.0,0,,,,,81.39052756,1
publimetro_2013-08-14_12,16,none,,basic,docling_rapidocr,llama,2,0,0,0,2,0.0,0.0,0.0,0,,,,,18.995441987,1
publimetro_2013-08-14_12,16,none,,niblack,docling_easyocr,llama,2,0,0,0,2,0.0,0.0,0.0,0,,,,,61.802728612,1
publimetro_2013-08-14_12,16,none,,niblack,docling_rapidocr,llama,2,0,0,0,2,0.0,0.0,0.0,0,,,,,10.036653955,1
publimetro_2013-08-14_12,16,none,,none_color,docling_easyocr,llama,2,0,0,0,2,0.0,0.0,0.0,0,,,,,85.508019376,1
publimetro_2013-08-14_12,16,none,,none_color,docling_rapidocr,llama,2,0,0,0,2,0.0,0.0,0.0,0,,,,,17.876804042,1
publimetro_2013-08-14_12,16,none,,none_grayscale,docling_easyocr,llama,2,0,0,0,2,0.0,0.0,0.0,0,,,,,84.742680074,1
publimetro_2013-08-14_12,16,none,,none_grayscale,docling_rapidocr,llama,2,0,0,0,2,0.0,0.0,0.0,0,,,,,20.347643853,1
publimetro_2013-08-14_12,16,none,,otsu,docling_easyocr,llama,2,0,0,0,2,0.0,0.0,0.0,0,,,,,77.586206821,1
publimetro_2013-08-14_12,16,none,,otsu,docling_rapidocr,llama,2,0,0,0,2,0.0,0.0,0.0,0,,,,,19.259039786,1
publimetro_2013-08-14_12,17,none,,adaptive_gaussian,docling_easyocr,llama,2,0,0,0,2,0.0,0.0,0.0,0,,,,,78.054080497,1
publimetro_2013-08-14_12,17,none,,adaptive_gaussian,docling_rapidocr,llama,2,0,0,0,2,0.0,0.0,0.0,0,,,,,11.157043468,1
publimetro_2013-08-14_12,17,none,,adaptive_mean,docling_easyocr,llama,2,0,0,0,2,0.0,0.0,0.0,0,,,,,79.305264266,1
publimetro_2013-08-14_12,17,none,,adaptive_mean,docling_rapidocr,llama,2,0,0,0,2,0.0,0.0,0.0,0,,,,,9.885937961,1
publimetro_2013-08-14_12,17,none,,basic,docling_easyocr,llama,2,0,0,0,2,0.0,0.0,0.0,0,,,,,78.795855834,1
publimetro_2013-08-14_12,17,none,,basic,docling_rapidocr,llama,2,0,0,0,2,0.0,0.0,0.0,0,,,,,15.591969802,1
publimetro_2013-08-14_12,17,none,,niblack,docling_easyocr,llama,2,0,0,0,2,0.0,0.0,0.0,0,,,,,61.77889314,1
publimetro_2013-08-14_12,17,none,,niblack,docling_rapidocr,llama,2,0,0,0,2,0.0,0.0,0.0,0,,,,,9.22267094,1
publimetro_2013-08-14_12,17,none,,none_color,docling_easyocr,llama,2,0,0,0,2,0.0,0.0,0.0,0,,,,,80.930353404,1
publimetro_2013-08-14_12,17,none,,none_color,docling_rapidocr,llama,2,0,0,0,2,0.0,0.0,0.0,0,,,,,16.548384191,1
publimetro_2013-08-14_12,17,none,,none_grayscale,docling_easyocr,llama,2,0,0,0,2,0.0,0.0,0.0,0,,,,,77.517674209,1
publimetro_2013-08-14_12,17,none,,none_grayscale,docling_rapidocr,llama,2,0,0,0,2,0.0,0.0,0.0,0,,,,,16.740054608,1
publimetro_2013-08-14_12,17,none,,otsu,docling_easyocr,llama,2,0,0,0,2,0.0,0.0,0.0,0,,,,,82.425005105,1
publimetro_2013-08-14_12,17,none,,otsu,docling_rapidocr,llama,2,0,0,0,2,0.0,0.0,0.0,0,,,,,18.301437762,1
publimetro_2013-08-14_12,18,none,,adaptive_gaussian,docling_easyocr,llama,2,0,0,0,2,0.0,0.0,0.0,0,,,,,62.223988183,1
publimetro_2013-08-14_12,18,none,,adaptive_gaussian,docling_rapidocr,llama,2,0,0,0,2,0.0,0.0,0.0,0,,,,,11.417050012,1
publimetro_2013-08-14_12,18,none,,adaptive_mean,docling_easyocr,llama,2,0,0,0,2,0.0,0.0,0.0,0,,,,,62.311142116,1
publimetro_2013-08-14_12,18,none,,adaptive_mean,docling_rapidocr,llama,2,0,0,0,2,0.0,0.0,0.0,0,,,,,11.751926332,1
publimetro_2013-08-14_12,18,none,,basic,docling_easyocr,llama,2,0,0,0,2,0.0,0.0,0.0,0,,,,,62.224873256,1
publimetro_2013-08-14_12,18,none,,basic,docling_rapidocr,llama,2,0,0,0,2,0.0,0.0,0.0,0,,,,,10.874924611,1
publimetro_2013-08-14_12,18,none,,niblack,docling_easyocr,llama,2,0,0,0,2,0.0,0.0,0.0,0,,,,,62.979253938,1
publimetro_2013-08-14_12,18,none,,none_color,docling_easyocr,llama,2,0,0,0,2,0.0,0.0,0.0,0,,,,,58.711350797,1
publimetro_2013-08-14_12,18,none,,none_color,docling_rapidocr,llama,2,0,0,0,2,0.0,0.0,0.0,0,,,,,10.031140445,1
publimetro_2013-08-14_12,18,none,,none_grayscale,docling_easyocr,llama,2,0,0,0,2,0.0,0.0,0.0,0,,,,,64.183779357,1
publimetro_2013-08-14_12,18,none,,none_grayscale,docling_rapidocr,llama,2,0,0,0,2,0.0,0.0,0.0,0,,,,,11.624555705,1
publimetro_2013-08-14_12,18,none,,otsu,docling_easyocr,llama,2,0,0,0,2,0.0,0.0,0.0,0,,,,,56.758564258,1
publimetro_2013-08-14_12,18,none,,otsu,docling_rapidocr,llama,2,0,0,0,2,0.0,0.0,0.0,0,,,,,9.49528482,1
publimetro_2013-08-14_12,19,none,,adaptive_gaussian,docling_easyocr,llama,2,0,0,0,2,0.0,0.0,0.0,0,,,,,62.433901027,1
publimetro_2013-08-14_12,19,none,,adaptive_gaussian,docling_rapidocr,llama,2,0,0,0,2,0.0,0.0,0.0,0,,,,,9.838473752,1
publimetro_2013-08-14_12,19,none,,adaptive_mean,docling_easyocr,llama,2,0,0,0,2,0.0,0.0,0.0,0,,,,,63.0435647,1
publimetro_2013-08-14_12,19,none,,adaptive_mean,docling_rapidocr,llama,2,0,0,0,2,0.0,0.0,0.0,0,,,,,11.301569842,1
publimetro_2013-08-14_12,19,none,,basic,docling_easyocr,llama,2,0,0,0,2,0.0,0.0,0.0,0,,,,,58.12108702,1
publimetro_2013-08-14_12,19,none,,basic,docling_rapidocr,llama,2,0,0,0,2,0.0,0.0,0.0,0,,,,,11.321491187,1
publimetro_2013-08-14_12,19,none,,niblack,docling_easyocr,llama,2,0,0,0,2,0.0,0.0,0.0,0,,,,,64.150310462,1
publimetro_2013-08-14_12,19,none,,none_color,docling_easyocr,llama,2,0,0,0,2,0.0,0.0,0.0,0,,,,,64.683684772,1
publimetro_2013-08-14_12,19,none,,none_color,docling_rapidocr,llama,2,0,0,0,2,0.0,0.0,0.0,0,,,,,9.733109658,1
publimetro_2013-08-14_12,19,none,,none_grayscale,docling_easyocr,llama,2,0,0,0,2,0.0,0.0,0.0,0,,,,,64.911770217,1
publimetro_2013-08-14_12,19,none,,none_grayscale,docling_rapidocr,llama,2,0,0,0,2,0.0,0.0,0.0,0,,,,,11.773928754,1
publimetro_2013-08-14_12,19,none,,otsu,docling_easyocr,llama,2,0,0,0,2,0.0,0.0,0.0,0,,,,,63.196757812,1
publimetro_2013-08-14_12,19,none,,otsu,docling_rapidocr,llama,2,0,0,0,2,0.0,0.0,0.0,0,,,,,11.550694722,1
publimetro_2013-08-14_12,20,none,,adaptive_gaussian,docling_easyocr,llama,2,0,0,0,2,0.0,0.0,0.0,0,,,,,62.943651412,1
publimetro_2013-08-14_12,20,none,,adaptive_gaussian,docling_rapidocr,llama,2,0,0,0,2,0.0,0.0,0.0,0,,,,,10.616269801,1
publimetro_2013-08-14_12,20,none,,adaptive_mean,docling_easyocr,llama,2,0,0,0,2,0.0,0.0,0.0,0,,,,,64.46937656,1
publimetro_2013-08-14_12,20,none,,adaptive_mean,docling_rapidocr,llama,2,0,0,0,2,0.0,0.0,0.0,0,,,,,11.925744529,1
publimetro_2013-08-14_12,20,none,,basic,docling_easyocr,llama,2,0,0,0,2,0.0,0.0,0.0,0,,,,,59.792823995,1
publimetro_2013-08-14_12,20,none,,basic,docling_rapidocr,llama,2,0,0,0,2,0.0,0.0,0.0,0,,,,,11.323204006,1
publimetro_2013-08-14_12,20,none,,niblack,docling_easyocr,llama,2,0,0,0,2,0.0,0.0,0.0,0,,,,,64.511967551,1
publimetro_2013-08-14_12,20,none,,none_color,docling_easyocr,llama,2,0,0,0,2,0.0,0.0,0.0,0,,,,,65.343311202,1
publimetro_2013-08-14_12,20,none,,none_color,docling_rapidocr,llama,2,0,0,0,2,0.0,0.0,0.0,0,,,,,11.572597635,1
publimetro_2013-08-14_12,20,none,,none_grayscale,docling_easyocr,llama,2,0,0,0,2,0.0,0.0,0.0,0,,,,,65.795556676,1
publimetro_2013-08-14_12,20,none,,none_grayscale,docling_rapidocr,llama,2,0,0,0,2,0.0,0.0,0.0,0,,,,,10.914141071,1
publimetro_2013-08-14_12,20,none,,otsu,docling_easyocr,llama,2,0,0,0,2,0.0,0.0,0.0,0,,,,,62.961176194,1
publimetro_2013-08-14_12,20,none,,otsu,docling_rapidocr,llama,2,0,0,0,2,0.0,0.0,0.0,0,,,,,11.531339444,1
publimetro_2013-08-14_12,21,none,,adaptive_gaussian,docling_easyocr,llama,2,0,0,0,2,0.0,0.0,0.0,0,,,,,182.071919732,1
publimetro_2013-08-14_12,21,none,,adaptive_gaussian,docling_rapidocr,llama,2,0,0,0,2,0.0,0.0,0.0,0,,,,,108.368240409,1
publimetro_2013-08-14_12,21,none,,adaptive_mean,docling_easyocr,llama,2,0,0,0,2,0.0,0.0,0.0,0,,,,,182.515814855,1
publimetro_2013-08-14_12,21,none,,adaptive_mean,docling_rapidocr,llama,2,0,0,0,2,0.0,0.0,0.0,0,,,,,108.41761811,1
publimetro_2013-08-14_12,21,none,,basic,docling_easyocr,llama,2,0,0,0,2,0.0,0.0,0.0,0,,,,,166.242259784,1
publimetro_2013-08-14_12,21,none,,basic,docling_rapidocr,llama,2,0,0,0,2,0.0,0.0,0.0,0,,,,,105.055806203,1
publimetro_2013-08-14_12,21,none,,niblack,docling_easyocr,llama,2,0,0,0,2,0.0,0.0,0.0,0,,,,,154.002855033,1
publimetro_2013-08-14_12,21,none,,niblack,docling_rapidocr,llama,2,0,0,0,2,0.0,0.0,0.0,0,,,,,99.974482507,1
publimetro_2013-08-14_12,21,none,,none_color,docling_easyocr,llama,2,0,0,0,2,0.0,0.0,0.0,0,,,,,183.841081352,1
publimetro_2013-08-14_12,21,none,,none_color,docling_rapidocr,llama,2,0,0,0,2,0.0,0.0,0.0,0,,,,,109.260891408,1
publimetro_2013-08-14_12,21,none,,none_grayscale,docling_easyocr,llama,2,0,0,0,2,0.0,0.0,0.0,0,,,,,182.375265569,1
publimetro_2013-08-14_12,21,none,,none_grayscale,docling_rapidocr,llama,2,0,0,0,2,0.0,0.0,0.0,0,,,,,109.594977111,1
publimetro_2013-08-14_12,21,none,,otsu,docling_easyocr,llama,2,0,0,0,2,0.0,0.0,0.0,0,,,,,171.838900682,1
publimetro_2013-08-14_12,21,none,,otsu,docling_rapidocr,llama,2,0,0,0,2,0.0,0.0,0.0,0,,,,,107.213593837,1
publimetro_2013-08-14_12,22,none,,adaptive_gaussian,docling_easyocr,llama,2,0,0,0,2,0.0,0.0,0.0,0,,,,,182.04249711,1
publimetro_2013-08-14_12,22,none,,adaptive_gaussian,docling_rapidocr,llama,2,0,0,0,2,0.0,0.0,0.0,0,,,,,109.938647222,1
publimetro_2013-08-14_12,22,none,,adaptive_mean,docling_easyocr,llama,2,0,0,0,2,0.0,0.0,0.0,0,,,,,185.180720468,1
publimetro_2013-08-14_12,22,none,,adaptive_mean,docling_rapidocr,llama,2,0,0,0,2,0.0,0.0,0.0,0,,,,,109.709368367,1
publimetro_2013-08-14_12,22,none,,basic,docling_easyocr,llama,2,0,0,0,2,0.0,0.0,0.0,0,,,,,181.397970142,1
publimetro_2013-08-14_12,22,none,,basic,docling_rapidocr,llama,2,0,0,0,2,0.0,0.0,0.0,0,,,,,109.309118451,1
publimetro_2013-08-14_12,22,none,,niblack,docling_easyocr,llama,2,0,0,0,2,0.0,0.0,0.0,0,,,,,149.744356626,1
publimetro_2013-08-14_12,22,none,,niblack,docling_rapidocr,llama,2,0,0,0,2,0.0,0.0,0.0,0,,,,,100.986711972,1
publimetro_2013-08-14_12,22,none,,none_color,docling_easyocr,llama,2,0,0,0,2,0.0,0.0,0.0,0,,,,,183.701271404,1
publimetro_2013-08-14_12,22,none,,none_color,docling_rapidocr,llama,2,0,0,0,2,0.0,0.0,0.0,0,,,,,107.428166736,1
publimetro_2013-08-14_12,22,none,,none_grayscale,docling_easyocr,llama,2,0,0,0,2,0.0,0.0,0.0,0,,,,,182.466934074,1
publimetro_2013-08-14_12,22,none,,none_grayscale,docling_rapidocr,llama,2,0,0,0,2,0.0,0.0,0.0,0,,,,,108.757642377,1
publimetro_2013-08-14_12,22,none,,otsu,docling_easyocr,llama,2,0,0,0,2,0.0,0.0,0.0,0,,,,,176.061766877,1
publimetro_2013-08-14_12,22,none,,otsu,docling_rapidocr,llama,2,0,0,0,2,0.0,0.0,0.0,0,,,,,109.726492896,1
publimetro_2013-08-14_12,23,none,,adaptive_gaussian,docling_easyocr,llama,2,0,0,0,2,0.0,0.0,0.0,0,,,,,167.932708476,1
publimetro_2013-08-14_12,23,none,,adaptive_gaussian,docling_rapidocr,llama,2,0,0,0,2,0.0,0.0,0.0,0,,,,,109.18595836,1
publimetro_2013-08-14_12,23,none,,adaptive_mean,docling_easyocr,llama,2,0,0,0,2,0.0,0.0,0.0,0,,,,,181.024110955,1
publimetro_2013-08-14_12,23,none,,adaptive_mean,docling_rapidocr,llama,2,0,0,0,2,0.0,0.0,0.0,0,,,,,105.804292602,1
publimetro_2013-08-14_12,23,none,,basic,docling_easyocr,llama,2,0,0,0,2,0.0,0.0,0.0,0,,,,,160.799492324,1
publimetro_2013-08-14_12,23,none,,basic,docling_rapidocr,llama,2,0,0,0,2,0.0,0.0,0.0,0,,,,,102.98914429,1
publimetro_2013-08-14_12,23,none,,niblack,docling_easyocr,llama,2,0,0,0,2,0.0,0.0,0.0,0,,,,,153.319632184,1
publimetro_2013-08-14_12,23,none,,niblack,docling_rapidocr,llama,2,0,0,0,2,0.0,0.0,0.0,0,,,,,99.421446216,1
publimetro_2013-08-14_12,23,none,,none_color,docling_easyocr,llama,2,0,0,0,2,0.0,0.0,0.0,0,,,,,180.779112232,1
publimetro_2013-08-14_12,23,none,,none_color,docling_rapidocr,llama,2,0,0,0,2,0.0,0.0,0.0,0,,,,,107.578143251,1
publimetro_2013-08-14_12,23,none,,none_grayscale,docling_easyocr,llama,2,0,0,0,2,0.0,0.0,0.0,0,,,,,170.306809318,1
publimetro_2013-08-14_12,23,none,,none_grayscale,docling_rapidocr,llama,2,0,0,0,2,0.0,0.0,0.0,0,,,,,110.166202676,1
publimetro_2013-08-14_12,23,none,,otsu,docling_easyocr,llama,2,0,0,0,2,0.0,0.0,0.0,0,,,,,162.349338569,1
publimetro_2013-08-14_12,23,none,,otsu,docling_rapidocr,llama,2,0,0,0,2,0.0,0.0,0.0,0,,,,,108.518074073,1
publimetro_2013-08-14_12,24,none,,adaptive_gaussian,docling_easyocr,llama,2,0,0,0,2,0.0,0.0,0.0,0,,,,,94.031486332,1
publimetro_2013-08-14_12,24,none,,adaptive_gaussian,docling_rapidocr,llama,2,0,0,0,2,0.0,0.0,0.0,0,,,,,19.418619215,1
publimetro_2013-08-14_12,24,none,,adaptive_mean,docling_easyocr,llama,2,0,0,0,2,0.0,0.0,0.0,0,,,,,81.154149706,1
publimetro_2013-08-14_12,24,none,,adaptive_mean,docling_rapidocr,llama,2,0,0,0,2,0.0,0.0,0.0,0,,,,,20.209251578,1
publimetro_2013-08-14_12,24,none,,basic,docling_easyocr,llama,2,0,0,0,2,0.0,0.0,0.0,0,,,,,82.180906988,1
publimetro_2013-08-14_12,24,none,,basic,docling_rapidocr,llama,2,0,0,0,2,0.0,0.0,0.0,0,,,,,18.594887234,1
publimetro_2013-08-14_12,24,none,,niblack,docling_easyocr,llama,2,0,0,0,2,0.0,0.0,0.0,0,,,,,64.575660713,1
publimetro_2013-08-14_12,24,none,,niblack,docling_rapidocr,llama,2,0,0,0,2,0.0,0.0,0.0,0,,,,,11.179795988,1
publimetro_2013-08-14_12,24,none,,none_color,docling_easyocr,llama,2,0,0,0,2,0.0,0.0,0.0,0,,,,,85.76899321,1
publimetro_2013-08-14_12,24,none,,none_color,docling_rapidocr,llama,2,0,0,0,2,0.0,0.0,0.0,0,,,,,20.664838623,1
publimetro_2013-08-14_12,24,none,,none_grayscale,docling_easyocr,llama,2,0,0,0,2,0.0,0.0,0.0,0,,,,,84.110747315,1
publimetro_2013-08-14_12,24,none,,none_grayscale,docling_rapidocr,llama,2,0,0,0,2,0.0,0.0,0.0,0,,,,,20.36880324,1
publimetro_2013-08-14_12,24,none,,otsu,docling_easyocr,llama,2,0,0,0,2,0.0,0.0,0.0,0,,,,,78.854678919,1
publimetro_2013-08-14_12,24,none,,otsu,docling_rapidocr,llama,2,0,0,0,2,0.0,0.0,0.0,0,,,,,20.50163274,1
publimetro_2013-08-14_12,25,none,,adaptive_gaussian,docling_easyocr,llama,2,0,0,0,2,0.0,0.0,0.0,0,,,,,91.51832885,1
publimetro_2013-08-14_12,25,none,,adaptive_gaussian,docling_rapidocr,llama,2,0,0,0,2,0.0,0.0,0.0,0,,,,,15.153136198,1
publimetro_2013-08-14_12,25,none,,adaptive_mean,docling_easyocr,llama,2,0,0,0,2,0.0,0.0,0.0,0,,,,,90.68835479,1
publimetro_2013-08-14_12,25,none,,adaptive_mean,docling_rapidocr,llama,2,0,0,0,2,0.0,0.0,0.0,0,,,,,13.276244461,1
publimetro_2013-08-14_12,25,none,,basic,docling_easyocr,llama,2,0,0,0,2,0.0,0.0,0.0,0,,,,,84.993481499,1
publimetro_2013-08-14_12,25,none,,basic,docling_rapidocr,llama,2,0,0,0,2,0.0,0.0,0.0,0,,,,,19.536652905,1
publimetro_2013-08-14_12,25,none,,niblack,docling_easyocr,llama,2,0,0,0,2,0.0,0.0,0.0,0,,,,,64.738167988,1
publimetro_2013-08-14_12,25,none,,niblack,docling_rapidocr,llama,2,0,0,0,2,0.0,0.0,0.0,0,,,,,10.658520924,1
publimetro_2013-08-14_12,25,none,,none_color,docling_easyocr,llama,2,0,0,0,2,0.0,0.0,0.0,0,,,,,86.515858917,1
publimetro_2013-08-14_12,25,none,,none_color,docling_rapidocr,llama,2,0,0,0,2,0.0,0.0,0.0,0,,,,,17.08808115,1
publimetro_2013-08-14_12,25,none,,none_grayscale,docling_easyocr,llama,2,0,0,0,2,0.0,0.0,0.0,0,,,,,84.620680838,1
publimetro_2013-08-14_12,25,none,,none_grayscale,docling_rapidocr,llama,2,0,0,0,2,0.0,0.0,0.0,0,,,,,20.800430804,1
publimetro_2013-08-14_12,25,none,,otsu,docling_easyocr,llama,2,0,0,0,2,0.0,0.0,0.0,0,,,,,84.446747238,1
publimetro_2013-08-14_12,25,none,,otsu,docling_rapidocr,llama,2,0,0,0,2,0.0,0.0,0.0,0,,,,,19.739083941,1
publimetro_2013-08-14_12,26,none,,adaptive_gaussian,docling_easyocr,llama,2,0,0,0,2,0.0,0.0,0.0,0,,,,,95.073152508,1
publimetro_2013-08-14_12,26,none,,adaptive_gaussian,docling_rapidocr,llama,2,0,0,0,2,0.0,0.0,0.0,0,,,,,17.234954323,1
publimetro_2013-08-14_12,26,none,,adaptive_mean,docling_easyocr,llama,2,0,0,0,2,0.0,0.0,0.0,0,,,,,96.059765803,1
publimetro_2013-08-14_12,26,none,,adaptive_mean,docling_rapidocr,llama,2,0,0,0,2,0.0,0.0,0.0,0,,,,,16.749774443,1
publimetro_2013-08-14_12,26,none,,basic,docling_easyocr,llama,2,0,0,0,2,0.0,0.0,0.0,0,,,,,81.469102412,1
publimetro_2013-08-14_12,26,none,,basic,docling_rapidocr,llama,2,0,0,0,2,0.0,0.0,0.0,0,,,,,15.977453022,1
publimetro_2013-08-14_12,26,none,,niblack,docling_easyocr,llama,2,0,0,0,2,0.0,0.0,0.0,0,,,,,65.240185465,1
publimetro_2013-08-14_12,26,none,,niblack,docling_rapidocr,llama,2,0,0,0,2,0.0,0.0,0.0,0,,,,,10.683058228,1
publimetro_2013-08-14_12,26,none,,none_color,docling_easyocr,llama,2,0,0,0,2,0.0,0.0,0.0,0,,,,,83.967814951,1
publimetro_2013-08-14_12,26,none,,none_color,docling_rapidocr,llama,2,0,0,0,2,0.0,0.0,0.0,0,,,,,20.53669241,1
publimetro_2013-08-14_12,26,none,,none_grayscale,docling_easyocr,llama,2,0,0,0,2,0.0,0.0,0.0,0,,,,,73.033890204,1
publimetro_2013-08-14_12,26,none,,none_grayscale,docling_rapidocr,llama,2,0,0,0,2,0.0,0.0,0.0,0,,,,,20.260243611,1
publimetro_2013-08-14_12,26,none,,otsu,docling_easyocr,llama,2,0,0,0,2,0.0,0.0,0.0,0,,,,,84.042076927,1
publimetro_2013-08-14_12,26,none,,otsu,docling_rapidocr,llama,2,0,0,0,2,0.0,0.0,0.0,0,,,,,19.878562075,1
publimetro_2013-08-14_12,27,none,,adaptive_gaussian,docling_easyocr,llama,2,0,0,0,2,0.0,0.0,0.0,0,,,,,91.904861637,1
publimetro_2013-08-14_12,27,none,,adaptive_gaussian,docling_rapidocr,llama,2,0,0,0,2,0.0,0.0,0.0,0,,,,,20.654255339,1
publimetro_2013-08-14_12,27,none,,adaptive_mean,docling_easyocr,llama,2,0,0,0,2,0.0,0.0,0.0,0,,,,,89.200539963,1
publimetro_2013-08-14_12,27,none,,adaptive_mean,docling_rapidocr,llama,2,0,0,0,2,0.0,0.0,0.0,0,,,,,19.590685742,1
publimetro_2013-08-14_12,27,none,,basic,docling_easyocr,llama,2,0,0,0,2,0.0,0.0,0.0,0,,,,,82.291727244,1
publimetro_2013-08-14_12,27,none,,basic,docling_rapidocr,llama,2,0,0,0,2,0.0,0.0,0.0,0,,,,,19.81496328,1
publimetro_2013-08-14_12,27,none,,niblack,docling_easyocr,llama,2,0,0,0,2,0.0,0.0,0.0,0,,,,,64.556211317,1
publimetro_2013-08-14_12,27,none,,niblack,docling_rapidocr,llama,2,0,0,0,2,0.0,0.0,0.0,0,,,,,10.744140709,1
publimetro_2013-08-14_12,27,none,,none_color,docling_easyocr,llama,2,0,0,0,2,0.0,0.0,0.0,0,,,,,85.116892847,1
publimetro_2013-08-14_12,27,none,,none_color,docling_rapidocr,llama,2,0,0,0,2,0.0,0.0,0.0,0,,,,,20.834729704,1
publimetro_2013-08-14_12,27,none,,none_grayscale,docling_easyocr,llama,2,0,0,0,2,0.0,0.0,0.0,0,,,,,85.383329973,1
publimetro_2013-08-14_12,27,none,,none_grayscale,docling_rapidocr,llama,2,0,0,0,2,0.0,0.0,0.0,0,,,,,18.563297854,1
publimetro_2013-08-14_12,27,none,,otsu,docling_easyocr,llama,2,0,0,0,2,0.0,0.0,0.0,0,,,,,83.410877001,1
publimetro_2013-08-14_12,27,none,,otsu,docling_rapidocr,llama,2,0,0,0,2,0.0,0.0,0.0,0,,,,,17.739606869,1
publimetro_2013-08-14_12,28,none,,adaptive_gaussian,docling_easyocr,llama,2,0,0,0,2,0.0,0.0,0.0,0,,,,,87.763567076,1
publimetro_2013-08-14_12,28,none,,adaptive_gaussian,docling_rapidocr,llama,2,0,0,0,2,0.0,0.0,0.0,0,,,,,14.067735538,1
publimetro_2013-08-14_12,28,none,,adaptive_mean,docling_easyocr,llama,2,0,0,0,2,0.0,0.0,0.0,0,,,,,89.518660122,1
publimetro_2013-08-14_12,28,none,,adaptive_mean,docling_rapidocr,llama,2,0,0,0,2,0.0,0.0,0.0,0,,,,,18.109202915,1
publimetro_2013-08-14_12,28,none,,basic,docling_easyocr,llama,2,0,0,0,2,0.0,0.0,0.0,0,,,,,84.249067402,1
publimetro_2013-08-14_12,28,none,,basic,docling_rapidocr,llama,2,0,0,0,2,0.0,0.0,0.0,0,,,,,19.091722345,1
publimetro_2013-08-14_12,28,none,,niblack,docling_easyocr,llama,2,0,0,0,2,0.0,0.0,0.0,0,,,,,60.993448736,1
publimetro_2013-08-14_12,28,none,,niblack,docling_rapidocr,llama,2,0,0,0,2,0.0,0.0,0.0,0,,,,,10.818821194,1
publimetro_2013-08-14_12,28,none,,none_color,docling_easyocr,llama,2,0,0,0,2,0.0,0.0,0.0,0,,,,,82.916018913,1
publimetro_2013-08-14_12,28,none,,none_color,docling_rapidocr,llama,2,0,0,0,2,0.0,0.0,0.0,0,,,,,16.833795021,1
publimetro_2013-08-14_12,28,none,,none_grayscale,docling_easyocr,llama,2,0,0,0,2,0.0,0.0,0.0,0,,,,,82.550806068,1
publimetro_2013-08-14_12,28,none,,none_grayscale,docling_rapidocr,llama,2,0,0,0,2,0.0,0.0,0.0,0,,,,,20.096391224,1
publimetro_2013-08-14_12,28,none,,otsu,docling_easyocr,llama,2,0,0,0,2,0.0,0.0,0.0,0,,,,,77.13982885,1
publimetro_2013-08-14_12,28,none,,otsu,docling_rapidocr,llama,2,0,0,0,2,0.0,0.0,0.0,0,,,,,17.448018719,1
publimetro_2013-08-14_12,29,none,,adaptive_gaussian,docling_easyocr,llama,2,0,0,0,2,0.0,0.0,0.0,0,,,,,91.653160915,1
publimetro_2013-08-14_12,29,none,,adaptive_gaussian,docling_rapidocr,llama,2,0,0,0,2,0.0,0.0,0.0,0,,,,,18.859916553,1
publimetro_2013-08-14_12,29,none,,adaptive_mean,docling_easyocr,llama,2,0,0,0,2,0.0,0.0,0.0,0,,,,,89.553014332,1
publimetro_2013-08-14_12,29,none,,adaptive_mean,docling_rapidocr,llama,2,0,0,0,2,0.0,0.0,0.0,0,,,,,15.824945026,1
publimetro_2013-08-14_12,29,none,,basic,docling_easyocr,llama,2,0,0,0,2,0.0,0.0,0.0,0,,,,,86.906056261,1
publimetro_2013-08-14_12,29,none,,basic,docling_rapidocr,llama,2,0,0,0,2,0.0,0.0,0.0,0,,,,,19.170552111,1
publimetro_2013-08-14_12,29,none,,niblack,docling_easyocr,llama,2,0,0,0,2,0.0,0.0,0.0,0,,,,,64.607718107,1
publimetro_2013-08-14_12,29,none,,niblack,docling_rapidocr,llama,2,0,0,0,2,0.0,0.0,0.0,0,,,,,10.772404072,1
publimetro_2013-08-14_12,29,none,,none_color,docling_easyocr,llama,2,0,0,0,2,0.0,0.0,0.0,0,,,,,82.010072016,1
publimetro_2013-08-14_12,29,none,,none_color,docling_rapidocr,llama,2,0,0,0,2,0.0,0.0,0.0,0,,,,,17.301337742,1
publimetro_2013-08-14_12,29,none,,none_grayscale,docling_easyocr,llama,2,0,0,0,2,0.0,0.0,0.0,0,,,,,82.901746296,1
publimetro_2013-08-14_12,29,none,,none_grayscale,docling_rapidocr,llama,2,0,0,0,2,0.0,0.0,0.0,0,,,,,20.187672161,1
publimetro_2013-08-14_12,29,none,,otsu,docling_easyocr,llama,2,0,0,0,2,0.0,0.0,0.0,0,,,,,74.047345091,1
publimetro_2013-08-14_12,29,none,,otsu,docling_rapidocr,llama,2,0,0,0,2,0.0,0.0,0.0,0,,,,,20.273547817,1
publimetro_2013-08-14_12,30,none,,adaptive_gaussian,docling_easyocr,llama,2,0,0,0,2,0.0,0.0,0.0,0,,,,,83.974844457,1
publimetro_2013-08-14_12,30,none,,adaptive_gaussian,docling_rapidocr,llama,2,0,0,0,2,0.0,0.0,0.0,0,,,,,18.751927378,1
publimetro_2013-08-14_12,30,none,,adaptive_mean,docling_easyocr,llama,2,0,0,0,2,0.0,0.0,0.0,0,,,,,66.320677065,1
publimetro_2013-08-14_12,30,none,,adaptive_mean,docling_rapidocr,llama,2,0,0,0,2,0.0,0.0,0.0,0,,,,,12.621984266,1
publimetro_2013-08-14_12,30,none,,basic,docling_easyocr,llama,2,0,0,0,2,0.0,0.0,0.0,0,,,,,89.047226732,1
publimetro_2013-08-14_12,30,none,,basic,docling_rapidocr,llama,2,0,0,0,2,0.0,0.0,0.0,0,,,,,17.916979616,1
publimetro_2013-08-14_12,30,none,,niblack,docling_easyocr,llama,2,0,0,0,2,0.0,0.0,0.0,0,,,,,67.938374159,1
publimetro_2013-08-14_12,30,none,,niblack,docling_rapidocr,llama,2,0,0,0,2,0.0,0.0,0.0,0,,,,,11.949637529,1
publimetro_2013-08-14_12,30,none,,none_color,docling_easyocr,llama,2,0,0,0,2,0.0,0.0,0.0,0,,,,,82.712920824,1
publimetro_2013-08-14_12,30,none,,none_color,docling_rapidocr,llama,2,0,0,0,2,0.0,0.0,0.0,0,,,,,19.754097381,1
publimetro_2013-08-14_12,30,none,,none_grayscale,docling_easyocr,llama,2,0,0,0,2,0.0,0.0,0.0,0,,,,,84.146956436,1
publimetro_2013-08-14_12,30,none,,none_grayscale,docling_rapidocr,llama,2,0,0,0,2,0.0,0.0,0.0,0,,,,,19.750827543,1
publimetro_2013-08-14_12,30,none,,otsu,docling_easyocr,llama,2,0,0,0,2,0.0,0.0,0.0,0,,,,,78.451063055,1
publimetro_2013-08-14_12,30,none,,otsu,docling_rapidocr,llama,2,0,0,0,2,0.0,0.0,0.0,0,,,,,19.270891088,1
publimetro_2013-08-14_12,31,none,,adaptive_gaussian,docling_easyocr,llama,2,0,0,0,2,0.0,0.0,0.0,0,,,,,82.000590212,1
publimetro_2013-08-14_12,31,none,,adaptive_gaussian,docling_rapidocr,llama,2,0,0,0,2,0.0,0.0,0.0,0,,,,,20.064016229,1
publimetro_2013-08-14_12,31,none,,adaptive_mean,docling_easyocr,llama,2,0,0,0,2,0.0,0.0,0.0,0,,,,,85.91572459,1
publimetro_2013-08-14_12,31,none,,adaptive_mean,docling_rapidocr,llama,2,0,0,0,2,0.0,0.0,0.0,0,,,,,18.338607147,1
publimetro_2013-08-14_12,31,none,,basic,docling_easyocr,llama,2,0,0,0,2,0.0,0.0,0.0,0,,,,,87.944141027,1
publimetro_2013-08-14_12,31,none,,basic,docling_rapidocr,llama,2,0,0,0,2,0.0,0.0,0.0,0,,,,,16.845450518,1
publimetro_2013-08-14_12,31,none,,niblack,docling_easyocr,llama,2,0,0,0,2,0.0,0.0,0.0,0,,,,,62.960715462,1
publimetro_2013-08-14_12,31,none,,niblack,docling_rapidocr,llama,2,0,0,0,2,0.0,0.0,0.0,0,,,,,11.425838638,1
publimetro_2013-08-14_12,31,none,,none_color,docling_easyocr,llama,2,0,0,0,2,0.0,0.0,0.0,0,,,,,72.420039387,1
publimetro_2013-08-14_12,31,none,,none_color,docling_rapidocr,llama,2,0,0,0,2,0.0,0.0,0.0,0,,,,,19.690697641,1
publimetro_2013-08-14_12,31,none,,none_grayscale,docling_easyocr,llama,2,0,0,0,2,0.0,0.0,0.0,0,,,,,73.862644239,1
publimetro_2013-08-14_12,31,none,,none_grayscale,docling_rapidocr,llama,2,0,0,0,2,0.0,0.0,0.0,0,,,,,18.147044702,1
publimetro_2013-08-14_12,31,none,,otsu,docling_easyocr,llama,2,0,0,0,2,0.0,0.0,0.0,0,,,,,79.426107595,1
publimetro_2013-08-14_12,31,none,,otsu,docling_rapidocr,llama,2,0,0,0,2,0.0,0.0,0.0,0,,,,,19.990435551,1
publimetro_2013-08-14_12,32,none,,adaptive_gaussian,docling_easyocr,llama,2,0,0,0,2,0.0,0.0,0.0,0,,,,,78.191607959,1
publimetro_2013-08-14_12,32,none,,adaptive_gaussian,docling_rapidocr,llama,2,0,0,0,2,0.0,0.0,0.0,0,,,,,18.83432842,1
publimetro_2013-08-14_12,32,none,,adaptive_mean,docling_easyocr,llama,2,0,0,0,2,0.0,0.0,0.0,0,,,,,66.781249551,1
publimetro_2013-08-14_12,32,none,,adaptive_mean,docling_rapidocr,llama,2,0,0,0,2,0.0,0.0,0.0,0,,,,,10.809596805,1
publimetro_2013-08-14_12,32,none,,basic,docling_easyocr,llama,2,0,0,0,2,0.0,0.0,0.0,0,,,,,68.814647433,1
publimetro_2013-08-14_12,32,none,,basic,docling_rapidocr,llama,2,0,0,0,2,0.0,0.0,0.0,0,,,,,11.709821937,1
publimetro_2013-08-14_12,32,none,,niblack,docling_easyocr,llama,2,0,0,0,2,0.0,0.0,0.0,0,,,,,65.023921393,1
publimetro_2013-08-14_12,32,none,,niblack,docling_rapidocr,llama,2,0,0,0,2,0.0,0.0,0.0,0,,,,,11.975734138,1
publimetro_2013-08-14_12,32,none,,none_color,docling_easyocr,llama,2,0,0,0,2,0.0,0.0,0.0,0,,,,,84.351618215,1
publimetro_2013-08-14_12,32,none,,none_color,docling_rapidocr,llama,2,0,0,0,2,0.0,0.0,0.0,0,,,,,17.87438695,1
publimetro_2013-08-14_12,32,none,,none_grayscale,docling_easyocr,llama,2,0,0,0,2,0.0,0.0,0.0,0,,,,,83.395536347,1
publimetro_2013-08-14_12,32,none,,none_grayscale,docling_rapidocr,llama,2,0,0,0,2,0.0,0.0,0.0,0,,,,,20.016090556,1
publimetro_2013-08-14_12,32,none,,otsu,docling_easyocr,llama,2,0,0,0,2,0.0,0.0,0.0,0,,,,,85.097017596,1
publimetro_2013-08-14_12,32,none,,otsu,docling_rapidocr,llama,2,0,0,0,2,0.0,0.0,0.0,0,,,,,17.680831025,1
publimetro_2013-08-14_12,33,none,,adaptive_gaussian,docling_easyocr,llama,2,0,0,0,2,0.0,0.0,0.0,0,,,,,90.591116311,1
publimetro_2013-08-14_12,33,none,,adaptive_gaussian,docling_rapidocr,llama,2,0,0,0,2,0.0,0.0,0.0,0,,,,,16.259868266,1
publimetro_2013-08-14_12,33,none,,adaptive_mean,docling_easyocr,llama,2,0,0,0,2,0.0,0.0,0.0,0,,,,,86.292129586,1
publimetro_2013-08-14_12,33,none,,adaptive_mean,docling_rapidocr,llama,2,0,0,0,2,0.0,0.0,0.0,0,,,,,15.111498187,1
publimetro_2013-08-14_12,33,none,,basic,docling_easyocr,llama,2,0,0,0,2,0.0,0.0,0.0,0,,,,,91.062633626,1
publimetro_2013-08-14_12,33,none,,basic,docling_rapidocr,llama,2,0,0,0,2,0.0,0.0,0.0,0,,,,,20.210412852,1
publimetro_2013-08-14_12,33,none,,niblack,docling_easyocr,llama,2,0,0,0,2,0.0,0.0,0.0,0,,,,,64.00143196,1
publimetro_2013-08-14_12,33,none,,niblack,docling_rapidocr,llama,2,0,0,0,2,0.0,0.0,0.0,0,,,,,10.49429037,1
publimetro_2013-08-14_12,33,none,,none_color,docling_easyocr,llama,2,0,0,0,2,0.0,0.0,0.0,0,,,,,73.790047135,1
publimetro_2013-08-14_12,33,none,,none_color,docling_rapidocr,llama,2,0,0,0,2,0.0,0.0,0.0,0,,,,,17.530229297,1
publimetro_2013-08-14_12,33,none,,none_grayscale,docling_easyocr,llama,2,0,0,0,2,0.0,0.0,0.0,0,,,,,72.451946536,1
publimetro_2013-08-14_12,33,none,,none_grayscale,docling_rapidocr,llama,2,0,0,0,2,0.0,0.0,0.0,0,,,,,18.194934884,1
publimetro_2013-08-14_12,33,none,,otsu,docling_easyocr,llama,2,0,0,0,2,0.0,0.0,0.0,0,,,,,82.846068566,1
publimetro_2013-08-14_12,33,none,,otsu,docling_rapidocr,llama,2,0,0,0,2,0.0,0.0,0.0,0,,,,,19.752383655,1
publimetro_2013-08-14_12,34,none,,adaptive_gaussian,docling_easyocr,llama,2,0,0,0,2,0.0,0.0,0.0,0,,,,,91.283869418,1
publimetro_2013-08-14_12,34,none,,adaptive_gaussian,docling_rapidocr,llama,2,0,0,0,2,0.0,0.0,0.0,0,,,,,18.798107776,1
publimetro_2013-08-14_12,34,none,,adaptive_mean,docling_easyocr,llama,2,0,0,0,2,0.0,0.0,0.0,0,,,,,77.981529025,1
publimetro_2013-08-14_12,34,none,,adaptive_mean,docling_rapidocr,llama,2,0,0,0,2,0.0,0.0,0.0,0,,,,,18.550339965,1
publimetro_2013-08-14_12,34,none,,basic,docling_easyocr,llama,2,0,0,0,2,0.0,0.0,0.0,0,,,,,228.361244033,1
publimetro_2013-08-14_12,34,none,,basic,docling_rapidocr,llama,2,0,0,0,2,0.0,0.0,0.0,0,,,,,175.670517991,1
publimetro_2013-08-14_12,34,none,,niblack,docling_easyocr,llama,2,0,0,0,2,0.0,0.0,0.0,0,,,,,64.631961778,1
publimetro_2013-08-14_12,34,none,,niblack,docling_rapidocr,llama,2,0,0,0,2,0.0,0.0,0.0,0,,,,,10.577488378,1
publimetro_2013-08-14_12,34,none,,none_color,docling_easyocr,llama,2,0,0,0,2,0.0,0.0,0.0,0,,,,,84.652239009,1
publimetro_2013-08-14_12,34,none,,none_color,docling_rapidocr,llama,2,0,0,0,2,0.0,0.0,0.0,0,,,,,17.191959306,1
publimetro_2013-08-14_12,34,none,,none_grayscale,docling_easyocr,llama,2,0,0,0,2,0.0,0.0,0.0,0,,,,,84.130290029,1
publimetro_2013-08-14_12,34,none,,none_grayscale,docling_rapidocr,llama,2,0,0,0,2,0.0,0.0,0.0,0,,,,,17.255245444,1
publimetro_2013-08-14_12,34,none,,otsu,docling_easyocr,llama,2,0,0,0,2,0.0,0.0,0.0,0,,,,,83.593370341,1
publimetro_2013-08-14_12,34,none,,otsu,docling_rapidocr,llama,2,0,0,0,2,0.0,0.0,0.0,0,,,,,19.658666991,1
publimetro_2013-08-14_12,35,none,,adaptive_gaussian,docling_easyocr,llama,2,0,0,0,2,0.0,0.0,0.0,0,,,,,89.622490724,1
publimetro_2013-08-14_12,35,none,,adaptive_gaussian,docling_rapidocr,llama,2,0,0,0,2,0.0,0.0,0.0,0,,,,,18.846759875,1
publimetro_2013-08-14_12,35,none,,adaptive_mean,docling_easyocr,llama,2,0,0,0,2,0.0,0.0,0.0,0,,,,,83.855076102,1
publimetro_2013-08-14_12,35,none,,adaptive_mean,docling_rapidocr,llama,2,0,0,0,2,0.0,0.0,0.0,0,,,,,13.303668527,1
publimetro_2013-08-14_12,35,none,,basic,docling_easyocr,llama,2,0,0,0,2,0.0,0.0,0.0,0,,,,,84.710706065,1
publimetro_2013-08-14_12,35,none,,basic,docling_rapidocr,llama,2,0,0,0,2,0.0,0.0,0.0,0,,,,,18.922336886,1
publimetro_2013-08-14_12,35,none,,niblack,docling_easyocr,llama,2,0,0,0,2,0.0,0.0,0.0,0,,,,,55.428633086,1
publimetro_2013-08-14_12,35,none,,niblack,docling_rapidocr,llama,2,0,0,0,2,0.0,0.0,0.0,0,,,,,10.870642774,1
publimetro_2013-08-14_12,35,none,,none_color,docling_easyocr,llama,2,0,0,0,2,0.0,0.0,0.0,0,,,,,83.322064158,1
publimetro_2013-08-14_12,35,none,,none_color,docling_rapidocr,llama,2,0,0,0,2,0.0,0.0,0.0,0,,,,,20.26181483,1
publimetro_2013-08-14_12,35,none,,none_grayscale,docling_easyocr,llama,2,0,0,0,2,0.0,0.0,0.0,0,,,,,84.896455047,1
publimetro_2013-08-14_12,35,none,,none_grayscale,docling_rapidocr,llama,2,0,0,0,2,0.0,0.0,0.0,0,,,,,19.750920531,1
publimetro_2013-08-14_12,35,none,,otsu,docling_easyocr,llama,2,0,0,0,2,0.0,0.0,0.0,0,,,,,83.37438383,1
publimetro_2013-08-14_12,35,none,,otsu,docling_rapidocr,llama,2,0,0,0,2,0.0,0.0,0.0,0,,,,,18.248355054,1
publimetro_2013-08-14_12,36,none,,adaptive_gaussian,docling_easyocr,llama,2,0,0,0,2,0.0,0.0,0.0,0,,,,,91.463801394,1
publimetro_2013-08-14_12,36,none,,adaptive_gaussian,docling_rapidocr,llama,2,0,0,0,2,0.0,0.0,0.0,0,,,,,18.91555215,1
publimetro_2013-08-14_12,36,none,,adaptive_mean,docling_easyocr,llama,2,0,0,0,2,0.0,0.0,0.0,0,,,,,88.976048739,1
publimetro_2013-08-14_12,36,none,,adaptive_mean,docling_rapidocr,llama,2,0,0,0,2,0.0,0.0,0.0,0,,,,,18.416416676,1
publimetro_2013-08-14_12,36,none,,basic,docling_easyocr,llama,2,0,0,0,2,0.0,0.0,0.0,0,,,,,89.973688199,1
publimetro_2013-08-14_12,36,none,,basic,docling_rapidocr,llama,2,0,0,0,2,0.0,0.0,0.0,0,,,,,19.666683747,1
publimetro_2013-08-14_12,36,none,,niblack,docling_easyocr,llama,2,0,0,0,2,0.0,0.0,0.0,0,,,,,63.825025922,1
publimetro_2013-08-14_12,36,none,,niblack,docling_rapidocr,llama,2,0,0,0,2,0.0,0.0,0.0,0,,,,,10.927386409,1
publimetro_2013-08-14_12,36,none,,none_color,docling_easyocr,llama,2,0,0,0,2,0.0,0.0,0.0,0,,,,,85.36659162,1
publimetro_2013-08-14_12,36,none,,none_color,docling_rapidocr,llama,2,0,0,0,2,0.0,0.0,0.0,0,,,,,20.083056378,1
publimetro_2013-08-14_12,36,none,,none_grayscale,docling_easyocr,llama,2,0,0,0,2,0.0,0.0,0.0,0,,,,,87.684289456,1
publimetro_2013-08-14_12,36,none,,none_grayscale,docling_rapidocr,llama,2,0,0,0,2,0.0,0.0,0.0,0,,,,,19.262856007,1
publimetro_2013-08-14_12,36,none,,otsu,docling_easyocr,llama,2,0,0,0,2,0.0,0.0,0.0,0,,,,,86.771809485,1
publimetro_2013-08-14_12,36,none,,otsu,docling_rapidocr,llama,2,0,0,0,2,0.0,0.0,0.0,0,,,,,19.123853829,1
publimetro_2013-08-14_12,37,none,,adaptive_gaussian,docling_easyocr,llama,2,0,0,0,2,0.0,0.0,0.0,0,,,,,89.074256938,1
publimetro_2013-08-14_12,37,none,,adaptive_gaussian,docling_rapidocr,llama,2,0,0,0,2,0.0,0.0,0.0,0,,,,,15.988013547,1
publimetro_2013-08-14_12,37,none,,adaptive_mean,docling_easyocr,llama,2,0,0,0,2,0.0,0.0,0.0,0,,,,,79.56560365,1
publimetro_2013-08-14_12,37,none,,adaptive_mean,docling_rapidocr,llama,2,0,0,0,2,0.0,0.0,0.0,0,,,,,18.358292496,1
publimetro_2013-08-14_12,37,none,,basic,docling_easyocr,llama,2,0,0,0,2,0.0,0.0,0.0,0,,,,,76.141453702,1
publimetro_2013-08-14_12,37,none,,basic,docling_rapidocr,llama,2,0,0,0,2,0.0,0.0,0.0,0,,,,,18.216584641,1
publimetro_2013-08-14_12,37,none,,niblack,docling_easyocr,llama,2,0,0,0,2,0.0,0.0,0.0,0,,,,,63.074807084,1
publimetro_2013-08-14_12,37,none,,niblack,docling_rapidocr,llama,2,0,0,0,2,0.0,0.0,0.0,0,,,,,10.906645453,1
publimetro_2013-08-14_12,37,none,,none_color,docling_easyocr,llama,2,0,0,0,2,0.0,0.0,0.0,0,,,,,85.01108945,1
publimetro_2013-08-14_12,37,none,,none_color,docling_rapidocr,llama,2,0,0,0,2,0.0,0.0,0.0,0,,,,,20.845981723,1
publimetro_2013-08-14_12,37,none,,none_grayscale,docling_easyocr,llama,2,0,0,0,2,0.0,0.0,0.0,0,,,,,84.989207227,1
publimetro_2013-08-14_12,37,none,,none_grayscale,docling_rapidocr,llama,2,0,0,0,2,0.0,0.0,0.0,0,,,,,20.516675908,1
publimetro_2013-08-14_12,37,none,,otsu,docling_easyocr,llama,2,0,0,0,2,0.0,0.0,0.0,0,,,,,84.899452718,1
publimetro_2013-08-14_12,37,none,,otsu,docling_rapidocr,llama,2,0,0,0,2,0.0,0.0,0.0,0,,,,,16.868439706,1
publimetro_2013-08-14_12,38,none,,adaptive_gaussian,docling_easyocr,llama,2,0,0,0,2,0.0,0.0,0.0,0,,,,,79.140377251,1
publimetro_2013-08-14_12,38,none,,adaptive_gaussian,docling_rapidocr,llama,2,0,0,0,2,0.0,0.0,0.0,0,,,,,18.691346614,1
publimetro_2013-08-14_12,38,none,,adaptive_mean,docling_easyocr,llama,2,0,0,0,2,0.0,0.0,0.0,0,,,,,88.022831118,1
publimetro_2013-08-14_12,38,none,,adaptive_mean,docling_rapidocr,llama,2,0,0,0,2,0.0,0.0,0.0,0,,,,,18.356275952,1
publimetro_2013-08-14_12,38,none,,basic,docling_easyocr,llama,2,0,0,0,2,0.0,0.0,0.0,0,,,,,61.842301804,1
publimetro_2013-08-14_12,38,none,,basic,docling_rapidocr,llama,2,0,0,0,2,0.0,0.0,0.0,0,,,,,11.77610727,1
publimetro_2013-08-14_12,38,none,,niblack,docling_easyocr,llama,2,0,0,0,2,0.0,0.0,0.0,0,,,,,58.607233577,1
publimetro_2013-08-14_12,38,none,,niblack,docling_rapidocr,llama,2,0,0,0,2,0.0,0.0,0.0,0,,,,,11.194011264,1
publimetro_2013-08-14_12,38,none,,none_color,docling_easyocr,llama,2,0,0,0,2,0.0,0.0,0.0,0,,,,,75.904532557,1
publimetro_2013-08-14_12,38,none,,none_color,docling_rapidocr,llama,2,0,0,0,2,0.0,0.0,0.0,0,,,,,19.594932204,1
publimetro_2013-08-14_12,38,none,,none_grayscale,docling_easyocr,llama,2,0,0,0,2,0.0,0.0,0.0,0,,,,,85.301589137,1
publimetro_2013-08-14_12,38,none,,none_grayscale,docling_rapidocr,llama,2,0,0,0,2,0.0,0.0,0.0,0,,,,,19.832986241,1
publimetro_2013-08-14_12,38,none,,otsu,docling_easyocr,llama,2,0,0,0,2,0.0,0.0,0.0,0,,,,,90.75358537,1
publimetro_2013-08-14_12,38,none,,otsu,docling_rapidocr,llama,2,0,0,0,2,0.0,0.0,0.0,0,,,,,16.529711516,1
publimetro_2013-08-14_12,39,none,,adaptive_gaussian,docling_easyocr,llama,2,0,0,0,2,0.0,0.0,0.0,0,,,,,124.796041505,1
publimetro_2013-08-14_12,39,none,,adaptive_gaussian,docling_rapidocr,llama,2,0,0,0,2,0.0,0.0,0.0,0,,,,,51.448761002,1
publimetro_2013-08-14_12,39,none,,adaptive_mean,docling_easyocr,llama,2,0,0,0,2,0.0,0.0,0.0,0,,,,,122.382627141,1
publimetro_2013-08-14_12,39,none,,adaptive_mean,docling_rapidocr,llama,2,0,0,0,2,0.0,0.0,0.0,0,,,,,50.490341317,1
publimetro_2013-08-14_12,39,none,,basic,docling_easyocr,llama,2,0,0,0,2,0.0,0.0,0.0,0,,,,,115.312608891,1
publimetro_2013-08-14_12,39,none,,basic,docling_rapidocr,llama,2,0,0,0,2,0.0,0.0,0.0,0,,,,,49.254927092,1
publimetro_2013-08-14_12,39,none,,niblack,docling_easyocr,llama,2,0,0,0,2,0.0,0.0,0.0,0,,,,,95.278403268,1
publimetro_2013-08-14_12,39,none,,niblack,docling_rapidocr,llama,2,0,0,0,2,0.0,0.0,0.0,0,,,,,42.875853047,1
publimetro_2013-08-14_12,39,none,,none_color,docling_easyocr,llama,2,0,0,0,2,0.0,0.0,0.0,0,,,,,116.410105733,1
publimetro_2013-08-14_12,39,none,,none_color,docling_rapidocr,llama,2,0,0,0,2,0.0,0.0,0.0,0,,,,,51.504945067,1
publimetro_2013-08-14_12,39,none,,none_grayscale,docling_easyocr,llama,2,0,0,0,2,0.0,0.0,0.0,0,,,,,115.884961943,1
publimetro_2013-08-14_12,39,none,,none_grayscale,docling_rapidocr,llama,2,0,0,0,2,0.0,0.0,0.0,0,,,,,52.164515118,1
publimetro_2013-08-14_12,39,none,,otsu,docling_easyocr,llama,2,0,0,0,2,0.0,0.0,0.0,0,,,,,104.932188756,1
publimetro_2013-08-14_12,39,none,,otsu,docling_rapidocr,llama,2,0,0,0,2,0.0,0.0,0.0,0,,,,,50.597361333,1
publimetro_2013-08-14_12,40,none,,adaptive_gaussian,docling_easyocr,llama,2,0,0,0,2,0.0,0.0,0.0,0,,,,,104.818236585,1
publimetro_2013-08-14_12,40,none,,adaptive_gaussian,docling_rapidocr,llama,2,0,0,0,2,0.0,0.0,0.0,0,,,,,45.811553235,1
publimetro_2013-08-14_12,40,none,,adaptive_mean,docling_easyocr,llama,2,0,0,0,2,0.0,0.0,0.0,0,,,,,120.636933675,1
publimetro_2013-08-14_12,40,none,,adaptive_mean,docling_rapidocr,llama,2,0,0,0,2,0.0,0.0,0.0,0,,,,,49.177378764,1
publimetro_2013-08-14_12,40,none,,basic,docling_easyocr,llama,2,0,0,0,2,0.0,0.0,0.0,0,,,,,106.917425546,1
publimetro_2013-08-14_12,40,none,,basic,docling_rapidocr,llama,2,0,0,0,2,0.0,0.0,0.0,0,,,,,50.978741798,1
publimetro_2013-08-14_12,40,none,,niblack,docling_easyocr,llama,2,0,0,0,2,0.0,0.0,0.0,0,,,,,89.017676557,1
publimetro_2013-08-14_12,40,none,,niblack,docling_rapidocr,llama,2,0,0,0,2,0.0,0.0,0.0,0,,,,,42.956129993,1
publimetro_2013-08-14_12,40,none,,none_color,docling_easyocr,llama,2,0,0,0,2,0.0,0.0,0.0,0,,,,,107.29200793,1
publimetro_2013-08-14_12,40,none,,none_color,docling_rapidocr,llama,2,0,0,0,2,0.0,0.0,0.0,0,,,,,51.49035526,1
publimetro_2013-08-14_12,40,none,,none_grayscale,docling_easyocr,llama,2,0,0,0,2,0.0,0.0,0.0,0,,,,,115.174188693,1
publimetro_2013-08-14_12,40,none,,none_grayscale,docling_rapidocr,llama,2,0,0,0,2,0.0,0.0,0.0,0,,,,,50.385165056,1
publimetro_2013-08-14_12,40,none,,otsu,docling_easyocr,llama,2,0,0,0,2,0.0,0.0,0.0,0,,,,,103.395766483,1
publimetro_2013-08-14_12,40,none,,otsu,docling_rapidocr,llama,2,0,0,0,2,0.0,0.0,0.0,0,,,,,48.950619445,1
publimetro_2013-08-14_12,41,none,,adaptive_gaussian,docling_easyocr,llama,2,0,0,0,2,0.0,0.0,0.0,0,,,,,123.576549619,1
publimetro_2013-08-14_12,41,none,,adaptive_gaussian,docling_rapidocr,llama,2,0,0,0,2,0.0,0.0,0.0,0,,,,,49.864289373,1
publimetro_2013-08-14_12,41,none,,adaptive_mean,docling_easyocr,llama,2,0,0,0,2,0.0,0.0,0.0,0,,,,,120.913110771,1
publimetro_2013-08-14_12,41,none,,adaptive_mean,docling_rapidocr,llama,2,0,0,0,2,0.0,0.0,0.0,0,,,,,48.562345065,1
publimetro_2013-08-14_12,41,none,,basic,docling_easyocr,llama,2,0,0,0,2,0.0,0.0,0.0,0,,,,,119.6460584,1
publimetro_2013-08-14_12,41,none,,basic,docling_rapidocr,llama,2,0,0,0,2,0.0,0.0,0.0,0,,,,,47.995228847,1
publimetro_2013-08-14_12,41,none,,niblack,docling_easyocr,llama,2,0,0,0,2,0.0,0.0,0.0,0,,,,,96.595512573,1
publimetro_2013-08-14_12,41,none,,niblack,docling_rapidocr,llama,2,0,0,0,2,0.0,0.0,0.0,0,,,,,43.0227446,1
publimetro_2013-08-14_12,41,none,,none_color,docling_easyocr,llama,2,0,0,0,2,0.0,0.0,0.0,0,,,,,114.992119081,1
publimetro_2013-08-14_12,41,none,,none_color,docling_rapidocr,llama,2,0,0,0,2,0.0,0.0,0.0,0,,,,,51.989054687,1
publimetro_2013-08-14_12,41,none,,none_grayscale,docling_easyocr,llama,2,0,0,0,2,0.0,0.0,0.0,0,,,,,111.542197711,1
publimetro_2013-08-14_12,41,none,,none_grayscale,docling_rapidocr,llama,2,0,0,0,2,0.0,0.0,0.0,0,,,,,49.082172401,1
publimetro_2013-08-14_12,41,none,,otsu,docling_easyocr,llama,2,0,0,0,2,0.0,0.0,0.0,0,,,,,113.470472011,1
publimetro_2013-08-14_12,41,none,,otsu,docling_rapidocr,llama,2,0,0,0,2,0.0,0.0,0.0,0,,,,,52.269929561,1
publimetro_2013-08-14_12,42,none,,adaptive_gaussian,docling_easyocr,llama,2,0,0,0,2,0.0,0.0,0.0,0,,,,,71.667391387,1
publimetro_2013-08-14_12,42,none,,adaptive_gaussian,docling_rapidocr,llama,2,0,0,0,2,0.0,0.0,0.0,0,,,,,9.973594753,1
publimetro_2013-08-14_12,42,none,,adaptive_mean,docling_easyocr,llama,2,0,0,0,2,0.0,0.0,0.0,0,,,,,82.464089668,1
publimetro_2013-08-14_12,42,none,,adaptive_mean,docling_rapidocr,llama,2,0,0,0,2,0.0,0.0,0.0,0,,,,,11.060648715,1
publimetro_2013-08-14_12,42,none,,basic,docling_easyocr,llama,2,0,0,0,2,0.0,0.0,0.0,0,,,,,82.780972797,1
publimetro_2013-08-14_12,42,none,,basic,docling_rapidocr,llama,2,0,0,0,2,0.0,0.0,0.0,0,,,,,14.79011305,1
publimetro_2013-08-14_12,42,none,,niblack,docling_easyocr,llama,2,0,0,0,2,0.0,0.0,0.0,0,,,,,61.679189428,1
publimetro_2013-08-14_12,42,none,,niblack,docling_rapidocr,llama,2,0,0,0,2,0.0,0.0,0.0,0,,,,,9.165344222,1
publimetro_2013-08-14_12,42,none,,none_color,docling_easyocr,llama,2,0,0,0,2,0.0,0.0,0.0,0,,,,,84.922188453,1
publimetro_2013-08-14_12,42,none,,none_color,docling_rapidocr,llama,2,0,0,0,2,0.0,0.0,0.0,0,,,,,20.396661214,1
publimetro_2013-08-14_12,42,none,,none_grayscale,docling_easyocr,llama,2,0,0,0,2,0.0,0.0,0.0,0,,,,,84.884989982,1
publimetro_2013-08-14_12,42,none,,none_grayscale,docling_rapidocr,llama,2,0,0,0,2,0.0,0.0,0.0,0,,,,,18.04204989,1
publimetro_2013-08-14_12,42,none,,otsu,docling_easyocr,llama,2,0,0,0,2,0.0,0.0,0.0,0,,,,,87.905223043,1
publimetro_2013-08-14_12,42,none,,otsu,docling_rapidocr,llama,2,0,0,0,2,0.0,0.0,0.0,0,,,,,16.583035858,1
publimetro_2013-08-14_12,43,none,,adaptive_gaussian,docling_easyocr,llama,2,0,0,0,2,0.0,0.0,0.0,0,,,,,70.273182914,1
publimetro_2013-08-14_12,43,none,,adaptive_gaussian,docling_rapidocr,llama,2,0,0,0,2,0.0,0.0,0.0,0,,,,,9.644738004,1
publimetro_2013-08-14_12,43,none,,adaptive_mean,docling_easyocr,llama,2,0,0,0,2,0.0,0.0,0.0,0,,,,,69.632713312,1
publimetro_2013-08-14_12,43,none,,adaptive_mean,docling_rapidocr,llama,2,0,0,0,2,0.0,0.0,0.0,0,,,,,10.933289045,1
publimetro_2013-08-14_12,43,none,,basic,docling_easyocr,llama,2,0,0,0,2,0.0,0.0,0.0,0,,,,,78.9274495,1
publimetro_2013-08-14_12,43,none,,basic,docling_rapidocr,llama,2,0,0,0,2,0.0,0.0,0.0,0,,,,,16.492868459,1
publimetro_2013-08-14_12,43,none,,niblack,docling_easyocr,llama,2,0,0,0,2,0.0,0.0,0.0,0,,,,,62.314031999,1
publimetro_2013-08-14_12,43,none,,niblack,docling_rapidocr,llama,2,0,0,0,2,0.0,0.0,0.0,0,,,,,11.267504852,1
publimetro_2013-08-14_12,43,none,,none_color,docling_easyocr,llama,2,0,0,0,2,0.0,0.0,0.0,0,,,,,79.63320745,1
publimetro_2013-08-14_12,43,none,,none_color,docling_rapidocr,llama,2,0,0,0,2,0.0,0.0,0.0,0,,,,,17.645121227,1
publimetro_2013-08-14_12,43,none,,none_grayscale,docling_easyocr,llama,2,0,0,0,2,0.0,0.0,0.0,0,,,,,82.403333627,1
publimetro_2013-08-14_12,43,none,,none_grayscale,docling_rapidocr,llama,2,0,0,0,2,0.0,0.0,0.0,0,,,,,19.055201494,1
publimetro_2013-08-14_12,43,none,,otsu,docling_easyocr,llama,2,0,0,0,2,0.0,0.0,0.0,0,,,,,87.802747596,1
publimetro_2013-08-14_12,43,none,,otsu,docling_rapidocr,llama,2,0,0,0,2,0.0,0.0,0.0,0,,,,,16.53938042,1
publimetro_2013-08-14_12,44,none,,adaptive_gaussian,docling_easyocr,llama,2,0,0,0,2,0.0,0.0,0.0,0,,,,,81.501065161,1
publimetro_2013-08-14_12,44,none,,adaptive_gaussian,docling_rapidocr,llama,2,0,0,0,2,0.0,0.0,0.0,0,,,,,10.576350834,1
publimetro_2013-08-14_12,44,none,,adaptive_mean,docling_easyocr,llama,2,0,0,0,2,0.0,0.0,0.0,0,,,,,84.534467863,1
publimetro_2013-08-14_12,44,none,,adaptive_mean,docling_rapidocr,llama,2,0,0,0,2,0.0,0.0,0.0,0,,,,,10.788795637,1
publimetro_2013-08-14_12,44,none,,basic,docling_easyocr,llama,2,0,0,0,2,0.0,0.0,0.0,0,,,,,84.209522217,1
publimetro_2013-08-14_12,44,none,,basic,docling_rapidocr,llama,2,0,0,0,2,0.0,0.0,0.0,0,,,,,17.252772301,1
publimetro_2013-08-14_12,44,none,,niblack,docling_easyocr,llama,2,0,0,0,2,0.0,0.0,0.0,0,,,,,63.135437292,1
publimetro_2013-08-14_12,44,none,,niblack,docling_rapidocr,llama,2,0,0,0,2,0.0,0.0,0.0,0,,,,,10.208410067,1
publimetro_2013-08-14_12,44,none,,none_color,docling_easyocr,llama,2,0,0,0,2,0.0,0.0,0.0,0,,,,,85.405153172,1
publimetro_2013-08-14_12,44,none,,none_color,docling_rapidocr,llama,2,0,0,0,2,0.0,0.0,0.0,0,,,,,19.450294153,1
publimetro_2013-08-14_12,44,none,,none_grayscale,docling_easyocr,llama,2,0,0,0,2,0.0,0.0,0.0,0,,,,,86.424490349,1
publimetro_2013-08-14_12,44,none,,none_grayscale,docling_rapidocr,llama,2,0,0,0,2,0.0,0.0,0.0,0,,,,,20.024099485,1
publimetro_2013-08-14_12,44,none,,otsu,docling_easyocr,llama,2,0,0,0,2,0.0,0.0,0.0,0,,,,,88.748902601,1
publimetro_2013-08-14_12,44,none,,otsu,docling_rapidocr,llama,2,0,0,0,2,0.0,0.0,0.0,0,,,,,17.930271667,1
publimetro_2013-08-14_12,45,none,,adaptive_gaussian,docling_easyocr,llama,2,0,0,0,2,0.0,0.0,0.0,0,,,,,58.09293899,1
publimetro_2013-08-14_12,45,none,,adaptive_gaussian,docling_rapidocr,llama,2,0,0,0,2,0.0,0.0,0.0,0,,,,,11.006351799,1
publimetro_2013-08-14_12,45,none,,adaptive_mean,docling_easyocr,llama,2,0,0,0,2,0.0,0.0,0.0,0,,,,,62.881973066,1
publimetro_2013-08-14_12,45,none,,adaptive_mean,docling_rapidocr,llama,2,0,0,0,2,0.0,0.0,0.0,0,,,,,11.369737425,1
publimetro_2013-08-14_12,45,none,,basic,docling_easyocr,llama,2,0,0,0,2,0.0,0.0,0.0,0,,,,,62.479186377,1
publimetro_2013-08-14_12,45,none,,basic,docling_rapidocr,llama,2,0,0,0,2,0.0,0.0,0.0,0,,,,,11.701962313,1
publimetro_2013-08-14_12,45,none,,niblack,docling_easyocr,llama,2,0,0,0,2,0.0,0.0,0.0,0,,,,,63.543778406,1
publimetro_2013-08-14_12,45,none,,none_color,docling_easyocr,llama,2,0,0,0,2,0.0,0.0,0.0,0,,,,,64.303802021,1
publimetro_2013-08-14_12,45,none,,none_grayscale,docling_easyocr,llama,2,0,0,0,2,0.0,0.0,0.0,0,,,,,56.862735279,1
publimetro_2013-08-14_12,45,none,,otsu,docling_easyocr,llama,2,0,0,0,2,0.0,0.0,0.0,0,,,,,62.807863626,1
publimetro_2013-08-14_12,45,none,,otsu,docling_rapidocr,llama,2,0,0,0,2,0.0,0.0,0.0,0,,,,,10.883153114,1
publimetro_2013-08-14_12,45,none,,yannihorne,docling_easyocr,llama,2,0,0,0,2,0.0,0.0,0.0,0,,,,,55.184255037,1
publimetro_2013-08-14_12,46,none,,adaptive_gaussian,docling_easyocr,llama,2,0,0,0,2,0.0,0.0,0.0,0,,,,,56.088284271,1
publimetro_2013-08-14_12,46,none,,adaptive_gaussian,docling_rapidocr,llama,2,0,0,0,2,0.0,0.0,0.0,0,,,,,10.812055605,1
publimetro_2013-08-14_12,46,none,,adaptive_mean,docling_easyocr,llama,2,0,0,0,2,0.0,0.0,0.0,0,,,,,62.884837355,1
publimetro_2013-08-14_12,46,none,,adaptive_mean,docling_rapidocr,llama,2,0,0,0,2,0.0,0.0,0.0,0,,,,,11.198990072,1
publimetro_2013-08-14_12,46,none,,basic,docling_easyocr,llama,2,0,0,0,2,0.0,0.0,0.0,0,,,,,63.016939409,1
publimetro_2013-08-14_12,46,none,,basic,docling_rapidocr,llama,2,0,0,0,2,0.0,0.0,0.0,0,,,,,11.208483465,1
publimetro_2013-08-14_12,46,none,,niblack,docling_easyocr,llama,2,0,0,0,2,0.0,0.0,0.0,0,,,,,58.033804497,1
publimetro_2013-08-14_12,46,none,,none_color,docling_easyocr,llama,2,0,0,0,2,0.0,0.0,0.0,0,,,,,63.892709263,1
publimetro_2013-08-14_12,46,none,,none_grayscale,docling_easyocr,llama,2,0,0,0,2,0.0,0.0,0.0,0,,,,,64.356263573,1
publimetro_2013-08-14_12,46,none,,otsu,docling_easyocr,llama,2,0,0,0,2,0.0,0.0,0.0,0,,,,,56.702970823,1
publimetro_2013-08-14_12,46,none,,otsu,docling_rapidocr,llama,2,0,0,0,2,0.0,0.0,0.0,0,,,,,11.086648783,1
publimetro_2013-08-14_12,46,none,,yannihorne,docling_easyocr,llama,2,0,0,0,2,0.0,0.0,0.0,0,,,,,56.788709005,1
publimetro_2013-08-14_12,47,none,,adaptive_gaussian,docling_easyocr,llama,2,0,0,0,2,0.0,0.0,0.0,0,,,,,62.033836506,1
publimetro_2013-08-14_12,47,none,,adaptive_gaussian,docling_rapidocr,llama,2,0,0,0,2,0.0,0.0,0.0,0,,,,,11.067624233,1
publimetro_2013-08-14_12,47,none,,adaptive_mean,docling_easyocr,llama,2,0,0,0,2,0.0,0.0,0.0,0,,,,,62.731674688,1
publimetro_2013-08-14_12,47,none,,adaptive_mean,docling_rapidocr,llama,2,0,0,0,2,0.0,0.0,0.0,0,,,,,10.614998835,1
publimetro_2013-08-14_12,47,none,,basic,docling_easyocr,llama,2,0,0,0,2,0.0,0.0,0.0,0,,,,,63.422534286,1
publimetro_2013-08-14_12,47,none,,basic,docling_rapidocr,llama,2,0,0,0,2,0.0,0.0,0.0,0,,,,,10.929571926,1
publimetro_2013-08-14_12,47,none,,niblack,docling_easyocr,llama,2,0,0,0,2,0.0,0.0,0.0,0,,,,,63.599267448,1
publimetro_2013-08-14_12,47,none,,none_color,docling_easyocr,llama,2,0,0,0,2,0.0,0.0,0.0,0,,,,,65.363368021,1
publimetro_2013-08-14_12,47,none,,none_grayscale,docling_easyocr,llama,2,0,0,0,2,0.0,0.0,0.0,0,,,,,64.592182861,1
publimetro_2013-08-14_12,47,none,,otsu,docling_easyocr,llama,2,0,0,0,2,0.0,0.0,0.0,0,,,,,63.117408407,1
publimetro_2013-08-14_12,47,none,,otsu,docling_rapidocr,llama,2,0,0,0,2,0.0,0.0,0.0,0,,,,,11.173891676,1
publimetro_2013-08-14_12,47,none,,yannihorne,docling_easyocr,llama,2,0,0,0,2,0.0,0.0,0.0,0,,,,,60.558629406,1
publimetro_2013-08-14_12,48,none,,adaptive_gaussian,docling_easyocr,llama,2,0,0,0,2,0.0,0.0,0.0,0,,,,,181.030742919,1
publimetro_2013-08-14_12,48,none,,adaptive_gaussian,docling_rapidocr,llama,2,0,0,0,2,0.0,0.0,0.0,0,,,,,108.307250058,1
publimetro_2013-08-14_12,48,none,,adaptive_mean,docling_easyocr,llama,2,0,0,0,2,0.0,0.0,0.0,0,,,,,176.813795788,1
publimetro_2013-08-14_12,48,none,,adaptive_mean,docling_rapidocr,llama,2,0,0,0,2,0.0,0.0,0.0,0,,,,,109.770048602,1
publimetro_2013-08-14_12,48,none,,basic,docling_easyocr,llama,2,0,0,0,2,0.0,0.0,0.0,0,,,,,178.303776767,1
publimetro_2013-08-14_12,48,none,,basic,docling_rapidocr,llama,2,0,0,0,2,0.0,0.0,0.0,0,,,,,107.741294648,1
publimetro_2013-08-14_12,48,none,,niblack,docling_easyocr,llama,2,0,0,0,2,0.0,0.0,0.0,0,,,,,154.418084574,1
publimetro_2013-08-14_12,48,none,,niblack,docling_rapidocr,llama,2,0,0,0,2,0.0,0.0,0.0,0,,,,,100.02594204,1
publimetro_2013-08-14_12,48,none,,none_color,docling_easyocr,llama,2,0,0,0,2,0.0,0.0,0.0,0,,,,,184.376584244,1
publimetro_2013-08-14_12,48,none,,none_color,docling_rapidocr,llama,2,0,0,0,2,0.0,0.0,0.0,0,,,,,110.181782199,1
publimetro_2013-08-14_12,48,none,,none_grayscale,docling_easyocr,llama,2,0,0,0,2,0.0,0.0,0.0,0,,,,,175.54011221,1
publimetro_2013-08-14_12,48,none,,none_grayscale,docling_rapidocr,llama,2,0,0,0,2,0.0,0.0,0.0,0,,,,,108.336622668,1
publimetro_2013-08-14_12,48,none,,otsu,docling_easyocr,llama,2,0,0,0,2,0.0,0.0,0.0,0,,,,,172.37272773,1
publimetro_2013-08-14_12,48,none,,otsu,docling_rapidocr,llama,2,0,0,0,2,0.0,0.0,0.0,0,,,,,109.181871989,1
publimetro_2013-08-14_12,49,none,,adaptive_gaussian,docling_easyocr,llama,2,0,0,0,2,0.0,0.0,0.0,0,,,,,180.64255181,1
publimetro_2013-08-14_12,49,none,,adaptive_gaussian,docling_rapidocr,llama,2,0,0,0,2,0.0,0.0,0.0,0,,,,,105.259329945,1
publimetro_2013-08-14_12,49,none,,adaptive_mean,docling_easyocr,llama,2,0,0,0,2,0.0,0.0,0.0,0,,,,,179.238314727,1
publimetro_2013-08-14_12,49,none,,adaptive_mean,docling_rapidocr,llama,2,0,0,0,2,0.0,0.0,0.0,0,,,,,108.810078957,1
publimetro_2013-08-14_12,49,none,,basic,docling_easyocr,llama,2,0,0,0,2,0.0,0.0,0.0,0,,,,,177.323298833,1
publimetro_2013-08-14_12,49,none,,basic,docling_rapidocr,llama,2,0,0,0,2,0.0,0.0,0.0,0,,,,,107.882653615,1
publimetro_2013-08-14_12,49,none,,niblack,docling_easyocr,llama,2,0,0,0,2,0.0,0.0,0.0,0,,,,,150.658251,1
publimetro_2013-08-14_12,49,none,,niblack,docling_rapidocr,llama,2,0,0,0,2,0.0,0.0,0.0,0,,,,,99.26957388,1
publimetro_2013-08-14_12,49,none,,none_color,docling_easyocr,llama,2,0,0,0,2,0.0,0.0,0.0,0,,,,,172.829612561,1
publimetro_2013-08-14_12,49,none,,none_color,docling_rapidocr,llama,2,0,0,0,2,0.0,0.0,0.0,0,,,,,109.485688992,1
publimetro_2013-08-14_12,49,none,,none_grayscale,docling_easyocr,llama,2,0,0,0,2,0.0,0.0,0.0,0,,,,,180.114501305,1
publimetro_2013-08-14_12,49,none,,none_grayscale,docling_rapidocr,llama,2,0,0,0,2,0.0,0.0,0.0,0,,,,,110.815217324,1
publimetro_2013-08-14_12,49,none,,otsu,docling_easyocr,llama,2,0,0,0,2,0.0,0.0,0.0,0,,,,,177.972343419,1
publimetro_2013-08-14_12,49,none,,otsu,docling_rapidocr,llama,2,0,0,0,2,0.0,0.0,0.0,0,,,,,107.140446398,1
publimetro_2013-08-14_12,50,none,,adaptive_gaussian,docling_easyocr,llama,2,0,0,0,2,0.0,0.0,0.0,0,,,,,179.588959174,1
publimetro_2013-08-14_12,50,none,,adaptive_gaussian,docling_rapidocr,llama,2,0,0,0,2,0.0,0.0,0.0,0,,,,,108.496470647,1
publimetro_2013-08-14_12,50,none,,adaptive_mean,docling_easyocr,llama,2,0,0,0,2,0.0,0.0,0.0,0,,,,,178.606994368,1
publimetro_2013-08-14_12,50,none,,adaptive_mean,docling_rapidocr,llama,2,0,0,0,2,0.0,0.0,0.0,0,,,,,109.131609179,1
publimetro_2013-08-14_12,50,none,,basic,docling_easyocr,llama,2,0,0,0,2,0.0,0.0,0.0,0,,,,,173.224726147,1
publimetro_2013-08-14_12,50,none,,basic,docling_rapidocr,llama,2,0,0,0,2,0.0,0.0,0.0,0,,,,,108.147300191,1
publimetro_2013-08-14_12,50,none,,niblack,docling_easyocr,llama,2,0,0,0,2,0.0,0.0,0.0,0,,,,,154.047433013,1
publimetro_2013-08-14_12,50,none,,niblack,docling_rapidocr,llama,2,0,0,0,2,0.0,0.0,0.0,0,,,,,101.707030886,1
publimetro_2013-08-14_12,50,none,,none_color,docling_easyocr,llama,2,0,0,0,2,0.0,0.0,0.0,0,,,,,177.929562682,1
publimetro_2013-08-14_12,50,none,,none_color,docling_rapidocr,llama,2,0,0,0,2,0.0,0.0,0.0,0,,,,,109.389089459,1
publimetro_2013-08-14_12,50,none,,none_grayscale,docling_easyocr,llama,2,0,0,0,2,0.0,0.0,0.0,0,,,,,170.647148484,1
publimetro_2013-08-14_12,50,none,,none_grayscale,docling_rapidocr,llama,2,0,0,0,2,0.0,0.0,0.0,0,,,,,106.962182158,1
publimetro_2013-08-14_12,50,none,,otsu,docling_easyocr,llama,2,0,0,0,2,0.0,0.0,0.0,0,,,,,181.924510022,1
publimetro_2013-08-14_12,50,none,,otsu,docling_rapidocr,llama,2,0,0,0,2,0.0,0.0,0.0,0,,,,,106.472241898,1
publimetro_2013-08-14_12,51,none,,adaptive_gaussian,docling_easyocr,llama,2,0,0,0,2,0.0,0.0,0.0,0,,,,,88.883511914,1
publimetro_2013-08-14_12,51,none,,adaptive_gaussian,docling_rapidocr,llama,2,0,0,0,2,0.0,0.0,0.0,0,,,,,13.289438857,1
publimetro_2013-08-14_12,51,none,,adaptive_mean,docling_easyocr,llama,2,0,0,0,2,0.0,0.0,0.0,0,,,,,90.366529473,1
publimetro_2013-08-14_12,51,none,,adaptive_mean,docling_rapidocr,llama,2,0,0,0,2,0.0,0.0,0.0,0,,,,,17.860152968,1
publimetro_2013-08-14_12,51,none,,basic,docling_easyocr,llama,2,0,0,0,2,0.0,0.0,0.0,0,,,,,83.65638571,1
publimetro_2013-08-14_12,51,none,,basic,docling_rapidocr,llama,2,0,0,0,2,0.0,0.0,0.0,0,,,,,19.683061173,1
publimetro_2013-08-14_12,51,none,,niblack,docling_easyocr,llama,2,0,0,0,2,0.0,0.0,0.0,0,,,,,64.431187255,1
publimetro_2013-08-14_12,51,none,,niblack,docling_rapidocr,llama,2,0,0,0,2,0.0,0.0,0.0,0,,,,,10.863977057,1
publimetro_2013-08-14_12,51,none,,none_color,docling_easyocr,llama,2,0,0,0,2,0.0,0.0,0.0,0,,,,,86.362589503,1
publimetro_2013-08-14_12,51,none,,none_color,docling_rapidocr,llama,2,0,0,0,2,0.0,0.0,0.0,0,,,,,20.560841466,1
publimetro_2013-08-14_12,51,none,,none_grayscale,docling_easyocr,llama,2,0,0,0,2,0.0,0.0,0.0,0,,,,,83.847015193,1
publimetro_2013-08-14_12,51,none,,none_grayscale,docling_rapidocr,llama,2,0,0,0,2,0.0,0.0,0.0,0,,,,,19.892171433,1
publimetro_2013-08-14_12,51,none,,otsu,docling_easyocr,llama,2,0,0,0,2,0.0,0.0,0.0,0,,,,,82.897301797,1
publimetro_2013-08-14_12,51,none,,otsu,docling_rapidocr,llama,2,0,0,0,2,0.0,0.0,0.0,0,,,,,18.590143565,1
publimetro_2013-08-14_12,52,none,,adaptive_gaussian,docling_easyocr,llama,2,0,0,0,2,0.0,0.0,0.0,0,,,,,93.924195716,1
publimetro_2013-08-14_12,52,none,,adaptive_gaussian,docling_rapidocr,llama,2,0,0,0,2,0.0,0.0,0.0,0,,,,,11.447457501,1
publimetro_2013-08-14_12,52,none,,adaptive_mean,docling_easyocr,llama,2,0,0,0,2,0.0,0.0,0.0,0,,,,,81.632500951,1
publimetro_2013-08-14_12,52,none,,adaptive_mean,docling_rapidocr,llama,2,0,0,0,2,0.0,0.0,0.0,0,,,,,16.827598397,1
publimetro_2013-08-14_12,52,none,,basic,docling_easyocr,llama,2,0,0,0,2,0.0,0.0,0.0,0,,,,,75.85182129,1
publimetro_2013-08-14_12,52,none,,basic,docling_rapidocr,llama,2,0,0,0,2,0.0,0.0,0.0,0,,,,,19.498316632,1
publimetro_2013-08-14_12,52,none,,niblack,docling_easyocr,llama,2,0,0,0,2,0.0,0.0,0.0,0,,,,,55.992369405,1
publimetro_2013-08-14_12,52,none,,niblack,docling_rapidocr,llama,2,0,0,0,2,0.0,0.0,0.0,0,,,,,10.666521064,1
publimetro_2013-08-14_12,52,none,,none_color,docling_easyocr,llama,2,0,0,0,2,0.0,0.0,0.0,0,,,,,83.214384517,1
publimetro_2013-08-14_12,52,none,,none_color,docling_rapidocr,llama,2,0,0,0,2,0.0,0.0,0.0,0,,,,,21.946459016,1
publimetro_2013-08-14_12,52,none,,none_grayscale,docling_easyocr,llama,2,0,0,0,2,0.0,0.0,0.0,0,,,,,83.883533988,1
publimetro_2013-08-14_12,52,none,,none_grayscale,docling_rapidocr,llama,2,0,0,0,2,0.0,0.0,0.0,0,,,,,18.674806867,1
publimetro_2013-08-14_12,52,none,,otsu,docling_easyocr,llama,2,0,0,0,2,0.0,0.0,0.0,0,,,,,83.269444406,1
publimetro_2013-08-14_12,52,none,,otsu,docling_rapidocr,llama,2,0,0,0,2,0.0,0.0,0.0,0,,,,,18.916533172,1
publimetro_2013-08-14_12,53,none,,adaptive_gaussian,docling_easyocr,llama,2,0,0,0,2,0.0,0.0,0.0,0,,,,,80.703536388,1
publimetro_2013-08-14_12,53,none,,adaptive_gaussian,docling_rapidocr,llama,2,0,0,0,2,0.0,0.0,0.0,0,,,,,14.991330024,1
publimetro_2013-08-14_12,53,none,,adaptive_mean,docling_easyocr,llama,2,0,0,0,2,0.0,0.0,0.0,0,,,,,91.35875303,1
publimetro_2013-08-14_12,53,none,,adaptive_mean,docling_rapidocr,llama,2,0,0,0,2,0.0,0.0,0.0,0,,,,,19.925088946,1
publimetro_2013-08-14_12,53,none,,basic,docling_easyocr,llama,2,0,0,0,2,0.0,0.0,0.0,0,,,,,78.161589013,1
publimetro_2013-08-14_12,53,none,,basic,docling_rapidocr,llama,2,0,0,0,2,0.0,0.0,0.0,0,,,,,20.507497178,1
publimetro_2013-08-14_12,53,none,,niblack,docling_easyocr,llama,2,0,0,0,2,0.0,0.0,0.0,0,,,,,63.572889609,1
publimetro_2013-08-14_12,53,none,,niblack,docling_rapidocr,llama,2,0,0,0,2,0.0,0.0,0.0,0,,,,,9.224490686,1
publimetro_2013-08-14_12,53,none,,none_color,docling_easyocr,llama,2,0,0,0,2,0.0,0.0,0.0,0,,,,,83.769939456,1
publimetro_2013-08-14_12,53,none,,none_color,docling_rapidocr,llama,2,0,0,0,2,0.0,0.0,0.0,0,,,,,18.806075368,1
publimetro_2013-08-14_12,53,none,,none_grayscale,docling_easyocr,llama,2,0,0,0,2,0.0,0.0,0.0,0,,,,,83.046037946,1
publimetro_2013-08-14_12,53,none,,none_grayscale,docling_rapidocr,llama,2,0,0,0,2,0.0,0.0,0.0,0,,,,,17.308034692,1
publimetro_2013-08-14_12,53,none,,otsu,docling_easyocr,llama,2,0,0,0,2,0.0,0.0,0.0,0,,,,,83.025873839,1
publimetro_2013-08-14_12,53,none,,otsu,docling_rapidocr,llama,2,0,0,0,2,0.0,0.0,0.0,0,,,,,21.034221112,1
publimetro_2014-01-20_1,0,none,,adaptive_gaussian,docling_easyocr,llama,7,0,0,0,7,0.0,0.0,0.0,0,,,,,68.427315194,1
publimetro_2014-01-20_1,0,none,,adaptive_gaussian,docling_rapidocr,llama,7,0,0,0,7,0.0,0.0,0.0,0,,,,,13.600934226,1
publimetro_2014-01-20_1,0,none,,adaptive_mean,docling_easyocr,llama,7,0,0,0,7,0.0,0.0,0.0,0,,,,,72.975992276,1
publimetro_2014-01-20_1,0,none,,adaptive_mean,docling_rapidocr,llama,7,0,0,0,7,0.0,0.0,0.0,0,,,,,14.161763026,1
publimetro_2014-01-20_1,0,none,,basic,docling_easyocr,llama,7,0,0,0,7,0.0,0.0,0.0,0,,,,,71.36950464,1
publimetro_2014-01-20_1,0,none,,basic,docling_rapidocr,llama,7,0,0,0,7,0.0,0.0,0.0,0,,,,,12.16109986,1
publimetro_2014-01-20_1,0,none,,niblack,docling_easyocr,llama,7,0,0,0,7,0.0,0.0,0.0,0,,,,,65.438898015,1
publimetro_2014-01-20_1,0,none,,niblack,docling_rapidocr,llama,7,0,0,0,7,0.0,0.0,0.0,0,,,,,11.624942947,1
publimetro_2014-01-20_1,0,none,,none_color,docling_easyocr,llama,7,0,0,0,7,0.0,0.0,0.0,0,,,,,71.240458293,1
publimetro_2014-01-20_1,0,none,,none_color,docling_rapidocr,llama,7,0,0,0,7,0.0,0.0,0.0,0,,,,,14.689838929,1
publimetro_2014-01-20_1,0,none,,none_grayscale,docling_easyocr,llama,7,0,0,0,7,0.0,0.0,0.0,0,,,,,63.570361875,1
publimetro_2014-01-20_1,0,none,,none_grayscale,docling_rapidocr,llama,7,0,0,0,7,0.0,0.0,0.0,0,,,,,14.168597243,1
publimetro_2014-01-20_1,0,none,,otsu,docling_easyocr,llama,7,0,0,0,7,0.0,0.0,0.0,0,,,,,70.624884627,1
publimetro_2014-01-20_1,0,none,,otsu,docling_rapidocr,llama,7,0,0,0,7,0.0,0.0,0.0,0,,,,,14.821704171,1
publimetro_2014-01-20_1,1,none,,adaptive_gaussian,docling_easyocr,llama,7,0,0,0,7,0.0,0.0,0.0,0,,,,,64.915410892,1
publimetro_2014-01-20_1,1,none,,adaptive_gaussian,docling_rapidocr,llama,7,0,0,0,7,0.0,0.0,0.0,0,,,,,12.318896905,1
publimetro_2014-01-20_1,1,none,,adaptive_mean,docling_easyocr,llama,7,0,0,0,7,0.0,0.0,0.0,0,,,,,74.231812965,1
publimetro_2014-01-20_1,1,none,,adaptive_mean,docling_rapidocr,llama,7,0,0,0,7,0.0,0.0,0.0,0,,,,,13.019536029,1
publimetro_2014-01-20_1,1,none,,basic,docling_easyocr,llama,7,0,0,0,7,0.0,0.0,0.0,0,,,,,70.578105979,1
publimetro_2014-01-20_1,1,none,,basic,docling_rapidocr,llama,7,0,0,0,7,0.0,0.0,0.0,0,,,,,15.08562737,1
publimetro_2014-01-20_1,1,none,,niblack,docling_easyocr,llama,7,0,0,0,7,0.0,0.0,0.0,0,,,,,64.43489252,1
publimetro_2014-01-20_1,1,none,,niblack,docling_rapidocr,llama,7,0,0,0,7,0.0,0.0,0.0,0,,,,,11.36617051,1
publimetro_2014-01-20_1,1,none,,none_color,docling_easyocr,llama,7,0,0,0,7,0.0,0.0,0.0,0,,,,,73.091573146,1
publimetro_2014-01-20_1,1,none,,none_color,docling_rapidocr,llama,7,0,0,0,7,0.0,0.0,0.0,0,,,,,15.090665963,1
publimetro_2014-01-20_1,1,none,,none_grayscale,docling_easyocr,llama,7,0,0,0,7,0.0,0.0,0.0,0,,,,,71.999432378,1
publimetro_2014-01-20_1,1,none,,none_grayscale,docling_rapidocr,llama,7,0,0,0,7,0.0,0.0,0.0,0,,,,,14.445037656,1
publimetro_2014-01-20_1,1,none,,otsu,docling_easyocr,llama,7,0,0,0,7,0.0,0.0,0.0,0,,,,,71.18043912,1
publimetro_2014-01-20_1,1,none,,otsu,docling_rapidocr,llama,7,0,0,0,7,0.0,0.0,0.0,0,,,,,12.384240991,1
publimetro_2014-01-20_1,2,none,,adaptive_gaussian,docling_easyocr,llama,7,0,0,0,7,0.0,0.0,0.0,0,,,,,73.520429319,1
publimetro_2014-01-20_1,2,none,,adaptive_gaussian,docling_rapidocr,llama,7,0,0,0,7,0.0,0.0,0.0,0,,,,,13.451415009,1
publimetro_2014-01-20_1,2,none,,adaptive_mean,docling_easyocr,llama,7,0,0,0,7,0.0,0.0,0.0,0,,,,,65.30537571,1
publimetro_2014-01-20_1,2,none,,adaptive_mean,docling_rapidocr,llama,7,0,0,0,7,0.0,0.0,0.0,0,,,,,13.55050911,1
publimetro_2014-01-20_1,2,none,,basic,docling_easyocr,llama,7,0,0,0,7,0.0,0.0,0.0,0,,,,,72.099200663,1
publimetro_2014-01-20_1,2,none,,basic,docling_rapidocr,llama,7,0,0,0,7,0.0,0.0,0.0,0,,,,,14.535400328,1
publimetro_2014-01-20_1,2,none,,niblack,docling_easyocr,llama,7,0,0,0,7,0.0,0.0,0.0,0,,,,,64.902846636,1
publimetro_2014-01-20_1,2,none,,niblack,docling_rapidocr,llama,7,0,0,0,7,0.0,0.0,0.0,0,,,,,12.25412804,1
publimetro_2014-01-20_1,2,none,,none_color,docling_easyocr,llama,7,0,0,0,7,0.0,0.0,0.0,0,,,,,70.696372135,1
publimetro_2014-01-20_1,2,none,,none_color,docling_rapidocr,llama,7,0,0,0,7,0.0,0.0,0.0,0,,,,,13.585147722,1
publimetro_2014-01-20_1,2,none,,none_grayscale,docling_easyocr,llama,7,0,0,0,7,0.0,0.0,0.0,0,,,,,63.293307169,1
publimetro_2014-01-20_1,2,none,,none_grayscale,docling_rapidocr,llama,7,0,0,0,7,0.0,0.0,0.0,0,,,,,13.734382256,1
publimetro_2014-01-20_1,2,none,,otsu,docling_easyocr,llama,7,0,0,0,7,0.0,0.0,0.0,0,,,,,64.286913881,1
publimetro_2014-01-20_1,2,none,,otsu,docling_rapidocr,llama,7,0,0,0,7,0.0,0.0,0.0,0,,,,,13.880555878,1
publimetro_2014-01-20_1,3,none,,adaptive_gaussian,docling_easyocr,llama,7,0,0,0,7,0.0,0.0,0.0,0,,,,,66.972974175,1
publimetro_2014-01-20_1,3,none,,adaptive_gaussian,docling_rapidocr,llama,7,0,0,0,7,0.0,0.0,0.0,0,,,,,12.41278302,1
publimetro_2014-01-20_1,3,none,,adaptive_mean,docling_easyocr,llama,7,0,0,0,7,0.0,0.0,0.0,0,,,,,68.807281078,1
publimetro_2014-01-20_1,3,none,,adaptive_mean,docling_rapidocr,llama,7,0,0,0,7,0.0,0.0,0.0,0,,,,,12.225723089,1
publimetro_2014-01-20_1,3,none,,basic,docling_easyocr,llama,7,0,0,0,7,0.0,0.0,0.0,0,,,,,66.003257855,1
publimetro_2014-01-20_1,3,none,,basic,docling_rapidocr,llama,7,0,0,0,7,0.0,0.0,0.0,0,,,,,11.685876949,1
publimetro_2014-01-20_1,3,none,,niblack,docling_easyocr,llama,7,0,0,0,7,0.0,0.0,0.0,0,,,,,65.82537707,1
publimetro_2014-01-20_1,3,none,,niblack,docling_rapidocr,llama,7,0,0,0,7,0.0,0.0,0.0,0,,,,,12.529356085,1
publimetro_2014-01-20_1,3,none,,none_color,docling_easyocr,llama,7,0,0,0,7,0.0,0.0,0.0,0,,,,,70.555839974,1
publimetro_2014-01-20_1,3,none,,none_color,docling_rapidocr,llama,7,0,0,0,7,0.0,0.0,0.0,0,,,,,15.019188601,1
publimetro_2014-01-20_1,3,none,,none_grayscale,docling_easyocr,llama,7,0,0,0,7,0.0,0.0,0.0,0,,,,,72.258162291,1
publimetro_2014-01-20_1,3,none,,none_grayscale,docling_rapidocr,llama,7,0,0,0,7,0.0,0.0,0.0,0,,,,,14.205463202,1
publimetro_2014-01-20_1,3,none,,otsu,docling_easyocr,llama,7,0,0,0,7,0.0,0.0,0.0,0,,,,,73.529525217,1
publimetro_2014-01-20_1,3,none,,otsu,docling_rapidocr,llama,7,0,0,0,7,0.0,0.0,0.0,0,,,,,13.755451378,1
publimetro_2014-01-20_1,4,none,,adaptive_gaussian,docling_easyocr,llama,7,0,0,0,7,0.0,0.0,0.0,0,,,,,74.208541941,1
publimetro_2014-01-20_1,4,none,,adaptive_gaussian,docling_rapidocr,llama,7,0,0,0,7,0.0,0.0,0.0,0,,,,,12.657130789,1
publimetro_2014-01-20_1,4,none,,adaptive_mean,docling_easyocr,llama,7,0,0,0,7,0.0,0.0,0.0,0,,,,,70.199046631,1
publimetro_2014-01-20_1,4,none,,adaptive_mean,docling_rapidocr,llama,7,0,0,0,7,0.0,0.0,0.0,0,,,,,13.232662697,1
publimetro_2014-01-20_1,4,none,,basic,docling_easyocr,llama,7,0,0,0,7,0.0,0.0,0.0,0,,,,,73.729971947,1
publimetro_2014-01-20_1,4,none,,basic,docling_rapidocr,llama,7,0,0,0,7,0.0,0.0,0.0,0,,,,,14.288612904,1
publimetro_2014-01-20_1,4,none,,niblack,docling_easyocr,llama,7,0,0,0,7,0.0,0.0,0.0,0,,,,,65.703243866,1
publimetro_2014-01-20_1,4,none,,niblack,docling_rapidocr,llama,7,0,0,0,7,0.0,0.0,0.0,0,,,,,10.002413168,1
publimetro_2014-01-20_1,4,none,,none_color,docling_easyocr,llama,7,0,0,0,7,0.0,0.0,0.0,0,,,,,67.14787594,1
publimetro_2014-01-20_1,4,none,,none_color,docling_rapidocr,llama,7,0,0,0,7,0.0,0.0,0.0,0,,,,,12.471196806,1
publimetro_2014-01-20_1,4,none,,none_grayscale,docling_easyocr,llama,7,0,0,0,7,0.0,0.0,0.0,0,,,,,71.852670658,1
publimetro_2014-01-20_1,4,none,,none_grayscale,docling_rapidocr,llama,7,0,0,0,7,0.0,0.0,0.0,0,,,,,12.788126934,1
publimetro_2014-01-20_1,4,none,,otsu,docling_easyocr,llama,7,0,0,0,7,0.0,0.0,0.0,0,,,,,75.187845841,1
publimetro_2014-01-20_1,4,none,,otsu,docling_rapidocr,llama,7,0,0,0,7,0.0,0.0,0.0,0,,,,,13.071381464,1
publimetro_2014-01-20_1,5,none,,adaptive_gaussian,docling_easyocr,llama,7,0,0,0,7,0.0,0.0,0.0,0,,,,,72.60472538,1
publimetro_2014-01-20_1,5,none,,adaptive_gaussian,docling_rapidocr,llama,7,0,0,0,7,0.0,0.0,0.0,0,,,,,13.617064972,1
publimetro_2014-01-20_1,5,none,,adaptive_mean,docling_easyocr,llama,7,0,0,0,7,0.0,0.0,0.0,0,,,,,69.124384205,1
publimetro_2014-01-20_1,5,none,,adaptive_mean,docling_rapidocr,llama,7,0,0,0,7,0.0,0.0,0.0,0,,,,,13.205619375,1
publimetro_2014-01-20_1,5,none,,basic,docling_easyocr,llama,7,0,0,0,7,0.0,0.0,0.0,0,,,,,62.566622744,1
publimetro_2014-01-20_1,5,none,,basic,docling_rapidocr,llama,7,0,0,0,7,0.0,0.0,0.0,0,,,,,12.174412022,1
publimetro_2014-01-20_1,5,none,,niblack,docling_easyocr,llama,7,0,0,0,7,0.0,0.0,0.0,0,,,,,66.216099987,1
publimetro_2014-01-20_1,5,none,,niblack,docling_rapidocr,llama,7,0,0,0,7,0.0,0.0,0.0,0,,,,,11.478666792,1
publimetro_2014-01-20_1,5,none,,none_color,docling_easyocr,llama,7,0,0,0,7,0.0,0.0,0.0,0,,,,,64.064383516,1
publimetro_2014-01-20_1,5,none,,none_color,docling_rapidocr,llama,7,0,0,0,7,0.0,0.0,0.0,0,,,,,13.831150303,1
publimetro_2014-01-20_1,5,none,,none_grayscale,docling_easyocr,llama,7,0,0,0,7,0.0,0.0,0.0,0,,,,,72.980725941,1
publimetro_2014-01-20_1,5,none,,none_grayscale,docling_rapidocr,llama,7,0,0,0,7,0.0,0.0,0.0,0,,,,,14.50851601,1
publimetro_2014-01-20_1,5,none,,otsu,docling_easyocr,llama,7,0,0,0,7,0.0,0.0,0.0,0,,,,,74.005044781,1
publimetro_2014-01-20_1,5,none,,otsu,docling_rapidocr,llama,7,0,0,0,7,0.0,0.0,0.0,0,,,,,13.189359985,1
publimetro_2014-01-20_1,6,none,,adaptive_gaussian,docling_easyocr,llama,7,0,0,0,7,0.0,0.0,0.0,0,,,,,73.264259387,1
publimetro_2014-01-20_1,6,none,,adaptive_gaussian,docling_rapidocr,llama,7,0,0,0,7,0.0,0.0,0.0,0,,,,,13.002892781,1
publimetro_2014-01-20_1,6,none,,adaptive_mean,docling_easyocr,llama,7,0,0,0,7,0.0,0.0,0.0,0,,,,,71.956892415,1
publimetro_2014-01-20_1,6,none,,adaptive_mean,docling_rapidocr,llama,7,0,0,0,7,0.0,0.0,0.0,0,,,,,12.898881122,1
publimetro_2014-01-20_1,6,none,,basic,docling_easyocr,llama,7,0,0,0,7,0.0,0.0,0.0,0,,,,,73.38057126,1
publimetro_2014-01-20_1,6,none,,basic,docling_rapidocr,llama,7,0,0,0,7,0.0,0.0,0.0,0,,,,,13.51174344,1
publimetro_2014-01-20_1,6,none,,niblack,docling_easyocr,llama,7,0,0,0,7,0.0,0.0,0.0,0,,,,,66.53846671,1
publimetro_2014-01-20_1,6,none,,niblack,docling_rapidocr,llama,7,0,0,0,7,0.0,0.0,0.0,0,,,,,12.066569108,1
publimetro_2014-01-20_1,6,none,,none_color,docling_easyocr,llama,7,0,0,0,7,0.0,0.0,0.0,0,,,,,72.545648873,1
publimetro_2014-01-20_1,6,none,,none_color,docling_rapidocr,llama,7,0,0,0,7,0.0,0.0,0.0,0,,,,,13.99820596,1
publimetro_2014-01-20_1,6,none,,none_grayscale,docling_easyocr,llama,7,0,0,0,7,0.0,0.0,0.0,0,,,,,72.0440699,1
publimetro_2014-01-20_1,6,none,,none_grayscale,docling_rapidocr,llama,7,0,0,0,7,0.0,0.0,0.0,0,,,,,13.962859763,1
publimetro_2014-01-20_1,6,none,,otsu,docling_easyocr,llama,7,0,0,0,7,0.0,0.0,0.0,0,,,,,67.29272894,1
publimetro_2014-01-20_1,6,none,,otsu,docling_rapidocr,llama,7,0,0,0,7,0.0,0.0,0.0,0,,,,,13.639563361,1
publimetro_2014-01-20_1,7,none,,adaptive_gaussian,docling_easyocr,llama,7,0,0,0,7,0.0,0.0,0.0,0,,,,,75.947024901,1
publimetro_2014-01-20_1,7,none,,adaptive_gaussian,docling_rapidocr,llama,7,0,0,0,7,0.0,0.0,0.0,0,,,,,13.811247905,1
publimetro_2014-01-20_1,7,none,,adaptive_mean,docling_easyocr,llama,7,0,0,0,7,0.0,0.0,0.0,0,,,,,73.043168811,1
publimetro_2014-01-20_1,7,none,,adaptive_mean,docling_rapidocr,llama,7,0,0,0,7,0.0,0.0,0.0,0,,,,,12.770334748,1
publimetro_2014-01-20_1,7,none,,basic,docling_easyocr,llama,7,0,0,0,7,0.0,0.0,0.0,0,,,,,66.553545234,1
publimetro_2014-01-20_1,7,none,,basic,docling_rapidocr,llama,7,0,0,0,7,0.0,0.0,0.0,0,,,,,15.069538114,1
publimetro_2014-01-20_1,7,none,,niblack,docling_easyocr,llama,7,0,0,0,7,0.0,0.0,0.0,0,,,,,65.75639317,1
publimetro_2014-01-20_1,7,none,,niblack,docling_rapidocr,llama,7,0,0,0,7,0.0,0.0,0.0,0,,,,,11.426543927,1
publimetro_2014-01-20_1,7,none,,none_color,docling_easyocr,llama,7,0,0,0,7,0.0,0.0,0.0,0,,,,,72.806715175,1
publimetro_2014-01-20_1,7,none,,none_color,docling_rapidocr,llama,7,0,0,0,7,0.0,0.0,0.0,0,,,,,14.206760331,1
publimetro_2014-01-20_1,7,none,,none_grayscale,docling_easyocr,llama,7,0,0,0,7,0.0,0.0,0.0,0,,,,,72.377168653,1
publimetro_2014-01-20_1,7,none,,none_grayscale,docling_rapidocr,llama,7,0,0,0,7,0.0,0.0,0.0,0,,,,,14.647370574,1
publimetro_2014-01-20_1,7,none,,otsu,docling_easyocr,llama,7,0,0,0,7,0.0,0.0,0.0,0,,,,,71.024827861,1
publimetro_2014-01-20_1,7,none,,otsu,docling_rapidocr,llama,7,0,0,0,7,0.0,0.0,0.0,0,,,,,14.139001273,1
publimetro_2014-01-20_1,8,none,,adaptive_gaussian,docling_easyocr,llama,7,0,0,0,7,0.0,0.0,0.0,0,,,,,67.018599061,1
publimetro_2014-01-20_1,8,none,,adaptive_gaussian,docling_rapidocr,llama,7,0,0,0,7,0.0,0.0,0.0,0,,,,,12.708559541,1
publimetro_2014-01-20_1,8,none,,adaptive_mean,docling_easyocr,llama,7,0,0,0,7,0.0,0.0,0.0,0,,,,,70.673340535,1
publimetro_2014-01-20_1,8,none,,adaptive_mean,docling_rapidocr,llama,7,0,0,0,7,0.0,0.0,0.0,0,,,,,12.637011266,1
publimetro_2014-01-20_1,8,none,,basic,docling_easyocr,llama,7,0,0,0,7,0.0,0.0,0.0,0,,,,,67.315213698,1
publimetro_2014-01-20_1,8,none,,basic,docling_rapidocr,llama,7,0,0,0,7,0.0,0.0,0.0,0,,,,,12.978895444,1
publimetro_2014-01-20_1,8,none,,niblack,docling_easyocr,llama,7,0,0,0,7,0.0,0.0,0.0,0,,,,,64.484938048,1
publimetro_2014-01-20_1,8,none,,niblack,docling_rapidocr,llama,7,0,0,0,7,0.0,0.0,0.0,0,,,,,12.067485236,1
publimetro_2014-01-20_1,8,none,,none_color,docling_easyocr,llama,7,0,0,0,7,0.0,0.0,0.0,0,,,,,72.280677503,1
publimetro_2014-01-20_1,8,none,,none_color,docling_rapidocr,llama,7,0,0,0,7,0.0,0.0,0.0,0,,,,,14.579908317,1
publimetro_2014-01-20_1,8,none,,none_grayscale,docling_easyocr,llama,7,0,0,0,7,0.0,0.0,0.0,0,,,,,68.661167806,1
publimetro_2014-01-20_1,8,none,,none_grayscale,docling_rapidocr,llama,7,0,0,0,7,0.0,0.0,0.0,0,,,,,14.376002257,1
publimetro_2014-01-20_1,8,none,,otsu,docling_easyocr,llama,7,0,0,0,7,0.0,0.0,0.0,0,,,,,73.891806932,1
publimetro_2014-01-20_1,8,none,,otsu,docling_rapidocr,llama,7,0,0,0,7,0.0,0.0,0.0,0,,,,,14.384812446,1
publimetro_2014-01-20_1,9,none,,adaptive_gaussian,docling_easyocr,llama,7,0,0,0,7,0.0,0.0,0.0,0,,,,,72.723264028,1
publimetro_2014-01-20_1,9,none,,adaptive_gaussian,docling_rapidocr,llama,7,0,0,0,7,0.0,0.0,0.0,0,,,,,12.636502315,1
publimetro_2014-01-20_1,9,none,,adaptive_mean,docling_easyocr,llama,7,0,0,0,7,0.0,0.0,0.0,0,,,,,72.714669225,1
publimetro_2014-01-20_1,9,none,,adaptive_mean,docling_rapidocr,llama,7,0,0,0,7,0.0,0.0,0.0,0,,,,,13.057537076,1
publimetro_2014-01-20_1,9,none,,basic,docling_easyocr,llama,7,0,0,0,7,0.0,0.0,0.0,0,,,,,67.207462112,1
publimetro_2014-01-20_1,9,none,,basic,docling_rapidocr,llama,7,0,0,0,7,0.0,0.0,0.0,0,,,,,12.429607669,1
publimetro_2014-01-20_1,9,none,,niblack,docling_easyocr,llama,7,0,0,0,7,0.0,0.0,0.0,0,,,,,65.740383166,1
publimetro_2014-01-20_1,9,none,,niblack,docling_rapidocr,llama,7,0,0,0,7,0.0,0.0,0.0,0,,,,,11.387508172,1
publimetro_2014-01-20_1,9,none,,none_color,docling_easyocr,llama,7,0,0,0,7,0.0,0.0,0.0,0,,,,,74.154714717,1
publimetro_2014-01-20_1,9,none,,none_color,docling_rapidocr,llama,7,0,0,0,7,0.0,0.0,0.0,0,,,,,14.683641089,1
publimetro_2014-01-20_1,9,none,,none_grayscale,docling_easyocr,llama,7,0,0,0,7,0.0,0.0,0.0,0,,,,,73.335045066,1
publimetro_2014-01-20_1,9,none,,none_grayscale,docling_rapidocr,llama,7,0,0,0,7,0.0,0.0,0.0,0,,,,,14.892287698,1
publimetro_2014-01-20_1,9,none,,otsu,docling_easyocr,llama,7,0,0,0,7,0.0,0.0,0.0,0,,,,,74.160161368,1
publimetro_2014-01-20_1,9,none,,otsu,docling_rapidocr,llama,7,0,0,0,7,0.0,0.0,0.0,0,,,,,13.912165753,1
publimetro_2014-01-20_1,10,none,,adaptive_gaussian,docling_easyocr,llama,7,0,0,0,7,0.0,0.0,0.0,0,,,,,72.309072365,1
publimetro_2014-01-20_1,10,none,,adaptive_gaussian,docling_rapidocr,llama,7,0,0,0,7,0.0,0.0,0.0,0,,,,,13.256730189,1
publimetro_2014-01-20_1,10,none,,adaptive_mean,docling_easyocr,llama,7,0,0,0,7,0.0,0.0,0.0,0,,,,,64.786106167,1
publimetro_2014-01-20_1,10,none,,adaptive_mean,docling_rapidocr,llama,7,0,0,0,7,0.0,0.0,0.0,0,,,,,12.327908812,1
publimetro_2014-01-20_1,10,none,,basic,docling_easyocr,llama,7,0,0,0,7,0.0,0.0,0.0,0,,,,,67.344887761,1
publimetro_2014-01-20_1,10,none,,basic,docling_rapidocr,llama,7,0,0,0,7,0.0,0.0,0.0,0,,,,,14.105862883,1
publimetro_2014-01-20_1,10,none,,niblack,docling_easyocr,llama,7,0,0,0,7,0.0,0.0,0.0,0,,,,,64.734011013,1
publimetro_2014-01-20_1,10,none,,niblack,docling_rapidocr,llama,7,0,0,0,7,0.0,0.0,0.0,0,,,,,10.738913376,1
publimetro_2014-01-20_1,10,none,,none_color,docling_easyocr,llama,7,0,0,0,7,0.0,0.0,0.0,0,,,,,73.929776074,1
publimetro_2014-01-20_1,10,none,,none_color,docling_rapidocr,llama,7,0,0,0,7,0.0,0.0,0.0,0,,,,,13.834109188,1
publimetro_2014-01-20_1,10,none,,none_grayscale,docling_easyocr,llama,7,0,0,0,7,0.0,0.0,0.0,0,,,,,69.355850174,1
publimetro_2014-01-20_1,10,none,,none_grayscale,docling_rapidocr,llama,7,0,0,0,7,0.0,0.0,0.0,0,,,,,12.863250449,1
publimetro_2014-01-20_1,10,none,,otsu,docling_easyocr,llama,7,0,0,0,7,0.0,0.0,0.0,0,,,,,73.725813727,1
publimetro_2014-01-20_1,10,none,,otsu,docling_rapidocr,llama,7,0,0,0,7,0.0,0.0,0.0,0,,,,,13.635631661,1
publimetro_2014-01-20_1,11,none,,adaptive_gaussian,docling_easyocr,llama,7,0,0,0,7,0.0,0.0,0.0,0,,,,,73.124006972,1
publimetro_2014-01-20_1,11,none,,adaptive_gaussian,docling_rapidocr,llama,7,0,0,0,7,0.0,0.0,0.0,0,,,,,13.344085917,1
publimetro_2014-01-20_1,11,none,,adaptive_mean,docling_easyocr,llama,7,0,0,0,7,0.0,0.0,0.0,0,,,,,72.627618319,1
publimetro_2014-01-20_1,11,none,,adaptive_mean,docling_rapidocr,llama,7,0,0,0,7,0.0,0.0,0.0,0,,,,,13.494519478,1
publimetro_2014-01-20_1,11,none,,basic,docling_easyocr,llama,7,0,0,0,7,0.0,0.0,0.0,0,,,,,59.330197548,1
publimetro_2014-01-20_1,11,none,,basic,docling_rapidocr,llama,7,0,0,0,7,0.0,0.0,0.0,0,,,,,11.579281783,1
publimetro_2014-01-20_1,11,none,,niblack,docling_easyocr,llama,7,0,0,0,7,0.0,0.0,0.0,0,,,,,66.680944563,1
publimetro_2014-01-20_1,11,none,,niblack,docling_rapidocr,llama,7,0,0,0,7,0.0,0.0,0.0,0,,,,,10.004511,1
publimetro_2014-01-20_1,11,none,,none_color,docling_easyocr,llama,7,0,0,0,7,0.0,0.0,0.0,0,,,,,73.090756796,1
publimetro_2014-01-20_1,11,none,,none_color,docling_rapidocr,llama,7,0,0,0,7,0.0,0.0,0.0,0,,,,,12.658796214,1
publimetro_2014-01-20_1,11,none,,none_grayscale,docling_easyocr,llama,7,0,0,0,7,0.0,0.0,0.0,0,,,,,73.851364754,1
publimetro_2014-01-20_1,11,none,,none_grayscale,docling_rapidocr,llama,7,0,0,0,7,0.0,0.0,0.0,0,,,,,15.161557339,1
publimetro_2014-01-20_1,11,none,,otsu,docling_easyocr,llama,7,0,0,0,7,0.0,0.0,0.0,0,,,,,62.571252871,1
publimetro_2014-01-20_1,11,none,,otsu,docling_rapidocr,llama,7,0,0,0,7,0.0,0.0,0.0,0,,,,,11.405928898,1
publimetro_2014-01-20_1,12,none,,adaptive_gaussian,docling_easyocr,llama,7,0,0,0,7,0.0,0.0,0.0,0,,,,,108.316513169,1
publimetro_2014-01-20_1,12,none,,adaptive_gaussian,docling_rapidocr,llama,7,0,0,0,7,0.0,0.0,0.0,0,,,,,46.093056786,1
publimetro_2014-01-20_1,12,none,,adaptive_mean,docling_easyocr,llama,7,0,0,0,7,0.0,0.0,0.0,0,,,,,106.431879338,1
publimetro_2014-01-20_1,12,none,,adaptive_mean,docling_rapidocr,llama,7,0,0,0,7,0.0,0.0,0.0,0,,,,,45.496077116,1
publimetro_2014-01-20_1,12,none,,basic,docling_easyocr,llama,7,0,0,0,7,0.0,0.0,0.0,0,,,,,96.498675444,1
publimetro_2014-01-20_1,12,none,,basic,docling_rapidocr,llama,7,0,0,0,7,0.0,0.0,0.0,0,,,,,45.807069161,1
publimetro_2014-01-20_1,12,none,,niblack,docling_easyocr,llama,7,0,0,0,7,0.0,0.0,0.0,0,,,,,98.133553582,1
publimetro_2014-01-20_1,12,none,,niblack,docling_rapidocr,llama,7,0,0,0,7,0.0,0.0,0.0,0,,,,,42.844819861,1
publimetro_2014-01-20_1,12,none,,none_color,docling_easyocr,llama,7,0,0,0,7,0.0,0.0,0.0,0,,,,,104.081881714,1
publimetro_2014-01-20_1,12,none,,none_color,docling_rapidocr,llama,7,0,0,0,7,0.0,0.0,0.0,0,,,,,45.737925959,1
publimetro_2014-01-20_1,12,none,,none_grayscale,docling_easyocr,llama,7,0,0,0,7,0.0,0.0,0.0,0,,,,,95.050392653,1
publimetro_2014-01-20_1,12,none,,none_grayscale,docling_rapidocr,llama,7,0,0,0,7,0.0,0.0,0.0,0,,,,,46.139689948,1
publimetro_2014-01-20_1,12,none,,otsu,docling_easyocr,llama,7,0,0,0,7,0.0,0.0,0.0,0,,,,,95.635569027,1
publimetro_2014-01-20_1,12,none,,otsu,docling_rapidocr,llama,7,0,0,0,7,0.0,0.0,0.0,0,,,,,46.70862191,1
publimetro_2014-01-20_1,13,none,,adaptive_gaussian,docling_easyocr,llama,7,0,0,0,7,0.0,0.0,0.0,0,,,,,106.158922758,1
publimetro_2014-01-20_1,13,none,,adaptive_gaussian,docling_rapidocr,llama,7,0,0,0,7,0.0,0.0,0.0,0,,,,,45.831960287,1
publimetro_2014-01-20_1,13,none,,adaptive_mean,docling_easyocr,llama,7,0,0,0,7,0.0,0.0,0.0,0,,,,,106.627806221,1
publimetro_2014-01-20_1,13,none,,adaptive_mean,docling_rapidocr,llama,7,0,0,0,7,0.0,0.0,0.0,0,,,,,45.023595606,1
publimetro_2014-01-20_1,13,none,,basic,docling_easyocr,llama,7,0,0,0,7,0.0,0.0,0.0,0,,,,,104.925749379,1
publimetro_2014-01-20_1,13,none,,basic,docling_rapidocr,llama,7,0,0,0,7,0.0,0.0,0.0,0,,,,,45.839832621,1
publimetro_2014-01-20_1,13,none,,niblack,docling_easyocr,llama,7,0,0,0,7,0.0,0.0,0.0,0,,,,,88.401518784,1
publimetro_2014-01-20_1,13,none,,niblack,docling_rapidocr,llama,7,0,0,0,7,0.0,0.0,0.0,0,,,,,43.007401429,1
publimetro_2014-01-20_1,13,none,,none_color,docling_easyocr,llama,7,0,0,0,7,0.0,0.0,0.0,0,,,,,103.98014324,1
publimetro_2014-01-20_1,13,none,,none_color,docling_rapidocr,llama,7,0,0,0,7,0.0,0.0,0.0,0,,,,,45.508927754,1
publimetro_2014-01-20_1,13,none,,none_grayscale,docling_easyocr,llama,7,0,0,0,7,0.0,0.0,0.0,0,,,,,103.846282486,1
publimetro_2014-01-20_1,13,none,,none_grayscale,docling_rapidocr,llama,7,0,0,0,7,0.0,0.0,0.0,0,,,,,44.640014176,1
publimetro_2014-01-20_1,13,none,,otsu,docling_easyocr,llama,7,0,0,0,7,0.0,0.0,0.0,0,,,,,104.055185229,1
publimetro_2014-01-20_1,13,none,,otsu,docling_rapidocr,llama,7,0,0,0,7,0.0,0.0,0.0,0,,,,,46.339567095,1
publimetro_2014-01-20_1,14,none,,adaptive_gaussian,docling_easyocr,llama,7,0,0,0,7,0.0,0.0,0.0,0,,,,,97.537509363,1
publimetro_2014-01-20_1,14,none,,adaptive_gaussian,docling_rapidocr,llama,7,0,0,0,7,0.0,0.0,0.0,0,,,,,44.736305397,1
publimetro_2014-01-20_1,14,none,,adaptive_mean,docling_easyocr,llama,7,0,0,0,7,0.0,0.0,0.0,0,,,,,106.076343168,1
publimetro_2014-01-20_1,14,none,,adaptive_mean,docling_rapidocr,llama,7,0,0,0,7,0.0,0.0,0.0,0,,,,,46.185851444,1
publimetro_2014-01-20_1,14,none,,basic,docling_easyocr,llama,7,0,0,0,7,0.0,0.0,0.0,0,,,,,98.267732294,1
publimetro_2014-01-20_1,14,none,,basic,docling_rapidocr,llama,7,0,0,0,7,0.0,0.0,0.0,0,,,,,46.62252918,1
publimetro_2014-01-20_1,14,none,,niblack,docling_easyocr,llama,7,0,0,0,7,0.0,0.0,0.0,0,,,,,97.412458187,1
publimetro_2014-01-20_1,14,none,,niblack,docling_rapidocr,llama,7,0,0,0,7,0.0,0.0,0.0,0,,,,,43.387526517,1
publimetro_2014-01-20_1,14,none,,none_color,docling_easyocr,llama,7,0,0,0,7,0.0,0.0,0.0,0,,,,,103.521963913,1
publimetro_2014-01-20_1,14,none,,none_color,docling_rapidocr,llama,7,0,0,0,7,0.0,0.0,0.0,0,,,,,47.283065874,1
publimetro_2014-01-20_1,14,none,,none_grayscale,docling_easyocr,llama,7,0,0,0,7,0.0,0.0,0.0,0,,,,,103.788120348,1
publimetro_2014-01-20_1,14,none,,none_grayscale,docling_rapidocr,llama,7,0,0,0,7,0.0,0.0,0.0,0,,,,,46.587741453,1
publimetro_2014-01-20_1,14,none,,otsu,docling_easyocr,llama,7,0,0,0,7,0.0,0.0,0.0,0,,,,,104.774204715,1
publimetro_2014-01-20_1,14,none,,otsu,docling_rapidocr,llama,7,0,0,0,7,0.0,0.0,0.0,0,,,,,47.344528183,1
publimetro_2014-01-20_1,15,none,,adaptive_gaussian,docling_easyocr,llama,7,0,0,0,7,0.0,0.0,0.0,0,,,,,68.232284927,1
publimetro_2014-01-20_1,15,none,,adaptive_gaussian,docling_rapidocr,llama,7,0,0,0,7,0.0,0.0,0.0,0,,,,,10.809749269,1
publimetro_2014-01-20_1,15,none,,adaptive_mean,docling_easyocr,llama,7,0,0,0,7,0.0,0.0,0.0,0,,,,,60.994940372,1
publimetro_2014-01-20_1,15,none,,adaptive_mean,docling_rapidocr,llama,7,0,0,0,7,0.0,0.0,0.0,0,,,,,9.690719219,1
publimetro_2014-01-20_1,15,none,,basic,docling_easyocr,llama,7,0,0,0,7,0.0,0.0,0.0,0,,,,,70.517920627,1
publimetro_2014-01-20_1,15,none,,basic,docling_rapidocr,llama,7,0,0,0,7,0.0,0.0,0.0,0,,,,,12.95627798,1
publimetro_2014-01-20_1,15,none,,niblack,docling_easyocr,llama,7,0,0,0,7,0.0,0.0,0.0,0,,,,,62.710918134,1
publimetro_2014-01-20_1,15,none,,niblack,docling_rapidocr,llama,7,0,0,0,7,0.0,0.0,0.0,0,,,,,11.545602029,1
publimetro_2014-01-20_1,15,none,,none_color,docling_easyocr,llama,7,0,0,0,7,0.0,0.0,0.0,0,,,,,71.801654327,1
publimetro_2014-01-20_1,15,none,,none_color,docling_rapidocr,llama,7,0,0,0,7,0.0,0.0,0.0,0,,,,,13.811299789,1
publimetro_2014-01-20_1,15,none,,none_grayscale,docling_easyocr,llama,7,0,0,0,7,0.0,0.0,0.0,0,,,,,72.716264785,1
publimetro_2014-01-20_1,15,none,,none_grayscale,docling_rapidocr,llama,7,0,0,0,7,0.0,0.0,0.0,0,,,,,13.97444588,1
publimetro_2014-01-20_1,15,none,,otsu,docling_easyocr,llama,7,0,0,0,7,0.0,0.0,0.0,0,,,,,71.89473578,1
publimetro_2014-01-20_1,15,none,,otsu,docling_rapidocr,llama,7,0,0,0,7,0.0,0.0,0.0,0,,,,,14.635697094,1
publimetro_2014-01-20_1,16,none,,adaptive_gaussian,docling_easyocr,llama,7,0,0,0,7,0.0,0.0,0.0,0,,,,,66.570890216,1
publimetro_2014-01-20_1,16,none,,adaptive_gaussian,docling_rapidocr,llama,7,0,0,0,7,0.0,0.0,0.0,0,,,,,10.684024839,1
publimetro_2014-01-20_1,16,none,,adaptive_mean,docling_easyocr,llama,7,0,0,0,7,0.0,0.0,0.0,0,,,,,58.97483275,1
publimetro_2014-01-20_1,16,none,,adaptive_mean,docling_rapidocr,llama,7,0,0,0,7,0.0,0.0,0.0,0,,,,,10.63932941,1
publimetro_2014-01-20_1,16,none,,basic,docling_easyocr,llama,7,0,0,0,7,0.0,0.0,0.0,0,,,,,72.052995224,1
publimetro_2014-01-20_1,16,none,,basic,docling_rapidocr,llama,7,0,0,0,7,0.0,0.0,0.0,0,,,,,13.698073167,1
publimetro_2014-01-20_1,16,none,,niblack,docling_easyocr,llama,7,0,0,0,7,0.0,0.0,0.0,0,,,,,55.389113258,1
publimetro_2014-01-20_1,16,none,,niblack,docling_rapidocr,llama,7,0,0,0,7,0.0,0.0,0.0,0,,,,,11.587549518,1
publimetro_2014-01-20_1,16,none,,none_color,docling_easyocr,llama,7,0,0,0,7,0.0,0.0,0.0,0,,,,,64.922476642,1
publimetro_2014-01-20_1,16,none,,none_color,docling_rapidocr,llama,7,0,0,0,7,0.0,0.0,0.0,0,,,,,13.535767906,1
publimetro_2014-01-20_1,16,none,,none_grayscale,docling_easyocr,llama,7,0,0,0,7,0.0,0.0,0.0,0,,,,,63.475475973,1
publimetro_2014-01-20_1,16,none,,none_grayscale,docling_rapidocr,llama,7,0,0,0,7,0.0,0.0,0.0,0,,,,,14.285781568,1
publimetro_2014-01-20_1,16,none,,otsu,docling_easyocr,llama,7,0,0,0,7,0.0,0.0,0.0,0,,,,,72.117381425,1
publimetro_2014-01-20_1,16,none,,otsu,docling_rapidocr,llama,7,0,0,0,7,0.0,0.0,0.0,0,,,,,14.228930803,1
publimetro_2014-01-20_1,17,none,,adaptive_gaussian,docling_easyocr,llama,7,0,0,0,7,0.0,0.0,0.0,0,,,,,68.548263578,1
publimetro_2014-01-20_1,17,none,,adaptive_gaussian,docling_rapidocr,llama,7,0,0,0,7,0.0,0.0,0.0,0,,,,,10.850487737,1
publimetro_2014-01-20_1,17,none,,adaptive_mean,docling_easyocr,llama,7,0,0,0,7,0.0,0.0,0.0,0,,,,,68.22787664,1
publimetro_2014-01-20_1,17,none,,adaptive_mean,docling_rapidocr,llama,7,0,0,0,7,0.0,0.0,0.0,0,,,,,9.647346473,1
publimetro_2014-01-20_1,17,none,,basic,docling_easyocr,llama,7,0,0,0,7,0.0,0.0,0.0,0,,,,,70.038508911,1
publimetro_2014-01-20_1,17,none,,basic,docling_rapidocr,llama,7,0,0,0,7,0.0,0.0,0.0,0,,,,,11.735683698,1
publimetro_2014-01-20_1,17,none,,niblack,docling_easyocr,llama,7,0,0,0,7,0.0,0.0,0.0,0,,,,,61.301897762,1
publimetro_2014-01-20_1,17,none,,niblack,docling_rapidocr,llama,7,0,0,0,7,0.0,0.0,0.0,0,,,,,11.081439016,1
publimetro_2014-01-20_1,17,none,,none_color,docling_easyocr,llama,7,0,0,0,7,0.0,0.0,0.0,0,,,,,72.902807493,1
publimetro_2014-01-20_1,17,none,,none_color,docling_rapidocr,llama,7,0,0,0,7,0.0,0.0,0.0,0,,,,,14.451400776,1
publimetro_2014-01-20_1,17,none,,none_grayscale,docling_easyocr,llama,7,0,0,0,7,0.0,0.0,0.0,0,,,,,71.485709613,1
publimetro_2014-01-20_1,17,none,,none_grayscale,docling_rapidocr,llama,7,0,0,0,7,0.0,0.0,0.0,0,,,,,14.998772567,1
publimetro_2014-01-20_1,17,none,,otsu,docling_easyocr,llama,7,0,0,0,7,0.0,0.0,0.0,0,,,,,71.426686378,1
publimetro_2014-01-20_1,17,none,,otsu,docling_rapidocr,llama,7,0,0,0,7,0.0,0.0,0.0,0,,,,,14.060285421,1
publimetro_2014-01-20_1,18,none,,adaptive_gaussian,docling_easyocr,llama,7,0,0,0,7,0.0,0.0,0.0,0,,,,,62.027851804,1
publimetro_2014-01-20_1,18,none,,adaptive_gaussian,docling_rapidocr,llama,7,0,0,0,7,0.0,0.0,0.0,0,,,,,9.538984759,1
publimetro_2014-01-20_1,18,none,,adaptive_mean,docling_easyocr,llama,7,0,0,0,7,0.0,0.0,0.0,0,,,,,62.736302785,1
publimetro_2014-01-20_1,18,none,,adaptive_mean,docling_rapidocr,llama,7,0,0,0,7,0.0,0.0,0.0,0,,,,,11.132532529,1
publimetro_2014-01-20_1,18,none,,basic,docling_easyocr,llama,7,0,0,0,7,0.0,0.0,0.0,0,,,,,62.32253835,1
publimetro_2014-01-20_1,18,none,,basic,docling_rapidocr,llama,7,0,0,0,7,0.0,0.0,0.0,0,,,,,10.684332822,1
publimetro_2014-01-20_1,18,none,,niblack,docling_rapidocr,llama,7,0,0,0,7,0.0,0.0,0.0,0,,,,,10.163208272,1
publimetro_2014-01-20_1,18,none,,none_color,docling_easyocr,llama,7,0,0,0,7,0.0,0.0,0.0,0,,,,,58.416006705,1
publimetro_2014-01-20_1,18,none,,none_grayscale,docling_easyocr,llama,7,0,0,0,7,0.0,0.0,0.0,0,,,,,57.234693667,1
publimetro_2014-01-20_1,18,none,,otsu,docling_easyocr,llama,7,0,0,0,7,0.0,0.0,0.0,0,,,,,62.83186202,1
publimetro_2014-01-20_1,18,none,,otsu,docling_rapidocr,llama,7,0,0,0,7,0.0,0.0,0.0,0,,,,,9.75893669,1
publimetro_2014-01-20_1,18,none,,yannihorne,docling_easyocr,llama,7,0,0,0,7,0.0,0.0,0.0,0,,,,,61.04453616,1
publimetro_2014-01-20_1,19,none,,adaptive_gaussian,docling_easyocr,llama,7,0,0,0,7,0.0,0.0,0.0,0,,,,,62.132464425,1
publimetro_2014-01-20_1,19,none,,adaptive_gaussian,docling_rapidocr,llama,7,0,0,0,7,0.0,0.0,0.0,0,,,,,9.068985478,1
publimetro_2014-01-20_1,19,none,,adaptive_mean,docling_easyocr,llama,7,0,0,0,7,0.0,0.0,0.0,0,,,,,62.539976562,1
publimetro_2014-01-20_1,19,none,,adaptive_mean,docling_rapidocr,llama,7,0,0,0,7,0.0,0.0,0.0,0,,,,,10.308633531,1
publimetro_2014-01-20_1,19,none,,basic,docling_easyocr,llama,7,0,0,0,7,0.0,0.0,0.0,0,,,,,62.731930739,1
publimetro_2014-01-20_1,19,none,,basic,docling_rapidocr,llama,7,0,0,0,7,0.0,0.0,0.0,0,,,,,10.811420209,1
publimetro_2014-01-20_1,19,none,,niblack,docling_rapidocr,llama,7,0,0,0,7,0.0,0.0,0.0,0,,,,,11.15847722,1
publimetro_2014-01-20_1,19,none,,none_color,docling_easyocr,llama,7,0,0,0,7,0.0,0.0,0.0,0,,,,,63.305044585,1
publimetro_2014-01-20_1,19,none,,none_grayscale,docling_easyocr,llama,7,0,0,0,7,0.0,0.0,0.0,0,,,,,66.060875112,1
publimetro_2014-01-20_1,19,none,,otsu,docling_easyocr,llama,7,0,0,0,7,0.0,0.0,0.0,0,,,,,62.910461982,1
publimetro_2014-01-20_1,19,none,,otsu,docling_rapidocr,llama,7,0,0,0,7,0.0,0.0,0.0,0,,,,,10.665622075,1
publimetro_2014-01-20_1,19,none,,yannihorne,docling_rapidocr,llama,7,0,0,0,7,0.0,0.0,0.0,0,,,,,10.257541497,1
publimetro_2014-01-20_1,20,none,,adaptive_gaussian,docling_easyocr,llama,7,0,0,0,7,0.0,0.0,0.0,0,,,,,62.340488978,1
publimetro_2014-01-20_1,20,none,,adaptive_gaussian,docling_rapidocr,llama,7,0,0,0,7,0.0,0.0,0.0,0,,,,,11.386197635,1
publimetro_2014-01-20_1,20,none,,adaptive_mean,docling_easyocr,llama,7,0,0,0,7,0.0,0.0,0.0,0,,,,,60.792867988,1
publimetro_2014-01-20_1,20,none,,adaptive_mean,docling_rapidocr,llama,7,0,0,0,7,0.0,0.0,0.0,0,,,,,12.400463908,1
publimetro_2014-01-20_1,20,none,,basic,docling_easyocr,llama,7,0,0,0,7,0.0,0.0,0.0,0,,,,,62.495662343,1
publimetro_2014-01-20_1,20,none,,basic,docling_rapidocr,llama,7,0,0,0,7,0.0,0.0,0.0,0,,,,,9.604302775,1
publimetro_2014-01-20_1,20,none,,niblack,docling_rapidocr,llama,7,0,0,0,7,0.0,0.0,0.0,0,,,,,10.837240163,1
publimetro_2014-01-20_1,20,none,,none_color,docling_easyocr,llama,7,0,0,0,7,0.0,0.0,0.0,0,,,,,59.678881942,1
publimetro_2014-01-20_1,20,none,,none_grayscale,docling_easyocr,llama,7,0,0,0,7,0.0,0.0,0.0,0,,,,,64.666172563,1
publimetro_2014-01-20_1,20,none,,otsu,docling_easyocr,llama,7,0,0,0,7,0.0,0.0,0.0,0,,,,,63.380746806,1
publimetro_2014-01-20_1,20,none,,otsu,docling_rapidocr,llama,7,0,0,0,7,0.0,0.0,0.0,0,,,,,10.571230615,1
publimetro_2014-01-20_1,20,none,,yannihorne,docling_easyocr,llama,7,0,0,0,7,0.0,0.0,0.0,0,,,,,62.424483502,1
publimetro_2014-01-20_1,21,none,,adaptive_gaussian,docling_easyocr,llama,7,0,0,0,7,0.0,0.0,0.0,0,,,,,163.238653331,1
publimetro_2014-01-20_1,21,none,,adaptive_gaussian,docling_rapidocr,llama,7,0,0,0,7,0.0,0.0,0.0,0,,,,,103.442208438,1
publimetro_2014-01-20_1,21,none,,adaptive_mean,docling_easyocr,llama,7,0,0,0,7,0.0,0.0,0.0,0,,,,,160.204676009,1
publimetro_2014-01-20_1,21,none,,adaptive_mean,docling_rapidocr,llama,7,0,0,0,7,0.0,0.0,0.0,0,,,,,100.680460073,1
publimetro_2014-01-20_1,21,none,,basic,docling_easyocr,llama,7,0,0,0,7,0.0,0.0,0.0,0,,,,,157.771052903,1
publimetro_2014-01-20_1,21,none,,basic,docling_rapidocr,llama,7,0,0,0,7,0.0,0.0,0.0,0,,,,,102.173642701,1
publimetro_2014-01-20_1,21,none,,niblack,docling_easyocr,llama,7,0,0,0,7,0.0,0.0,0.0,0,,,,,154.35984163,1
publimetro_2014-01-20_1,21,none,,niblack,docling_rapidocr,llama,7,0,0,0,7,0.0,0.0,0.0,0,,,,,101.282821462,1
publimetro_2014-01-20_1,21,none,,none_color,docling_easyocr,llama,7,0,0,0,7,0.0,0.0,0.0,0,,,,,164.021107263,1
publimetro_2014-01-20_1,21,none,,none_color,docling_rapidocr,llama,7,0,0,0,7,0.0,0.0,0.0,0,,,,,103.94099266,1
publimetro_2014-01-20_1,21,none,,none_grayscale,docling_easyocr,llama,7,0,0,0,7,0.0,0.0,0.0,0,,,,,163.086984462,1
publimetro_2014-01-20_1,21,none,,none_grayscale,docling_rapidocr,llama,7,0,0,0,7,0.0,0.0,0.0,0,,,,,103.745822257,1
publimetro_2014-01-20_1,21,none,,otsu,docling_easyocr,llama,7,0,0,0,7,0.0,0.0,0.0,0,,,,,162.340510983,1
publimetro_2014-01-20_1,21,none,,otsu,docling_rapidocr,llama,7,0,0,0,7,0.0,0.0,0.0,0,,,,,103.29242887,1
publimetro_2014-01-20_1,22,none,,adaptive_gaussian,docling_easyocr,llama,7,0,0,0,7,0.0,0.0,0.0,0,,,,,164.090233082,1
publimetro_2014-01-20_1,22,none,,adaptive_gaussian,docling_rapidocr,llama,7,0,0,0,7,0.0,0.0,0.0,0,,,,,102.843363041,1
publimetro_2014-01-20_1,22,none,,adaptive_mean,docling_easyocr,llama,7,0,0,0,7,0.0,0.0,0.0,0,,,,,163.005095829,1
publimetro_2014-01-20_1,22,none,,adaptive_mean,docling_rapidocr,llama,7,0,0,0,7,0.0,0.0,0.0,0,,,,,102.802816977,1
publimetro_2014-01-20_1,22,none,,basic,docling_easyocr,llama,7,0,0,0,7,0.0,0.0,0.0,0,,,,,160.789832028,1
publimetro_2014-01-20_1,22,none,,basic,docling_rapidocr,llama,7,0,0,0,7,0.0,0.0,0.0,0,,,,,103.8217074,1
publimetro_2014-01-20_1,22,none,,niblack,docling_easyocr,llama,7,0,0,0,7,0.0,0.0,0.0,0,,,,,154.791484507,1
publimetro_2014-01-20_1,22,none,,niblack,docling_rapidocr,llama,7,0,0,0,7,0.0,0.0,0.0,0,,,,,100.260071429,1
publimetro_2014-01-20_1,22,none,,none_color,docling_easyocr,llama,7,0,0,0,7,0.0,0.0,0.0,0,,,,,163.66510764,1
publimetro_2014-01-20_1,22,none,,none_color,docling_rapidocr,llama,7,0,0,0,7,0.0,0.0,0.0,0,,,,,103.337499531,1
publimetro_2014-01-20_1,22,none,,none_grayscale,docling_easyocr,llama,7,0,0,0,7,0.0,0.0,0.0,0,,,,,161.467741568,1
publimetro_2014-01-20_1,22,none,,none_grayscale,docling_rapidocr,llama,7,0,0,0,7,0.0,0.0,0.0,0,,,,,102.971348126,1
publimetro_2014-01-20_1,22,none,,otsu,docling_easyocr,llama,7,0,0,0,7,0.0,0.0,0.0,0,,,,,163.659300789,1
publimetro_2014-01-20_1,22,none,,otsu,docling_rapidocr,llama,7,0,0,0,7,0.0,0.0,0.0,0,,,,,102.925746664,1
publimetro_2014-01-20_1,23,none,,adaptive_gaussian,docling_easyocr,llama,7,0,0,0,7,0.0,0.0,0.0,0,,,,,162.77763249,1
publimetro_2014-01-20_1,23,none,,adaptive_gaussian,docling_rapidocr,llama,7,0,0,0,7,0.0,0.0,0.0,0,,,,,101.978371874,1
publimetro_2014-01-20_1,23,none,,adaptive_mean,docling_easyocr,llama,7,0,0,0,7,0.0,0.0,0.0,0,,,,,161.965893948,1
publimetro_2014-01-20_1,23,none,,adaptive_mean,docling_rapidocr,llama,7,0,0,0,7,0.0,0.0,0.0,0,,,,,102.575160706,1
publimetro_2014-01-20_1,23,none,,basic,docling_easyocr,llama,7,0,0,0,7,0.0,0.0,0.0,0,,,,,157.223056799,1
publimetro_2014-01-20_1,23,none,,basic,docling_rapidocr,llama,7,0,0,0,7,0.0,0.0,0.0,0,,,,,101.24407602,1
publimetro_2014-01-20_1,23,none,,niblack,docling_easyocr,llama,7,0,0,0,7,0.0,0.0,0.0,0,,,,,154.612305626,1
publimetro_2014-01-20_1,23,none,,niblack,docling_rapidocr,llama,7,0,0,0,7,0.0,0.0,0.0,0,,,,,100.801578268,1
publimetro_2014-01-20_1,23,none,,none_color,docling_easyocr,llama,7,0,0,0,7,0.0,0.0,0.0,0,,,,,161.786884314,1
publimetro_2014-01-20_1,23,none,,none_color,docling_rapidocr,llama,7,0,0,0,7,0.0,0.0,0.0,0,,,,,103.51199246,1
publimetro_2014-01-20_1,23,none,,none_grayscale,docling_easyocr,llama,7,0,0,0,7,0.0,0.0,0.0,0,,,,,164.162553959,1
publimetro_2014-01-20_1,23,none,,none_grayscale,docling_rapidocr,llama,7,0,0,0,7,0.0,0.0,0.0,0,,,,,103.373288088,1
publimetro_2014-01-20_1,23,none,,otsu,docling_easyocr,llama,7,0,0,0,7,0.0,0.0,0.0,0,,,,,158.412456114,1
publimetro_2014-01-20_1,23,none,,otsu,docling_rapidocr,llama,7,0,0,0,7,0.0,0.0,0.0,0,,,,,101.947802145,1
publimetro_2014-01-20_1,24,none,,adaptive_gaussian,docling_easyocr,llama,7,0,0,0,7,0.0,0.0,0.0,0,,,,,74.003061623,1
publimetro_2014-01-20_1,24,none,,adaptive_gaussian,docling_rapidocr,llama,7,0,0,0,7,0.0,0.0,0.0,0,,,,,12.754922957,1
publimetro_2014-01-20_1,24,none,,adaptive_mean,docling_easyocr,llama,7,0,0,0,7,0.0,0.0,0.0,0,,,,,74.42169186,1
publimetro_2014-01-20_1,24,none,,adaptive_mean,docling_rapidocr,llama,7,0,0,0,7,0.0,0.0,0.0,0,,,,,11.614287581,1
publimetro_2014-01-20_1,24,none,,basic,docling_easyocr,llama,7,0,0,0,7,0.0,0.0,0.0,0,,,,,71.122388371,1
publimetro_2014-01-20_1,24,none,,basic,docling_rapidocr,llama,7,0,0,0,7,0.0,0.0,0.0,0,,,,,14.803804882,1
publimetro_2014-01-20_1,24,none,,niblack,docling_easyocr,llama,7,0,0,0,7,0.0,0.0,0.0,0,,,,,64.679621207,1
publimetro_2014-01-20_1,24,none,,niblack,docling_rapidocr,llama,7,0,0,0,7,0.0,0.0,0.0,0,,,,,11.458110796,1
publimetro_2014-01-20_1,24,none,,none_color,docling_easyocr,llama,7,0,0,0,7,0.0,0.0,0.0,0,,,,,70.891782624,1
publimetro_2014-01-20_1,24,none,,none_color,docling_rapidocr,llama,7,0,0,0,7,0.0,0.0,0.0,0,,,,,14.996962172,1
publimetro_2014-01-20_1,24,none,,none_grayscale,docling_easyocr,llama,7,0,0,0,7,0.0,0.0,0.0,0,,,,,72.218295893,1
publimetro_2014-01-20_1,24,none,,none_grayscale,docling_rapidocr,llama,7,0,0,0,7,0.0,0.0,0.0,0,,,,,15.521212181,1
publimetro_2014-01-20_1,24,none,,otsu,docling_easyocr,llama,7,0,0,0,7,0.0,0.0,0.0,0,,,,,71.394621691,1
publimetro_2014-01-20_1,24,none,,otsu,docling_rapidocr,llama,7,0,0,0,7,0.0,0.0,0.0,0,,,,,13.360288224,1
publimetro_2014-01-20_1,25,none,,adaptive_gaussian,docling_easyocr,llama,7,0,0,0,7,0.0,0.0,0.0,0,,,,,74.256358713,1
publimetro_2014-01-20_1,25,none,,adaptive_gaussian,docling_rapidocr,llama,7,0,0,0,7,0.0,0.0,0.0,0,,,,,12.657474846,1
publimetro_2014-01-20_1,25,none,,adaptive_mean,docling_easyocr,llama,7,0,0,0,7,0.0,0.0,0.0,0,,,,,67.740423407,1
publimetro_2014-01-20_1,25,none,,adaptive_mean,docling_rapidocr,llama,7,0,0,0,7,0.0,0.0,0.0,0,,,,,12.792332854,1
publimetro_2014-01-20_1,25,none,,basic,docling_easyocr,llama,7,0,0,0,7,0.0,0.0,0.0,0,,,,,72.188480385,1
publimetro_2014-01-20_1,25,none,,basic,docling_rapidocr,llama,7,0,0,0,7,0.0,0.0,0.0,0,,,,,13.935553082,1
publimetro_2014-01-20_1,25,none,,niblack,docling_easyocr,llama,7,0,0,0,7,0.0,0.0,0.0,0,,,,,65.101883875,1
publimetro_2014-01-20_1,25,none,,niblack,docling_rapidocr,llama,7,0,0,0,7,0.0,0.0,0.0,0,,,,,9.823799835,1
publimetro_2014-01-20_1,25,none,,none_color,docling_easyocr,llama,7,0,0,0,7,0.0,0.0,0.0,0,,,,,72.445399147,1
publimetro_2014-01-20_1,25,none,,none_color,docling_rapidocr,llama,7,0,0,0,7,0.0,0.0,0.0,0,,,,,15.315219265,1
publimetro_2014-01-20_1,25,none,,none_grayscale,docling_easyocr,llama,7,0,0,0,7,0.0,0.0,0.0,0,,,,,68.530676777,1
publimetro_2014-01-20_1,25,none,,none_grayscale,docling_rapidocr,llama,7,0,0,0,7,0.0,0.0,0.0,0,,,,,12.706282551,1
publimetro_2014-01-20_1,25,none,,otsu,docling_easyocr,llama,7,0,0,0,7,0.0,0.0,0.0,0,,,,,71.983817896,1
publimetro_2014-01-20_1,25,none,,otsu,docling_rapidocr,llama,7,0,0,0,7,0.0,0.0,0.0,0,,,,,12.611542782,1
publimetro_2014-01-20_1,26,none,,adaptive_gaussian,docling_easyocr,llama,7,0,0,0,7,0.0,0.0,0.0,0,,,,,72.172386131,1
publimetro_2014-01-20_1,26,none,,adaptive_gaussian,docling_rapidocr,llama,7,0,0,0,7,0.0,0.0,0.0,0,,,,,12.3224084,1
publimetro_2014-01-20_1,26,none,,adaptive_mean,docling_easyocr,llama,7,0,0,0,7,0.0,0.0,0.0,0,,,,,73.786365658,1
publimetro_2014-01-20_1,26,none,,adaptive_mean,docling_rapidocr,llama,7,0,0,0,7,0.0,0.0,0.0,0,,,,,12.510601193,1
publimetro_2014-01-20_1,26,none,,basic,docling_easyocr,llama,7,0,0,0,7,0.0,0.0,0.0,0,,,,,72.670025778,1
publimetro_2014-01-20_1,26,none,,basic,docling_rapidocr,llama,7,0,0,0,7,0.0,0.0,0.0,0,,,,,15.030019951,1
publimetro_2014-01-20_1,26,none,,niblack,docling_easyocr,llama,7,0,0,0,7,0.0,0.0,0.0,0,,,,,64.610052662,1
publimetro_2014-01-20_1,26,none,,niblack,docling_rapidocr,llama,7,0,0,0,7,0.0,0.0,0.0,0,,,,,11.901583033,1
publimetro_2014-01-20_1,26,none,,none_color,docling_easyocr,llama,7,0,0,0,7,0.0,0.0,0.0,0,,,,,72.014124512,1
publimetro_2014-01-20_1,26,none,,none_color,docling_rapidocr,llama,7,0,0,0,7,0.0,0.0,0.0,0,,,,,15.296263098,1
publimetro_2014-01-20_1,26,none,,none_grayscale,docling_easyocr,llama,7,0,0,0,7,0.0,0.0,0.0,0,,,,,72.608541607,1
publimetro_2014-01-20_1,26,none,,none_grayscale,docling_rapidocr,llama,7,0,0,0,7,0.0,0.0,0.0,0,,,,,13.131174921,1
publimetro_2014-01-20_1,26,none,,otsu,docling_easyocr,llama,7,0,0,0,7,0.0,0.0,0.0,0,,,,,71.402221466,1
publimetro_2014-01-20_1,26,none,,otsu,docling_rapidocr,llama,7,0,0,0,7,0.0,0.0,0.0,0,,,,,14.677064682,1
publimetro_2014-01-20_1,27,none,,adaptive_gaussian,docling_easyocr,llama,7,0,0,0,7,0.0,0.0,0.0,0,,,,,67.797364054,1
publimetro_2014-01-20_1,27,none,,adaptive_gaussian,docling_rapidocr,llama,7,0,0,0,7,0.0,0.0,0.0,0,,,,,11.634323893,1
publimetro_2014-01-20_1,27,none,,adaptive_mean,docling_easyocr,llama,7,0,0,0,7,0.0,0.0,0.0,0,,,,,67.8064282,1
publimetro_2014-01-20_1,27,none,,adaptive_mean,docling_rapidocr,llama,7,0,0,0,7,0.0,0.0,0.0,0,,,,,13.819036013,1
publimetro_2014-01-20_1,27,none,,basic,docling_easyocr,llama,7,0,0,0,7,0.0,0.0,0.0,0,,,,,69.508518744,1
publimetro_2014-01-20_1,27,none,,basic,docling_rapidocr,llama,7,0,0,0,7,0.0,0.0,0.0,0,,,,,12.644684363,1
publimetro_2014-01-20_1,27,none,,niblack,docling_easyocr,llama,7,0,0,0,7,0.0,0.0,0.0,0,,,,,66.366987328,1
publimetro_2014-01-20_1,27,none,,niblack,docling_rapidocr,llama,7,0,0,0,7,0.0,0.0,0.0,0,,,,,11.986397127,1
publimetro_2014-01-20_1,27,none,,none_color,docling_easyocr,llama,7,0,0,0,7,0.0,0.0,0.0,0,,,,,69.607563637,1
publimetro_2014-01-20_1,27,none,,none_color,docling_rapidocr,llama,7,0,0,0,7,0.0,0.0,0.0,0,,,,,14.362980507,1
publimetro_2014-01-20_1,27,none,,none_grayscale,docling_easyocr,llama,7,0,0,0,7,0.0,0.0,0.0,0,,,,,71.410172438,1
publimetro_2014-01-20_1,27,none,,none_grayscale,docling_rapidocr,llama,7,0,0,0,7,0.0,0.0,0.0,0,,,,,14.285848354,1
publimetro_2014-01-20_1,27,none,,otsu,docling_easyocr,llama,7,0,0,0,7,0.0,0.0,0.0,0,,,,,70.625094772,1
publimetro_2014-01-20_1,27,none,,otsu,docling_rapidocr,llama,7,0,0,0,7,0.0,0.0,0.0,0,,,,,15.043417574,1
publimetro_2014-01-20_1,28,none,,adaptive_gaussian,docling_easyocr,llama,7,0,0,0,7,0.0,0.0,0.0,0,,,,,72.524642338,1
publimetro_2014-01-20_1,28,none,,adaptive_gaussian,docling_rapidocr,llama,7,0,0,0,7,0.0,0.0,0.0,0,,,,,11.346837153,1
publimetro_2014-01-20_1,28,none,,adaptive_mean,docling_easyocr,llama,7,0,0,0,7,0.0,0.0,0.0,0,,,,,73.216258511,1
publimetro_2014-01-20_1,28,none,,adaptive_mean,docling_rapidocr,llama,7,0,0,0,7,0.0,0.0,0.0,0,,,,,11.665332064,1
publimetro_2014-01-20_1,28,none,,basic,docling_easyocr,llama,7,0,0,0,7,0.0,0.0,0.0,0,,,,,70.940276411,1
publimetro_2014-01-20_1,28,none,,basic,docling_rapidocr,llama,7,0,0,0,7,0.0,0.0,0.0,0,,,,,13.265612867,1
publimetro_2014-01-20_1,28,none,,niblack,docling_easyocr,llama,7,0,0,0,7,0.0,0.0,0.0,0,,,,,64.398563442,1
publimetro_2014-01-20_1,28,none,,niblack,docling_rapidocr,llama,7,0,0,0,7,0.0,0.0,0.0,0,,,,,10.921357689,1
publimetro_2014-01-20_1,28,none,,none_color,docling_easyocr,llama,7,0,0,0,7,0.0,0.0,0.0,0,,,,,70.657923103,1
publimetro_2014-01-20_1,28,none,,none_color,docling_rapidocr,llama,7,0,0,0,7,0.0,0.0,0.0,0,,,,,13.697997213,1
publimetro_2014-01-20_1,28,none,,none_grayscale,docling_easyocr,llama,7,0,0,0,7,0.0,0.0,0.0,0,,,,,67.593592836,1
publimetro_2014-01-20_1,28,none,,none_grayscale,docling_rapidocr,llama,7,0,0,0,7,0.0,0.0,0.0,0,,,,,14.456737711,1
publimetro_2014-01-20_1,28,none,,otsu,docling_easyocr,llama,7,0,0,0,7,0.0,0.0,0.0,0,,,,,66.128499369,1
publimetro_2014-01-20_1,28,none,,otsu,docling_rapidocr,llama,7,0,0,0,7,0.0,0.0,0.0,0,,,,,12.449552397,1
publimetro_2014-01-20_1,29,none,,adaptive_gaussian,docling_easyocr,llama,7,0,0,0,7,0.0,0.0,0.0,0,,,,,73.240841259,1
publimetro_2014-01-20_1,29,none,,adaptive_gaussian,docling_rapidocr,llama,7,0,0,0,7,0.0,0.0,0.0,0,,,,,13.735652794,1
publimetro_2014-01-20_1,29,none,,adaptive_mean,docling_easyocr,llama,7,0,0,0,7,0.0,0.0,0.0,0,,,,,72.556895075,1
publimetro_2014-01-20_1,29,none,,adaptive_mean,docling_rapidocr,llama,7,0,0,0,7,0.0,0.0,0.0,0,,,,,13.359173355,1
publimetro_2014-01-20_1,29,none,,basic,docling_easyocr,llama,7,0,0,0,7,0.0,0.0,0.0,0,,,,,74.029768328,1
publimetro_2014-01-20_1,29,none,,basic,docling_rapidocr,llama,7,0,0,0,7,0.0,0.0,0.0,0,,,,,13.897142986,1
publimetro_2014-01-20_1,29,none,,niblack,docling_easyocr,llama,7,0,0,0,7,0.0,0.0,0.0,0,,,,,67.117137676,1
publimetro_2014-01-20_1,29,none,,niblack,docling_rapidocr,llama,7,0,0,0,7,0.0,0.0,0.0,0,,,,,11.180723911,1
publimetro_2014-01-20_1,29,none,,none_color,docling_easyocr,llama,7,0,0,0,7,0.0,0.0,0.0,0,,,,,72.085609701,1
publimetro_2014-01-20_1,29,none,,none_color,docling_rapidocr,llama,7,0,0,0,7,0.0,0.0,0.0,0,,,,,13.597578314,1
publimetro_2014-01-20_1,29,none,,none_grayscale,docling_easyocr,llama,7,0,0,0,7,0.0,0.0,0.0,0,,,,,73.026379135,1
publimetro_2014-01-20_1,29,none,,none_grayscale,docling_rapidocr,llama,7,0,0,0,7,0.0,0.0,0.0,0,,,,,12.905189303,1
publimetro_2014-01-20_1,29,none,,otsu,docling_easyocr,llama,7,0,0,0,7,0.0,0.0,0.0,0,,,,,71.142823868,1
publimetro_2014-01-20_1,29,none,,otsu,docling_rapidocr,llama,7,0,0,0,7,0.0,0.0,0.0,0,,,,,13.850104504,1
publimetro_2014-01-20_1,30,none,,adaptive_gaussian,docling_easyocr,llama,7,0,0,0,7,0.0,0.0,0.0,0,,,,,72.825294671,1
publimetro_2014-01-20_1,30,none,,adaptive_gaussian,docling_rapidocr,llama,7,0,0,0,7,0.0,0.0,0.0,0,,,,,12.90301436,1
publimetro_2014-01-20_1,30,none,,adaptive_mean,docling_easyocr,llama,7,0,0,0,7,0.0,0.0,0.0,0,,,,,63.266028052,1
publimetro_2014-01-20_1,30,none,,adaptive_mean,docling_rapidocr,llama,7,0,0,0,7,0.0,0.0,0.0,0,,,,,12.691656476,1
publimetro_2014-01-20_1,30,none,,basic,docling_easyocr,llama,7,0,0,0,7,0.0,0.0,0.0,0,,,,,68.313880134,1
publimetro_2014-01-20_1,30,none,,basic,docling_rapidocr,llama,7,0,0,0,7,0.0,0.0,0.0,0,,,,,12.369157004,1
publimetro_2014-01-20_1,30,none,,niblack,docling_easyocr,llama,7,0,0,0,7,0.0,0.0,0.0,0,,,,,67.062422587,1
publimetro_2014-01-20_1,30,none,,niblack,docling_rapidocr,llama,7,0,0,0,7,0.0,0.0,0.0,0,,,,,11.290643289,1
publimetro_2014-01-20_1,30,none,,none_color,docling_easyocr,llama,7,0,0,0,7,0.0,0.0,0.0,0,,,,,72.691191934,1
publimetro_2014-01-20_1,30,none,,none_color,docling_rapidocr,llama,7,0,0,0,7,0.0,0.0,0.0,0,,,,,12.071070932,1
publimetro_2014-01-20_1,30,none,,none_grayscale,docling_easyocr,llama,7,0,0,0,7,0.0,0.0,0.0,0,,,,,74.241535997,1
publimetro_2014-01-20_1,30,none,,none_grayscale,docling_rapidocr,llama,7,0,0,0,7,0.0,0.0,0.0,0,,,,,13.551015948,1
publimetro_2014-01-20_1,30,none,,otsu,docling_easyocr,llama,7,0,0,0,7,0.0,0.0,0.0,0,,,,,72.805884124,1
publimetro_2014-01-20_1,30,none,,otsu,docling_rapidocr,llama,7,0,0,0,7,0.0,0.0,0.0,0,,,,,14.40987897,1
publimetro_2014-01-20_1,31,none,,adaptive_gaussian,docling_easyocr,llama,7,0,0,0,7,0.0,0.0,0.0,0,,,,,72.751898662,1
publimetro_2014-01-20_1,31,none,,adaptive_gaussian,docling_rapidocr,llama,7,0,0,0,7,0.0,0.0,0.0,0,,,,,12.473516837,1
publimetro_2014-01-20_1,31,none,,adaptive_mean,docling_easyocr,llama,7,0,0,0,7,0.0,0.0,0.0,0,,,,,66.783588254,1
publimetro_2014-01-20_1,31,none,,adaptive_mean,docling_rapidocr,llama,7,0,0,0,7,0.0,0.0,0.0,0,,,,,12.530732953,1
publimetro_2014-01-20_1,31,none,,basic,docling_easyocr,llama,7,0,0,0,7,0.0,0.0,0.0,0,,,,,74.712246232,1
publimetro_2014-01-20_1,31,none,,basic,docling_rapidocr,llama,7,0,0,0,7,0.0,0.0,0.0,0,,,,,14.43814879,1
publimetro_2014-01-20_1,31,none,,niblack,docling_easyocr,llama,7,0,0,0,7,0.0,0.0,0.0,0,,,,,61.969680247,1
publimetro_2014-01-20_1,31,none,,niblack,docling_rapidocr,llama,7,0,0,0,7,0.0,0.0,0.0,0,,,,,12.083417115,1
publimetro_2014-01-20_1,31,none,,none_color,docling_easyocr,llama,7,0,0,0,7,0.0,0.0,0.0,0,,,,,71.846815971,1
publimetro_2014-01-20_1,31,none,,none_color,docling_rapidocr,llama,7,0,0,0,7,0.0,0.0,0.0,0,,,,,13.692228463,1
publimetro_2014-01-20_1,31,none,,none_grayscale,docling_easyocr,llama,7,0,0,0,7,0.0,0.0,0.0,0,,,,,66.131656865,1
publimetro_2014-01-20_1,31,none,,none_grayscale,docling_rapidocr,llama,7,0,0,0,7,0.0,0.0,0.0,0,,,,,14.566939572,1
publimetro_2014-01-20_1,31,none,,otsu,docling_easyocr,llama,7,0,0,0,7,0.0,0.0,0.0,0,,,,,71.932357436,1
publimetro_2014-01-20_1,31,none,,otsu,docling_rapidocr,llama,7,0,0,0,7,0.0,0.0,0.0,0,,,,,14.263281232,1
publimetro_2014-01-20_1,32,none,,adaptive_gaussian,docling_easyocr,llama,7,0,0,0,7,0.0,0.0,0.0,0,,,,,71.823354949,1
publimetro_2014-01-20_1,32,none,,adaptive_gaussian,docling_rapidocr,llama,7,0,0,0,7,0.0,0.0,0.0,0,,,,,13.656768788,1
publimetro_2014-01-20_1,32,none,,adaptive_mean,docling_easyocr,llama,7,0,0,0,7,0.0,0.0,0.0,0,,,,,68.446286378,1
publimetro_2014-01-20_1,32,none,,adaptive_mean,docling_rapidocr,llama,7,0,0,0,7,0.0,0.0,0.0,0,,,,,12.069237886,1
publimetro_2014-01-20_1,32,none,,basic,docling_easyocr,llama,7,0,0,0,7,0.0,0.0,0.0,0,,,,,68.109499196,1
publimetro_2014-01-20_1,32,none,,basic,docling_rapidocr,llama,7,0,0,0,7,0.0,0.0,0.0,0,,,,,12.861790399,1
publimetro_2014-01-20_1,32,none,,niblack,docling_easyocr,llama,7,0,0,0,7,0.0,0.0,0.0,0,,,,,66.85257636,1
publimetro_2014-01-20_1,32,none,,niblack,docling_rapidocr,llama,7,0,0,0,7,0.0,0.0,0.0,0,,,,,12.48771201,1
publimetro_2014-01-20_1,32,none,,none_color,docling_easyocr,llama,7,0,0,0,7,0.0,0.0,0.0,0,,,,,75.16975942,1
publimetro_2014-01-20_1,32,none,,none_color,docling_rapidocr,llama,7,0,0,0,7,0.0,0.0,0.0,0,,,,,12.833281663,1
publimetro_2014-01-20_1,32,none,,none_grayscale,docling_easyocr,llama,7,0,0,0,7,0.0,0.0,0.0,0,,,,,75.499733594,1
publimetro_2014-01-20_1,32,none,,none_grayscale,docling_rapidocr,llama,7,0,0,0,7,0.0,0.0,0.0,0,,,,,14.79658666,1
publimetro_2014-01-20_1,32,none,,otsu,docling_easyocr,llama,7,0,0,0,7,0.0,0.0,0.0,0,,,,,75.303756766,1
publimetro_2014-01-20_1,32,none,,otsu,docling_rapidocr,llama,7,0,0,0,7,0.0,0.0,0.0,0,,,,,12.909045034,1
publimetro_2014-01-20_1,33,none,,adaptive_gaussian,docling_easyocr,llama,7,0,0,0,7,0.0,0.0,0.0,0,,,,,72.523237737,1
publimetro_2014-01-20_1,33,none,,adaptive_gaussian,docling_rapidocr,llama,7,0,0,0,7,0.0,0.0,0.0,0,,,,,13.026682408,1
publimetro_2014-01-20_1,33,none,,adaptive_mean,docling_easyocr,llama,7,0,0,0,7,0.0,0.0,0.0,0,,,,,70.23363214,1
publimetro_2014-01-20_1,33,none,,adaptive_mean,docling_rapidocr,llama,7,0,0,0,7,0.0,0.0,0.0,0,,,,,13.062282853,1
publimetro_2014-01-20_1,33,none,,basic,docling_easyocr,llama,7,0,0,0,7,0.0,0.0,0.0,0,,,,,74.639570973,1
publimetro_2014-01-20_1,33,none,,basic,docling_rapidocr,llama,7,0,0,0,7,0.0,0.0,0.0,0,,,,,14.227800868,1
publimetro_2014-01-20_1,33,none,,niblack,docling_easyocr,llama,7,0,0,0,7,0.0,0.0,0.0,0,,,,,66.555017327,1
publimetro_2014-01-20_1,33,none,,niblack,docling_rapidocr,llama,7,0,0,0,7,0.0,0.0,0.0,0,,,,,10.005368327,1
publimetro_2014-01-20_1,33,none,,none_color,docling_easyocr,llama,7,0,0,0,7,0.0,0.0,0.0,0,,,,,71.967656324,1
publimetro_2014-01-20_1,33,none,,none_color,docling_rapidocr,llama,7,0,0,0,7,0.0,0.0,0.0,0,,,,,14.882898042,1
publimetro_2014-01-20_1,33,none,,none_grayscale,docling_easyocr,llama,7,0,0,0,7,0.0,0.0,0.0,0,,,,,64.615380786,1
publimetro_2014-01-20_1,33,none,,none_grayscale,docling_rapidocr,llama,7,0,0,0,7,0.0,0.0,0.0,0,,,,,14.508829616,1
publimetro_2014-01-20_1,33,none,,otsu,docling_easyocr,llama,7,0,0,0,7,0.0,0.0,0.0,0,,,,,62.783488917,1
publimetro_2014-01-20_1,33,none,,otsu,docling_rapidocr,llama,7,0,0,0,7,0.0,0.0,0.0,0,,,,,14.114529777,1
publimetro_2014-01-20_1,34,none,,adaptive_gaussian,docling_easyocr,llama,7,0,0,0,7,0.0,0.0,0.0,0,,,,,67.810861339,1
publimetro_2014-01-20_1,34,none,,adaptive_gaussian,docling_rapidocr,llama,7,0,0,0,7,0.0,0.0,0.0,0,,,,,13.764085044,1
publimetro_2014-01-20_1,34,none,,adaptive_mean,docling_easyocr,llama,7,0,0,0,7,0.0,0.0,0.0,0,,,,,70.299290595,1
publimetro_2014-01-20_1,34,none,,adaptive_mean,docling_rapidocr,llama,7,0,0,0,7,0.0,0.0,0.0,0,,,,,12.362281022,1
publimetro_2014-01-20_1,34,none,,basic,docling_easyocr,llama,7,0,0,0,7,0.0,0.0,0.0,0,,,,,72.232735852,1
publimetro_2014-01-20_1,34,none,,basic,docling_rapidocr,llama,7,0,0,0,7,0.0,0.0,0.0,0,,,,,14.585984449,1
publimetro_2014-01-20_1,34,none,,niblack,docling_easyocr,llama,7,0,0,0,7,0.0,0.0,0.0,0,,,,,58.870477874,1
publimetro_2014-01-20_1,34,none,,niblack,docling_rapidocr,llama,7,0,0,0,7,0.0,0.0,0.0,0,,,,,11.508749206,1
publimetro_2014-01-20_1,34,none,,none_color,docling_easyocr,llama,7,0,0,0,7,0.0,0.0,0.0,0,,,,,71.721788718,1
publimetro_2014-01-20_1,34,none,,none_color,docling_rapidocr,llama,7,0,0,0,7,0.0,0.0,0.0,0,,,,,14.813146188,1
publimetro_2014-01-20_1,34,none,,none_grayscale,docling_easyocr,llama,7,0,0,0,7,0.0,0.0,0.0,0,,,,,72.082116273,1
publimetro_2014-01-20_1,34,none,,none_grayscale,docling_rapidocr,llama,7,0,0,0,7,0.0,0.0,0.0,0,,,,,14.618229774,1
publimetro_2014-01-20_1,34,none,,otsu,docling_easyocr,llama,7,0,0,0,7,0.0,0.0,0.0,0,,,,,71.872926049,1
publimetro_2014-01-20_1,34,none,,otsu,docling_rapidocr,llama,7,0,0,0,7,0.0,0.0,0.0,0,,,,,12.922622495,1
publimetro_2014-01-20_1,35,none,,adaptive_gaussian,docling_easyocr,llama,7,0,0,0,7,0.0,0.0,0.0,0,,,,,67.156477369,1
publimetro_2014-01-20_1,35,none,,adaptive_gaussian,docling_rapidocr,llama,7,0,0,0,7,0.0,0.0,0.0,0,,,,,11.719653762,1
publimetro_2014-01-20_1,35,none,,adaptive_mean,docling_easyocr,llama,7,0,0,0,7,0.0,0.0,0.0,0,,,,,65.803602012,1
publimetro_2014-01-20_1,35,none,,adaptive_mean,docling_rapidocr,llama,7,0,0,0,7,0.0,0.0,0.0,0,,,,,12.533065112,1
publimetro_2014-01-20_1,35,none,,basic,docling_easyocr,llama,7,0,0,0,7,0.0,0.0,0.0,0,,,,,68.721583678,1
publimetro_2014-01-20_1,35,none,,basic,docling_rapidocr,llama,7,0,0,0,7,0.0,0.0,0.0,0,,,,,12.889274671,1
publimetro_2014-01-20_1,35,none,,niblack,docling_easyocr,llama,7,0,0,0,7,0.0,0.0,0.0,0,,,,,64.88589092,1
publimetro_2014-01-20_1,35,none,,niblack,docling_rapidocr,llama,7,0,0,0,7,0.0,0.0,0.0,0,,,,,12.094249208,1
publimetro_2014-01-20_1,35,none,,none_color,docling_easyocr,llama,7,0,0,0,7,0.0,0.0,0.0,0,,,,,72.402574064,1
publimetro_2014-01-20_1,35,none,,none_color,docling_rapidocr,llama,7,0,0,0,7,0.0,0.0,0.0,0,,,,,14.570154906,1
publimetro_2014-01-20_1,35,none,,none_grayscale,docling_easyocr,llama,7,0,0,0,7,0.0,0.0,0.0,0,,,,,72.306257726,1
publimetro_2014-01-20_1,35,none,,none_grayscale,docling_rapidocr,llama,7,0,0,0,7,0.0,0.0,0.0,0,,,,,14.596273185,1
publimetro_2014-01-20_1,35,none,,otsu,docling_easyocr,llama,7,0,0,0,7,0.0,0.0,0.0,0,,,,,73.005031017,1
publimetro_2014-01-20_1,35,none,,otsu,docling_rapidocr,llama,7,0,0,0,7,0.0,0.0,0.0,0,,,,,15.036140826,1
publimetro_2014-01-20_1,36,none,,adaptive_gaussian,docling_easyocr,llama,7,0,0,0,7,0.0,0.0,0.0,0,,,,,72.080826791,1
publimetro_2014-01-20_1,36,none,,adaptive_gaussian,docling_rapidocr,llama,7,0,0,0,7,0.0,0.0,0.0,0,,,,,13.276361259,1
publimetro_2014-01-20_1,36,none,,adaptive_mean,docling_easyocr,llama,7,0,0,0,7,0.0,0.0,0.0,0,,,,,70.90841649,1
publimetro_2014-01-20_1,36,none,,adaptive_mean,docling_rapidocr,llama,7,0,0,0,7,0.0,0.0,0.0,0,,,,,13.008699159,1
publimetro_2014-01-20_1,36,none,,basic,docling_easyocr,llama,7,0,0,0,7,0.0,0.0,0.0,0,,,,,70.212185882,1
publimetro_2014-01-20_1,36,none,,basic,docling_rapidocr,llama,7,0,0,0,7,0.0,0.0,0.0,0,,,,,12.988396428,1
publimetro_2014-01-20_1,36,none,,niblack,docling_easyocr,llama,7,0,0,0,7,0.0,0.0,0.0,0,,,,,65.421803331,1
publimetro_2014-01-20_1,36,none,,niblack,docling_rapidocr,llama,7,0,0,0,7,0.0,0.0,0.0,0,,,,,9.955973243,1
publimetro_2014-01-20_1,36,none,,none_color,docling_easyocr,llama,7,0,0,0,7,0.0,0.0,0.0,0,,,,,73.965061542,1
publimetro_2014-01-20_1,36,none,,none_color,docling_rapidocr,llama,7,0,0,0,7,0.0,0.0,0.0,0,,,,,13.783956166,1
publimetro_2014-01-20_1,36,none,,none_grayscale,docling_easyocr,llama,7,0,0,0,7,0.0,0.0,0.0,0,,,,,68.349378535,1
publimetro_2014-01-20_1,36,none,,none_grayscale,docling_rapidocr,llama,7,0,0,0,7,0.0,0.0,0.0,0,,,,,13.825168321,1
publimetro_2014-01-20_1,36,none,,otsu,docling_easyocr,llama,7,0,0,0,7,0.0,0.0,0.0,0,,,,,74.185477113,1
publimetro_2014-01-20_1,36,none,,otsu,docling_rapidocr,llama,7,0,0,0,7,0.0,0.0,0.0,0,,,,,12.702675676,1
publimetro_2014-01-20_1,37,none,,adaptive_gaussian,docling_easyocr,llama,7,0,0,0,7,0.0,0.0,0.0,0,,,,,73.827482141,1
publimetro_2014-01-20_1,37,none,,adaptive_gaussian,docling_rapidocr,llama,7,0,0,0,7,0.0,0.0,0.0,0,,,,,10.428620017,1
publimetro_2014-01-20_1,37,none,,adaptive_mean,docling_easyocr,llama,7,0,0,0,7,0.0,0.0,0.0,0,,,,,70.957607373,1
publimetro_2014-01-20_1,37,none,,adaptive_mean,docling_rapidocr,llama,7,0,0,0,7,0.0,0.0,0.0,0,,,,,12.566120967,1
publimetro_2014-01-20_1,37,none,,basic,docling_easyocr,llama,7,0,0,0,7,0.0,0.0,0.0,0,,,,,75.199001697,1
publimetro_2014-01-20_1,37,none,,basic,docling_rapidocr,llama,7,0,0,0,7,0.0,0.0,0.0,0,,,,,14.158887056,1
publimetro_2014-01-20_1,37,none,,niblack,docling_easyocr,llama,7,0,0,0,7,0.0,0.0,0.0,0,,,,,65.622294955,1
publimetro_2014-01-20_1,37,none,,niblack,docling_rapidocr,llama,7,0,0,0,7,0.0,0.0,0.0,0,,,,,11.232574516,1
publimetro_2014-01-20_1,37,none,,none_color,docling_easyocr,llama,7,0,0,0,7,0.0,0.0,0.0,0,,,,,74.555018426,1
publimetro_2014-01-20_1,37,none,,none_color,docling_rapidocr,llama,7,0,0,0,7,0.0,0.0,0.0,0,,,,,13.916052581,1
publimetro_2014-01-20_1,37,none,,none_grayscale,docling_easyocr,llama,7,0,0,0,7,0.0,0.0,0.0,0,,,,,73.160579755,1
publimetro_2014-01-20_1,37,none,,none_grayscale,docling_rapidocr,llama,7,0,0,0,7,0.0,0.0,0.0,0,,,,,13.79131396,1
publimetro_2014-01-20_1,37,none,,otsu,docling_easyocr,llama,7,0,0,0,7,0.0,0.0,0.0,0,,,,,70.105727414,1
publimetro_2014-01-20_1,37,none,,otsu,docling_rapidocr,llama,7,0,0,0,7,0.0,0.0,0.0,0,,,,,15.115882377,1
publimetro_2014-01-20_1,38,none,,adaptive_gaussian,docling_easyocr,llama,7,0,0,0,7,0.0,0.0,0.0,0,,,,,73.576336829,1
publimetro_2014-01-20_1,38,none,,adaptive_gaussian,docling_rapidocr,llama,7,0,0,0,7,0.0,0.0,0.0,0,,,,,13.634848563,1
publimetro_2014-01-20_1,38,none,,adaptive_mean,docling_easyocr,llama,7,0,0,0,7,0.0,0.0,0.0,0,,,,,71.716878808,1
publimetro_2014-01-20_1,38,none,,adaptive_mean,docling_rapidocr,llama,7,0,0,0,7,0.0,0.0,0.0,0,,,,,12.345118678,1
publimetro_2014-01-20_1,38,none,,basic,docling_easyocr,llama,7,0,0,0,7,0.0,0.0,0.0,0,,,,,67.461794025,1
publimetro_2014-01-20_1,38,none,,basic,docling_rapidocr,llama,7,0,0,0,7,0.0,0.0,0.0,0,,,,,12.682196265,1
publimetro_2014-01-20_1,38,none,,niblack,docling_easyocr,llama,7,0,0,0,7,0.0,0.0,0.0,0,,,,,61.116660937,1
publimetro_2014-01-20_1,38,none,,niblack,docling_rapidocr,llama,7,0,0,0,7,0.0,0.0,0.0,0,,,,,11.766260013,1
publimetro_2014-01-20_1,38,none,,none_color,docling_easyocr,llama,7,0,0,0,7,0.0,0.0,0.0,0,,,,,73.836939864,1
publimetro_2014-01-20_1,38,none,,none_color,docling_rapidocr,llama,7,0,0,0,7,0.0,0.0,0.0,0,,,,,12.56631618,1
publimetro_2014-01-20_1,38,none,,none_grayscale,docling_easyocr,llama,7,0,0,0,7,0.0,0.0,0.0,0,,,,,73.989459567,1
publimetro_2014-01-20_1,38,none,,none_grayscale,docling_rapidocr,llama,7,0,0,0,7,0.0,0.0,0.0,0,,,,,11.690700107,1
publimetro_2014-01-20_1,38,none,,otsu,docling_easyocr,llama,7,0,0,0,7,0.0,0.0,0.0,0,,,,,71.187255342,1
publimetro_2014-01-20_1,38,none,,otsu,docling_rapidocr,llama,7,0,0,0,7,0.0,0.0,0.0,0,,,,,13.899602849,1
publimetro_2014-01-20_1,39,none,,adaptive_gaussian,docling_easyocr,llama,7,0,0,0,7,0.0,0.0,0.0,0,,,,,105.443741216,1
publimetro_2014-01-20_1,39,none,,adaptive_gaussian,docling_rapidocr,llama,7,0,0,0,7,0.0,0.0,0.0,0,,,,,45.210629834,1
publimetro_2014-01-20_1,39,none,,adaptive_mean,docling_easyocr,llama,7,0,0,0,7,0.0,0.0,0.0,0,,,,,104.156389079,1
publimetro_2014-01-20_1,39,none,,adaptive_mean,docling_rapidocr,llama,7,0,0,0,7,0.0,0.0,0.0,0,,,,,45.67211493,1
publimetro_2014-01-20_1,39,none,,basic,docling_easyocr,llama,7,0,0,0,7,0.0,0.0,0.0,0,,,,,103.661814025,1
publimetro_2014-01-20_1,39,none,,basic,docling_rapidocr,llama,7,0,0,0,7,0.0,0.0,0.0,0,,,,,46.160816959,1
publimetro_2014-01-20_1,39,none,,niblack,docling_easyocr,llama,7,0,0,0,7,0.0,0.0,0.0,0,,,,,97.607743034,1
publimetro_2014-01-20_1,39,none,,niblack,docling_rapidocr,llama,7,0,0,0,7,0.0,0.0,0.0,0,,,,,44.107868203,1
publimetro_2014-01-20_1,39,none,,none_color,docling_easyocr,llama,7,0,0,0,7,0.0,0.0,0.0,0,,,,,104.106722261,1
publimetro_2014-01-20_1,39,none,,none_color,docling_rapidocr,llama,7,0,0,0,7,0.0,0.0,0.0,0,,,,,46.095061923,1
publimetro_2014-01-20_1,39,none,,none_grayscale,docling_easyocr,llama,7,0,0,0,7,0.0,0.0,0.0,0,,,,,103.316348292,1
publimetro_2014-01-20_1,39,none,,none_grayscale,docling_rapidocr,llama,7,0,0,0,7,0.0,0.0,0.0,0,,,,,46.157238938,1
publimetro_2014-01-20_1,39,none,,otsu,docling_easyocr,llama,7,0,0,0,7,0.0,0.0,0.0,0,,,,,102.019362811,1
publimetro_2014-01-20_1,39,none,,otsu,docling_rapidocr,llama,7,0,0,0,7,0.0,0.0,0.0,0,,,,,44.043557767,1
publimetro_2014-01-20_1,40,none,,adaptive_gaussian,docling_easyocr,llama,7,0,0,0,7,0.0,0.0,0.0,0,,,,,104.69576851,1
publimetro_2014-01-20_1,40,none,,adaptive_gaussian,docling_rapidocr,llama,7,0,0,0,7,0.0,0.0,0.0,0,,,,,44.603644048,1
publimetro_2014-01-20_1,40,none,,adaptive_mean,docling_easyocr,llama,7,0,0,0,7,0.0,0.0,0.0,0,,,,,106.066204484,1
publimetro_2014-01-20_1,40,none,,adaptive_mean,docling_rapidocr,llama,7,0,0,0,7,0.0,0.0,0.0,0,,,,,44.45386761,1
publimetro_2014-01-20_1,40,none,,basic,docling_easyocr,llama,7,0,0,0,7,0.0,0.0,0.0,0,,,,,103.346689845,1
publimetro_2014-01-20_1,40,none,,basic,docling_rapidocr,llama,7,0,0,0,7,0.0,0.0,0.0,0,,,,,46.27644291,1
publimetro_2014-01-20_1,40,none,,niblack,docling_easyocr,llama,7,0,0,0,7,0.0,0.0,0.0,0,,,,,97.605176313,1
publimetro_2014-01-20_1,40,none,,niblack,docling_rapidocr,llama,7,0,0,0,7,0.0,0.0,0.0,0,,,,,43.633375032,1
publimetro_2014-01-20_1,40,none,,none_color,docling_easyocr,llama,7,0,0,0,7,0.0,0.0,0.0,0,,,,,98.351923703,1
publimetro_2014-01-20_1,40,none,,none_color,docling_rapidocr,llama,7,0,0,0,7,0.0,0.0,0.0,0,,,,,46.952567577,1
publimetro_2014-01-20_1,40,none,,none_grayscale,docling_easyocr,llama,7,0,0,0,7,0.0,0.0,0.0,0,,,,,103.210090232,1
publimetro_2014-01-20_1,40,none,,none_grayscale,docling_rapidocr,llama,7,0,0,0,7,0.0,0.0,0.0,0,,,,,46.657190156,1
publimetro_2014-01-20_1,40,none,,otsu,docling_easyocr,llama,7,0,0,0,7,0.0,0.0,0.0,0,,,,,102.86833451,1
publimetro_2014-01-20_1,40,none,,otsu,docling_rapidocr,llama,7,0,0,0,7,0.0,0.0,0.0,0,,,,,46.911350944,1
publimetro_2014-01-20_1,41,none,,adaptive_gaussian,docling_easyocr,llama,7,0,0,0,7,0.0,0.0,0.0,0,,,,,104.902576066,1
publimetro_2014-01-20_1,41,none,,adaptive_gaussian,docling_rapidocr,llama,7,0,0,0,7,0.0,0.0,0.0,0,,,,,45.943056918,1
publimetro_2014-01-20_1,41,none,,adaptive_mean,docling_easyocr,llama,7,0,0,0,7,0.0,0.0,0.0,0,,,,,104.334221957,1
publimetro_2014-01-20_1,41,none,,adaptive_mean,docling_rapidocr,llama,7,0,0,0,7,0.0,0.0,0.0,0,,,,,46.104721664,1
publimetro_2014-01-20_1,41,none,,basic,docling_easyocr,llama,7,0,0,0,7,0.0,0.0,0.0,0,,,,,106.745405284,1
publimetro_2014-01-20_1,41,none,,basic,docling_rapidocr,llama,7,0,0,0,7,0.0,0.0,0.0,0,,,,,47.156757442,1
publimetro_2014-01-20_1,41,none,,niblack,docling_easyocr,llama,7,0,0,0,7,0.0,0.0,0.0,0,,,,,97.827618447,1
publimetro_2014-01-20_1,41,none,,niblack,docling_rapidocr,llama,7,0,0,0,7,0.0,0.0,0.0,0,,,,,42.892282096,1
publimetro_2014-01-20_1,41,none,,none_color,docling_easyocr,llama,7,0,0,0,7,0.0,0.0,0.0,0,,,,,104.069741979,1
publimetro_2014-01-20_1,41,none,,none_color,docling_rapidocr,llama,7,0,0,0,7,0.0,0.0,0.0,0,,,,,46.941875234,1
publimetro_2014-01-20_1,41,none,,none_grayscale,docling_easyocr,llama,7,0,0,0,7,0.0,0.0,0.0,0,,,,,103.803556457,1
publimetro_2014-01-20_1,41,none,,none_grayscale,docling_rapidocr,llama,7,0,0,0,7,0.0,0.0,0.0,0,,,,,45.804925695,1
publimetro_2014-01-20_1,41,none,,otsu,docling_easyocr,llama,7,0,0,0,7,0.0,0.0,0.0,0,,,,,103.762254874,1
publimetro_2014-01-20_1,41,none,,otsu,docling_rapidocr,llama,7,0,0,0,7,0.0,0.0,0.0,0,,,,,46.913573901,1
publimetro_2014-01-20_1,42,none,,adaptive_gaussian,docling_easyocr,llama,7,0,0,0,7,0.0,0.0,0.0,0,,,,,68.450480408,1
publimetro_2014-01-20_1,42,none,,adaptive_gaussian,docling_rapidocr,llama,7,0,0,0,7,0.0,0.0,0.0,0,,,,,8.934749311,1
publimetro_2014-01-20_1,42,none,,adaptive_mean,docling_easyocr,llama,7,0,0,0,7,0.0,0.0,0.0,0,,,,,64.296997753,1
publimetro_2014-01-20_1,42,none,,adaptive_mean,docling_rapidocr,llama,7,0,0,0,7,0.0,0.0,0.0,0,,,,,10.4469659,1
publimetro_2014-01-20_1,42,none,,basic,docling_easyocr,llama,7,0,0,0,7,0.0,0.0,0.0,0,,,,,71.17040349,1
publimetro_2014-01-20_1,42,none,,basic,docling_rapidocr,llama,7,0,0,0,7,0.0,0.0,0.0,0,,,,,10.978292475,1
publimetro_2014-01-20_1,42,none,,niblack,docling_easyocr,llama,7,0,0,0,7,0.0,0.0,0.0,0,,,,,57.498087156,1
publimetro_2014-01-20_1,42,none,,niblack,docling_rapidocr,llama,7,0,0,0,7,0.0,0.0,0.0,0,,,,,9.665382612,1
publimetro_2014-01-20_1,42,none,,none_color,docling_easyocr,llama,7,0,0,0,7,0.0,0.0,0.0,0,,,,,71.112063034,1
publimetro_2014-01-20_1,42,none,,none_color,docling_rapidocr,llama,7,0,0,0,7,0.0,0.0,0.0,0,,,,,13.940744026,1
publimetro_2014-01-20_1,42,none,,none_grayscale,docling_easyocr,llama,7,0,0,0,7,0.0,0.0,0.0,0,,,,,65.353280004,1
publimetro_2014-01-20_1,42,none,,none_grayscale,docling_rapidocr,llama,7,0,0,0,7,0.0,0.0,0.0,0,,,,,14.161552128,1
publimetro_2014-01-20_1,42,none,,otsu,docling_easyocr,llama,7,0,0,0,7,0.0,0.0,0.0,0,,,,,71.628768287,1
publimetro_2014-01-20_1,42,none,,otsu,docling_rapidocr,llama,7,0,0,0,7,0.0,0.0,0.0,0,,,,,13.383941494,1
publimetro_2014-01-20_1,43,none,,adaptive_gaussian,docling_easyocr,llama,7,0,0,0,7,0.0,0.0,0.0,0,,,,,59.262269785,1
publimetro_2014-01-20_1,43,none,,adaptive_gaussian,docling_rapidocr,llama,7,0,0,0,7,0.0,0.0,0.0,0,,,,,10.269454529,1
publimetro_2014-01-20_1,43,none,,adaptive_mean,docling_easyocr,llama,7,0,0,0,7,0.0,0.0,0.0,0,,,,,61.187309263,1
publimetro_2014-01-20_1,43,none,,adaptive_mean,docling_rapidocr,llama,7,0,0,0,7,0.0,0.0,0.0,0,,,,,10.073436258,1
publimetro_2014-01-20_1,43,none,,basic,docling_easyocr,llama,7,0,0,0,7,0.0,0.0,0.0,0,,,,,66.694752018,1
publimetro_2014-01-20_1,43,none,,basic,docling_rapidocr,llama,7,0,0,0,7,0.0,0.0,0.0,0,,,,,11.295110504,1
publimetro_2014-01-20_1,43,none,,niblack,docling_easyocr,llama,7,0,0,0,7,0.0,0.0,0.0,0,,,,,55.242002268,1
publimetro_2014-01-20_1,43,none,,niblack,docling_rapidocr,llama,7,0,0,0,7,0.0,0.0,0.0,0,,,,,11.049787063,1
publimetro_2014-01-20_1,43,none,,none_color,docling_easyocr,llama,7,0,0,0,7,0.0,0.0,0.0,0,,,,,66.965358629,1
publimetro_2014-01-20_1,43,none,,none_color,docling_rapidocr,llama,7,0,0,0,7,0.0,0.0,0.0,0,,,,,13.242412224,1
publimetro_2014-01-20_1,43,none,,none_grayscale,docling_easyocr,llama,7,0,0,0,7,0.0,0.0,0.0,0,,,,,72.026189056,1
publimetro_2014-01-20_1,43,none,,none_grayscale,docling_rapidocr,llama,7,0,0,0,7,0.0,0.0,0.0,0,,,,,14.371549574,1
publimetro_2014-01-20_1,43,none,,otsu,docling_easyocr,llama,7,0,0,0,7,0.0,0.0,0.0,0,,,,,72.162565821,1
publimetro_2014-01-20_1,43,none,,otsu,docling_rapidocr,llama,7,0,0,0,7,0.0,0.0,0.0,0,,,,,11.016142719,1
publimetro_2014-01-20_1,44,none,,adaptive_gaussian,docling_easyocr,llama,7,0,0,0,7,0.0,0.0,0.0,0,,,,,68.676447203,1
publimetro_2014-01-20_1,44,none,,adaptive_gaussian,docling_rapidocr,llama,7,0,0,0,7,0.0,0.0,0.0,0,,,,,10.576252033,1
publimetro_2014-01-20_1,44,none,,adaptive_mean,docling_easyocr,llama,7,0,0,0,7,0.0,0.0,0.0,0,,,,,68.252100061,1
publimetro_2014-01-20_1,44,none,,adaptive_mean,docling_rapidocr,llama,7,0,0,0,7,0.0,0.0,0.0,0,,,,,10.158850502,1
publimetro_2014-01-20_1,44,none,,basic,docling_easyocr,llama,7,0,0,0,7,0.0,0.0,0.0,0,,,,,69.634742538,1
publimetro_2014-01-20_1,44,none,,basic,docling_rapidocr,llama,7,0,0,0,7,0.0,0.0,0.0,0,,,,,11.08742408,1
publimetro_2014-01-20_1,44,none,,niblack,docling_easyocr,llama,7,0,0,0,7,0.0,0.0,0.0,0,,,,,62.773682613,1
publimetro_2014-01-20_1,44,none,,niblack,docling_rapidocr,llama,7,0,0,0,7,0.0,0.0,0.0,0,,,,,11.362286587,1
publimetro_2014-01-20_1,44,none,,none_color,docling_easyocr,llama,7,0,0,0,7,0.0,0.0,0.0,0,,,,,70.891252485,1
publimetro_2014-01-20_1,44,none,,none_color,docling_rapidocr,llama,7,0,0,0,7,0.0,0.0,0.0,0,,,,,13.857539144,1
publimetro_2014-01-20_1,44,none,,none_grayscale,docling_easyocr,llama,7,0,0,0,7,0.0,0.0,0.0,0,,,,,70.985055652,1
publimetro_2014-01-20_1,44,none,,none_grayscale,docling_rapidocr,llama,7,0,0,0,7,0.0,0.0,0.0,0,,,,,13.859753815,1
publimetro_2014-01-20_1,44,none,,otsu,docling_easyocr,llama,7,0,0,0,7,0.0,0.0,0.0,0,,,,,71.28673827,1
publimetro_2014-01-20_1,44,none,,otsu,docling_rapidocr,llama,7,0,0,0,7,0.0,0.0,0.0,0,,,,,13.091125362,1
publimetro_2014-01-20_1,45,none,,adaptive_gaussian,docling_easyocr,llama,7,0,0,0,7,0.0,0.0,0.0,0,,,,,60.756174982,1
publimetro_2014-01-20_1,45,none,,adaptive_gaussian,docling_rapidocr,llama,7,0,0,0,7,0.0,0.0,0.0,0,,,,,10.845091045,1
publimetro_2014-01-20_1,45,none,,adaptive_mean,docling_easyocr,llama,7,0,0,0,7,0.0,0.0,0.0,0,,,,,63.524275907,1
publimetro_2014-01-20_1,45,none,,adaptive_mean,docling_rapidocr,llama,7,0,0,0,7,0.0,0.0,0.0,0,,,,,11.21987451,1
publimetro_2014-01-20_1,45,none,,basic,docling_easyocr,llama,7,0,0,0,7,0.0,0.0,0.0,0,,,,,57.700616529,1
publimetro_2014-01-20_1,45,none,,basic,docling_rapidocr,llama,7,0,0,0,7,0.0,0.0,0.0,0,,,,,9.257709673,1
publimetro_2014-01-20_1,45,none,,niblack,docling_easyocr,llama,7,0,0,0,7,0.0,0.0,0.0,0,,,,,63.797829393,1
publimetro_2014-01-20_1,45,none,,none_color,docling_easyocr,llama,7,0,0,0,7,0.0,0.0,0.0,0,,,,,60.996003963,1
publimetro_2014-01-20_1,45,none,,none_grayscale,docling_easyocr,llama,7,0,0,0,7,0.0,0.0,0.0,0,,,,,59.53538952,1
publimetro_2014-01-20_1,45,none,,otsu,docling_easyocr,llama,7,0,0,0,7,0.0,0.0,0.0,0,,,,,62.425123934,1
publimetro_2014-01-20_1,45,none,,otsu,docling_rapidocr,llama,7,0,0,0,7,0.0,0.0,0.0,0,,,,,9.309209589,1
publimetro_2014-01-20_1,45,none,,yannihorne,docling_easyocr,llama,7,0,0,0,7,0.0,0.0,0.0,0,,,,,57.752478842,1
publimetro_2014-01-20_1,45,none,,yannihorne,docling_rapidocr,llama,7,0,0,0,7,0.0,0.0,0.0,0,,,,,10.902288202,1
publimetro_2014-01-20_1,46,none,,adaptive_gaussian,docling_easyocr,llama,7,0,0,0,7,0.0,0.0,0.0,0,,,,,62.459041937,1
publimetro_2014-01-20_1,46,none,,adaptive_gaussian,docling_rapidocr,llama,7,0,0,0,7,0.0,0.0,0.0,0,,,,,9.873579844,1
publimetro_2014-01-20_1,46,none,,adaptive_mean,docling_easyocr,llama,7,0,0,0,7,0.0,0.0,0.0,0,,,,,65.111569933,1
publimetro_2014-01-20_1,46,none,,adaptive_mean,docling_rapidocr,llama,7,0,0,0,7,0.0,0.0,0.0,0,,,,,11.834695152,1
publimetro_2014-01-20_1,46,none,,basic,docling_easyocr,llama,7,0,0,0,7,0.0,0.0,0.0,0,,,,,62.233996246,1
publimetro_2014-01-20_1,46,none,,basic,docling_rapidocr,llama,7,0,0,0,7,0.0,0.0,0.0,0,,,,,10.323445891,1
publimetro_2014-01-20_1,46,none,,niblack,docling_easyocr,llama,7,0,0,0,7,0.0,0.0,0.0,0,,,,,63.517031597,1
publimetro_2014-01-20_1,46,none,,otsu,docling_easyocr,llama,7,0,0,0,7,0.0,0.0,0.0,0,,,,,63.198032068,1
publimetro_2014-01-20_1,46,none,,otsu,docling_rapidocr,llama,7,0,0,0,7,0.0,0.0,0.0,0,,,,,11.487608122,1
publimetro_2014-01-20_1,46,none,,yannihorne,docling_easyocr,llama,7,0,0,0,7,0.0,0.0,0.0,0,,,,,62.763442682,1
publimetro_2014-01-20_1,46,none,,yannihorne,docling_rapidocr,llama,7,0,0,0,7,0.0,0.0,0.0,0,,,,,10.086370873,1
publimetro_2014-01-20_1,47,none,,adaptive_gaussian,docling_easyocr,llama,7,0,0,0,7,0.0,0.0,0.0,0,,,,,62.696642885,1
publimetro_2014-01-20_1,47,none,,adaptive_gaussian,docling_rapidocr,llama,7,0,0,0,7,0.0,0.0,0.0,0,,,,,11.650357018,1
publimetro_2014-01-20_1,47,none,,adaptive_mean,docling_easyocr,llama,7,0,0,0,7,0.0,0.0,0.0,0,,,,,63.863301235,1
publimetro_2014-01-20_1,47,none,,adaptive_mean,docling_rapidocr,llama,7,0,0,0,7,0.0,0.0,0.0,0,,,,,10.459705311,1
publimetro_2014-01-20_1,47,none,,basic,docling_easyocr,llama,7,0,0,0,7,0.0,0.0,0.0,0,,,,,56.596741676,1
publimetro_2014-01-20_1,47,none,,basic,docling_rapidocr,llama,7,0,0,0,7,0.0,0.0,0.0,0,,,,,11.117332697,1
publimetro_2014-01-20_1,47,none,,niblack,docling_easyocr,llama,7,0,0,0,7,0.0,0.0,0.0,0,,,,,63.478296663,1
publimetro_2014-01-20_1,47,none,,none_color,docling_easyocr,llama,7,0,0,0,7,0.0,0.0,0.0,0,,,,,64.45731871,1
publimetro_2014-01-20_1,47,none,,none_grayscale,docling_easyocr,llama,7,0,0,0,7,0.0,0.0,0.0,0,,,,,63.814513134,1
publimetro_2014-01-20_1,47,none,,otsu,docling_easyocr,llama,7,0,0,0,7,0.0,0.0,0.0,0,,,,,61.856561495,1
publimetro_2014-01-20_1,47,none,,otsu,docling_rapidocr,llama,7,0,0,0,7,0.0,0.0,0.0,0,,,,,9.014661623,1
publimetro_2014-01-20_1,47,none,,yannihorne,docling_easyocr,llama,7,0,0,0,7,0.0,0.0,0.0,0,,,,,63.359888865,1
publimetro_2014-01-20_1,47,none,,yannihorne,docling_rapidocr,llama,7,0,0,0,7,0.0,0.0,0.0,0,,,,,11.032391144,1
publimetro_2014-01-20_1,48,none,,adaptive_gaussian,docling_easyocr,llama,7,0,0,0,7,0.0,0.0,0.0,0,,,,,157.782793142,1
publimetro_2014-01-20_1,48,none,,adaptive_gaussian,docling_rapidocr,llama,7,0,0,0,7,0.0,0.0,0.0,0,,,,,101.24429188,1
publimetro_2014-01-20_1,48,none,,adaptive_mean,docling_easyocr,llama,7,0,0,0,7,0.0,0.0,0.0,0,,,,,160.808631062,1
publimetro_2014-01-20_1,48,none,,adaptive_mean,docling_rapidocr,llama,7,0,0,0,7,0.0,0.0,0.0,0,,,,,101.943109631,1
publimetro_2014-01-20_1,48,none,,basic,docling_easyocr,llama,7,0,0,0,7,0.0,0.0,0.0,0,,,,,160.903267471,1
publimetro_2014-01-20_1,48,none,,basic,docling_rapidocr,llama,7,0,0,0,7,0.0,0.0,0.0,0,,,,,101.537883608,1
publimetro_2014-01-20_1,48,none,,niblack,docling_easyocr,llama,7,0,0,0,7,0.0,0.0,0.0,0,,,,,153.922725599,1
publimetro_2014-01-20_1,48,none,,niblack,docling_rapidocr,llama,7,0,0,0,7,0.0,0.0,0.0,0,,,,,99.924416941,1
publimetro_2014-01-20_1,48,none,,none_color,docling_easyocr,llama,7,0,0,0,7,0.0,0.0,0.0,0,,,,,163.034857527,1
publimetro_2014-01-20_1,48,none,,none_color,docling_rapidocr,llama,7,0,0,0,7,0.0,0.0,0.0,0,,,,,102.168812767,1
publimetro_2014-01-20_1,48,none,,none_grayscale,docling_easyocr,llama,7,0,0,0,7,0.0,0.0,0.0,0,,,,,162.929795281,1
publimetro_2014-01-20_1,48,none,,none_grayscale,docling_rapidocr,llama,7,0,0,0,7,0.0,0.0,0.0,0,,,,,103.121565596,1
publimetro_2014-01-20_1,48,none,,otsu,docling_easyocr,llama,7,0,0,0,7,0.0,0.0,0.0,0,,,,,163.24380986,1
publimetro_2014-01-20_1,48,none,,otsu,docling_rapidocr,llama,7,0,0,0,7,0.0,0.0,0.0,0,,,,,102.849961441,1
publimetro_2014-01-20_1,49,none,,adaptive_gaussian,docling_easyocr,llama,7,0,0,0,7,0.0,0.0,0.0,0,,,,,161.714440365,1
publimetro_2014-01-20_1,49,none,,adaptive_gaussian,docling_rapidocr,llama,7,0,0,0,7,0.0,0.0,0.0,0,,,,,101.405325432,1
publimetro_2014-01-20_1,49,none,,adaptive_mean,docling_easyocr,llama,7,0,0,0,7,0.0,0.0,0.0,0,,,,,160.951378313,1
publimetro_2014-01-20_1,49,none,,adaptive_mean,docling_rapidocr,llama,7,0,0,0,7,0.0,0.0,0.0,0,,,,,100.283689228,1
publimetro_2014-01-20_1,49,none,,basic,docling_easyocr,llama,7,0,0,0,7,0.0,0.0,0.0,0,,,,,162.992541966,1
publimetro_2014-01-20_1,49,none,,basic,docling_rapidocr,llama,7,0,0,0,7,0.0,0.0,0.0,0,,,,,103.295697149,1
publimetro_2014-01-20_1,49,none,,niblack,docling_easyocr,llama,7,0,0,0,7,0.0,0.0,0.0,0,,,,,154.106927954,1
publimetro_2014-01-20_1,49,none,,niblack,docling_rapidocr,llama,7,0,0,0,7,0.0,0.0,0.0,0,,,,,100.307246052,1
publimetro_2014-01-20_1,49,none,,none_color,docling_easyocr,llama,7,0,0,0,7,0.0,0.0,0.0,0,,,,,163.319756445,1
publimetro_2014-01-20_1,49,none,,none_color,docling_rapidocr,llama,7,0,0,0,7,0.0,0.0,0.0,0,,,,,103.076738772,1
publimetro_2014-01-20_1,49,none,,none_grayscale,docling_easyocr,llama,7,0,0,0,7,0.0,0.0,0.0,0,,,,,163.551192148,1
publimetro_2014-01-20_1,49,none,,none_grayscale,docling_rapidocr,llama,7,0,0,0,7,0.0,0.0,0.0,0,,,,,102.529428585,1
publimetro_2014-01-20_1,49,none,,otsu,docling_easyocr,llama,7,0,0,0,7,0.0,0.0,0.0,0,,,,,158.75526453,1
publimetro_2014-01-20_1,49,none,,otsu,docling_rapidocr,llama,7,0,0,0,7,0.0,0.0,0.0,0,,,,,103.109220276,1
publimetro_2014-01-20_1,50,none,,adaptive_gaussian,docling_easyocr,llama,7,0,0,0,7,0.0,0.0,0.0,0,,,,,160.802788069,1
publimetro_2014-01-20_1,50,none,,adaptive_gaussian,docling_rapidocr,llama,7,0,0,0,7,0.0,0.0,0.0,0,,,,,101.670419743,1
publimetro_2014-01-20_1,50,none,,adaptive_mean,docling_easyocr,llama,7,0,0,0,7,0.0,0.0,0.0,0,,,,,160.396396874,1
publimetro_2014-01-20_1,50,none,,adaptive_mean,docling_rapidocr,llama,7,0,0,0,7,0.0,0.0,0.0,0,,,,,101.582391022,1
publimetro_2014-01-20_1,50,none,,basic,docling_easyocr,llama,7,0,0,0,7,0.0,0.0,0.0,0,,,,,160.08003327,1
publimetro_2014-01-20_1,50,none,,basic,docling_rapidocr,llama,7,0,0,0,7,0.0,0.0,0.0,0,,,,,101.51063749,1
publimetro_2014-01-20_1,50,none,,niblack,docling_easyocr,llama,7,0,0,0,7,0.0,0.0,0.0,0,,,,,149.387735646,1
publimetro_2014-01-20_1,50,none,,niblack,docling_rapidocr,llama,7,0,0,0,7,0.0,0.0,0.0,0,,,,,100.325090687,1
publimetro_2014-01-20_1,50,none,,none_color,docling_easyocr,llama,7,0,0,0,7,0.0,0.0,0.0,0,,,,,162.093003169,1
publimetro_2014-01-20_1,50,none,,none_color,docling_rapidocr,llama,7,0,0,0,7,0.0,0.0,0.0,0,,,,,103.103878394,1
publimetro_2014-01-20_1,50,none,,none_grayscale,docling_easyocr,llama,7,0,0,0,7,0.0,0.0,0.0,0,,,,,162.196704522,1
publimetro_2014-01-20_1,50,none,,none_grayscale,docling_rapidocr,llama,7,0,0,0,7,0.0,0.0,0.0,0,,,,,102.32914485,1
publimetro_2014-01-20_1,50,none,,otsu,docling_easyocr,llama,7,0,0,0,7,0.0,0.0,0.0,0,,,,,162.298790734,1
publimetro_2014-01-20_1,50,none,,otsu,docling_rapidocr,llama,7,0,0,0,7,0.0,0.0,0.0,0,,,,,100.920882027,1
publimetro_2014-01-20_1,51,none,,adaptive_gaussian,docling_easyocr,llama,7,0,0,0,7,0.0,0.0,0.0,0,,,,,73.657650212,1
publimetro_2014-01-20_1,51,none,,adaptive_gaussian,docling_rapidocr,llama,7,0,0,0,7,0.0,0.0,0.0,0,,,,,12.861079672,1
publimetro_2014-01-20_1,51,none,,adaptive_mean,docling_easyocr,llama,7,0,0,0,7,0.0,0.0,0.0,0,,,,,67.26122651,1
publimetro_2014-01-20_1,51,none,,adaptive_mean,docling_rapidocr,llama,7,0,0,0,7,0.0,0.0,0.0,0,,,,,12.401226853,1
publimetro_2014-01-20_1,51,none,,basic,docling_easyocr,llama,7,0,0,0,7,0.0,0.0,0.0,0,,,,,66.808601515,1
publimetro_2014-01-20_1,51,none,,basic,docling_rapidocr,llama,7,0,0,0,7,0.0,0.0,0.0,0,,,,,14.157846587,1
publimetro_2014-01-20_1,51,none,,niblack,docling_easyocr,llama,7,0,0,0,7,0.0,0.0,0.0,0,,,,,66.064076538,1
publimetro_2014-01-20_1,51,none,,niblack,docling_rapidocr,llama,7,0,0,0,7,0.0,0.0,0.0,0,,,,,11.771554823,1
publimetro_2014-01-20_1,51,none,,none_color,docling_easyocr,llama,7,0,0,0,7,0.0,0.0,0.0,0,,,,,71.064278117,1
publimetro_2014-01-20_1,51,none,,none_color,docling_rapidocr,llama,7,0,0,0,7,0.0,0.0,0.0,0,,,,,14.116204014,1
publimetro_2014-01-20_1,51,none,,none_grayscale,docling_easyocr,llama,7,0,0,0,7,0.0,0.0,0.0,0,,,,,71.249725167,1
publimetro_2014-01-20_1,51,none,,none_grayscale,docling_rapidocr,llama,7,0,0,0,7,0.0,0.0,0.0,0,,,,,13.703731123,1
publimetro_2014-01-20_1,51,none,,otsu,docling_easyocr,llama,7,0,0,0,7,0.0,0.0,0.0,0,,,,,71.885654181,1
publimetro_2014-01-20_1,51,none,,otsu,docling_rapidocr,llama,7,0,0,0,7,0.0,0.0,0.0,0,,,,,13.799905985,1
publimetro_2014-01-20_1,52,none,,adaptive_gaussian,docling_easyocr,llama,7,0,0,0,7,0.0,0.0,0.0,0,,,,,74.149956683,1
publimetro_2014-01-20_1,52,none,,adaptive_gaussian,docling_rapidocr,llama,7,0,0,0,7,0.0,0.0,0.0,0,,,,,10.90184162,1
publimetro_2014-01-20_1,52,none,,adaptive_mean,docling_easyocr,llama,7,0,0,0,7,0.0,0.0,0.0,0,,,,,75.06845014,1
publimetro_2014-01-20_1,52,none,,adaptive_mean,docling_rapidocr,llama,7,0,0,0,7,0.0,0.0,0.0,0,,,,,12.137184309,1
publimetro_2014-01-20_1,52,none,,basic,docling_easyocr,llama,7,0,0,0,7,0.0,0.0,0.0,0,,,,,71.522175686,1
publimetro_2014-01-20_1,52,none,,basic,docling_rapidocr,llama,7,0,0,0,7,0.0,0.0,0.0,0,,,,,13.592347519,1
publimetro_2014-01-20_1,52,none,,niblack,docling_easyocr,llama,7,0,0,0,7,0.0,0.0,0.0,0,,,,,64.82155547,1
publimetro_2014-01-20_1,52,none,,niblack,docling_rapidocr,llama,7,0,0,0,7,0.0,0.0,0.0,0,,,,,11.571641062,1
publimetro_2014-01-20_1,52,none,,none_color,docling_easyocr,llama,7,0,0,0,7,0.0,0.0,0.0,0,,,,,72.516896,1
publimetro_2014-01-20_1,52,none,,none_color,docling_rapidocr,llama,7,0,0,0,7,0.0,0.0,0.0,0,,,,,12.923759928,1
publimetro_2014-01-20_1,52,none,,none_grayscale,docling_easyocr,llama,7,0,0,0,7,0.0,0.0,0.0,0,,,,,70.124632422,1
publimetro_2014-01-20_1,52,none,,none_grayscale,docling_rapidocr,llama,7,0,0,0,7,0.0,0.0,0.0,0,,,,,14.247972313,1
publimetro_2014-01-20_1,52,none,,otsu,docling_easyocr,llama,7,0,0,0,7,0.0,0.0,0.0,0,,,,,71.35746786,1
publimetro_2014-01-20_1,52,none,,otsu,docling_rapidocr,llama,7,0,0,0,7,0.0,0.0,0.0,0,,,,,13.465132206,1
publimetro_2014-01-20_1,53,none,,adaptive_gaussian,docling_easyocr,llama,7,0,0,0,7,0.0,0.0,0.0,0,,,,,73.204327729,1
publimetro_2014-01-20_1,53,none,,adaptive_gaussian,docling_rapidocr,llama,7,0,0,0,7,0.0,0.0,0.0,0,,,,,12.442256358,1
publimetro_2014-01-20_1,53,none,,adaptive_mean,docling_easyocr,llama,7,0,0,0,7,0.0,0.0,0.0,0,,,,,72.025035475,1
publimetro_2014-01-20_1,53,none,,adaptive_mean,docling_rapidocr,llama,7,0,0,0,7,0.0,0.0,0.0,0,,,,,12.140106057,1
publimetro_2014-01-20_1,53,none,,basic,docling_easyocr,llama,7,0,0,0,7,0.0,0.0,0.0,0,,,,,66.15759434,1
publimetro_2014-01-20_1,53,none,,basic,docling_rapidocr,llama,7,0,0,0,7,0.0,0.0,0.0,0,,,,,14.315939562,1
publimetro_2014-01-20_1,53,none,,niblack,docling_easyocr,llama,7,0,0,0,7,0.0,0.0,0.0,0,,,,,65.731971928,1
publimetro_2014-01-20_1,53,none,,niblack,docling_rapidocr,llama,7,0,0,0,7,0.0,0.0,0.0,0,,,,,11.288541266,1
publimetro_2014-01-20_1,53,none,,none_color,docling_easyocr,llama,7,0,0,0,7,0.0,0.0,0.0,0,,,,,71.994093243,1
publimetro_2014-01-20_1,53,none,,none_color,docling_rapidocr,llama,7,0,0,0,7,0.0,0.0,0.0,0,,,,,14.316685978,1
publimetro_2014-01-20_1,53,none,,none_grayscale,docling_easyocr,llama,7,0,0,0,7,0.0,0.0,0.0,0,,,,,65.229825322,1
publimetro_2014-01-20_1,53,none,,none_grayscale,docling_rapidocr,llama,7,0,0,0,7,0.0,0.0,0.0,0,,,,,14.110280339,1
publimetro_2014-01-20_1,53,none,,otsu,docling_easyocr,llama,7,0,0,0,7,0.0,0.0,0.0,0,,,,,67.016040295,1
publimetro_2014-01-20_1,53,none,,otsu,docling_rapidocr,llama,7,0,0,0,7,0.0,0.0,0.0,0,,,,,12.428549498,1
publimetro_2015-04-15_1,0,none,,adaptive_gaussian,docling_easyocr,llama,6,0,0,0,6,0.0,0.0,0.0,0,,,,,73.755591356,1
publimetro_2015-04-15_1,0,none,,adaptive_gaussian,docling_rapidocr,llama,6,0,0,0,6,0.0,0.0,0.0,0,,,,,14.072393619,1
publimetro_2015-04-15_1,0,none,,adaptive_mean,docling_easyocr,llama,6,0,0,0,6,0.0,0.0,0.0,0,,,,,73.481840212,1
publimetro_2015-04-15_1,0,none,,adaptive_mean,docling_rapidocr,llama,6,0,0,0,6,0.0,0.0,0.0,0,,,,,14.062209207,1
publimetro_2015-04-15_1,0,none,,basic,docling_easyocr,llama,6,0,0,0,6,0.0,0.0,0.0,0,,,,,70.441583515,1
publimetro_2015-04-15_1,0,none,,basic,docling_rapidocr,llama,6,0,0,0,6,0.0,0.0,0.0,0,,,,,11.787736059,1
publimetro_2015-04-15_1,0,none,,niblack,docling_easyocr,llama,6,0,0,0,6,0.0,0.0,0.0,0,,,,,64.76327737,1
publimetro_2015-04-15_1,0,none,,niblack,docling_rapidocr,llama,6,0,0,0,6,0.0,0.0,0.0,0,,,,,11.513902504,1
publimetro_2015-04-15_1,0,none,,none_color,docling_easyocr,llama,6,0,0,0,6,0.0,0.0,0.0,0,,,,,63.9972162,1
publimetro_2015-04-15_1,0,none,,none_color,docling_rapidocr,llama,6,0,0,0,6,0.0,0.0,0.0,0,,,,,12.902350162,1
publimetro_2015-04-15_1,0,none,,none_grayscale,docling_easyocr,llama,6,0,0,0,6,0.0,0.0,0.0,0,,,,,71.768639995,1
publimetro_2015-04-15_1,0,none,,none_grayscale,docling_rapidocr,llama,6,0,0,0,6,0.0,0.0,0.0,0,,,,,14.838478281,1
publimetro_2015-04-15_1,0,none,,otsu,docling_easyocr,llama,6,0,0,0,6,0.0,0.0,0.0,0,,,,,70.710663749,1
publimetro_2015-04-15_1,0,none,,otsu,docling_rapidocr,llama,6,0,0,0,6,0.0,0.0,0.0,0,,,,,13.303466751,1
publimetro_2015-04-15_1,1,none,,adaptive_gaussian,docling_easyocr,llama,6,0,0,0,6,0.0,0.0,0.0,0,,,,,73.497711912,1
publimetro_2015-04-15_1,1,none,,adaptive_gaussian,docling_rapidocr,llama,6,0,0,0,6,0.0,0.0,0.0,0,,,,,12.97463657,1
publimetro_2015-04-15_1,1,none,,adaptive_mean,docling_easyocr,llama,6,0,0,0,6,0.0,0.0,0.0,0,,,,,74.502952539,1
publimetro_2015-04-15_1,1,none,,adaptive_mean,docling_rapidocr,llama,6,0,0,0,6,0.0,0.0,0.0,0,,,,,13.481787407,1
publimetro_2015-04-15_1,1,none,,basic,docling_easyocr,llama,6,0,0,0,6,0.0,0.0,0.0,0,,,,,71.944950109,1
publimetro_2015-04-15_1,1,none,,basic,docling_rapidocr,llama,6,0,0,0,6,0.0,0.0,0.0,0,,,,,14.146510368,1
publimetro_2015-04-15_1,1,none,,niblack,docling_easyocr,llama,6,0,0,0,6,0.0,0.0,0.0,0,,,,,64.958044918,1
publimetro_2015-04-15_1,1,none,,niblack,docling_rapidocr,llama,6,0,0,0,6,0.0,0.0,0.0,0,,,,,11.569836528,1
publimetro_2015-04-15_1,1,none,,none_color,docling_easyocr,llama,6,0,0,0,6,0.0,0.0,0.0,0,,,,,63.763192514,1
publimetro_2015-04-15_1,1,none,,none_color,docling_rapidocr,llama,6,0,0,0,6,0.0,0.0,0.0,0,,,,,14.331445316,1
publimetro_2015-04-15_1,1,none,,none_grayscale,docling_easyocr,llama,6,0,0,0,6,0.0,0.0,0.0,0,,,,,62.737176113,1
publimetro_2015-04-15_1,1,none,,none_grayscale,docling_rapidocr,llama,6,0,0,0,6,0.0,0.0,0.0,0,,,,,14.256617479,1
publimetro_2015-04-15_1,1,none,,otsu,docling_easyocr,llama,6,0,0,0,6,0.0,0.0,0.0,0,,,,,70.728801805,1
publimetro_2015-04-15_1,1,none,,otsu,docling_rapidocr,llama,6,0,0,0,6,0.0,0.0,0.0,0,,,,,14.318186123,1
publimetro_2015-04-15_1,2,none,,adaptive_gaussian,docling_easyocr,llama,6,0,0,0,6,0.0,0.0,0.0,0,,,,,73.514417114,1
publimetro_2015-04-15_1,2,none,,adaptive_gaussian,docling_rapidocr,llama,6,0,0,0,6,0.0,0.0,0.0,0,,,,,12.122865619,1
publimetro_2015-04-15_1,2,none,,adaptive_mean,docling_easyocr,llama,6,0,0,0,6,0.0,0.0,0.0,0,,,,,71.998422825,1
publimetro_2015-04-15_1,2,none,,adaptive_mean,docling_rapidocr,llama,6,0,0,0,6,0.0,0.0,0.0,0,,,,,13.172930204,1
publimetro_2015-04-15_1,2,none,,basic,docling_easyocr,llama,6,0,0,0,6,0.0,0.0,0.0,0,,,,,63.70406962,1
publimetro_2015-04-15_1,2,none,,basic,docling_rapidocr,llama,6,0,0,0,6,0.0,0.0,0.0,0,,,,,13.36735869,1
publimetro_2015-04-15_1,2,none,,niblack,docling_easyocr,llama,6,0,0,0,6,0.0,0.0,0.0,0,,,,,64.68464316,1
publimetro_2015-04-15_1,2,none,,niblack,docling_rapidocr,llama,6,0,0,0,6,0.0,0.0,0.0,0,,,,,11.705713163,1
publimetro_2015-04-15_1,2,none,,none_color,docling_easyocr,llama,6,0,0,0,6,0.0,0.0,0.0,0,,,,,64.359711818,1
publimetro_2015-04-15_1,2,none,,none_color,docling_rapidocr,llama,6,0,0,0,6,0.0,0.0,0.0,0,,,,,13.451386146,1
publimetro_2015-04-15_1,2,none,,none_grayscale,docling_easyocr,llama,6,0,0,0,6,0.0,0.0,0.0,0,,,,,70.788177662,1
publimetro_2015-04-15_1,2,none,,none_grayscale,docling_rapidocr,llama,6,0,0,0,6,0.0,0.0,0.0,0,,,,,13.815007858,1
publimetro_2015-04-15_1,2,none,,otsu,docling_easyocr,llama,6,0,0,0,6,0.0,0.0,0.0,0,,,,,70.897003252,1
publimetro_2015-04-15_1,2,none,,otsu,docling_rapidocr,llama,6,0,0,0,6,0.0,0.0,0.0,0,,,,,12.309309799,1
publimetro_2015-04-15_1,3,none,,adaptive_gaussian,docling_easyocr,llama,6,0,0,0,6,0.0,0.0,0.0,0,,,,,71.608900438,1
publimetro_2015-04-15_1,3,none,,adaptive_gaussian,docling_rapidocr,llama,6,0,0,0,6,0.0,0.0,0.0,0,,,,,13.327873598,1
publimetro_2015-04-15_1,3,none,,adaptive_mean,docling_easyocr,llama,6,0,0,0,6,0.0,0.0,0.0,0,,,,,67.70795265,1
publimetro_2015-04-15_1,3,none,,adaptive_mean,docling_rapidocr,llama,6,0,0,0,6,0.0,0.0,0.0,0,,,,,12.698665054,1
publimetro_2015-04-15_1,3,none,,basic,docling_easyocr,llama,6,0,0,0,6,0.0,0.0,0.0,0,,,,,62.466726257,1
publimetro_2015-04-15_1,3,none,,basic,docling_rapidocr,llama,6,0,0,0,6,0.0,0.0,0.0,0,,,,,13.302739097,1
publimetro_2015-04-15_1,3,none,,niblack,docling_easyocr,llama,6,0,0,0,6,0.0,0.0,0.0,0,,,,,67.49035981,1
publimetro_2015-04-15_1,3,none,,niblack,docling_rapidocr,llama,6,0,0,0,6,0.0,0.0,0.0,0,,,,,12.425163534,1
publimetro_2015-04-15_1,3,none,,none_color,docling_easyocr,llama,6,0,0,0,6,0.0,0.0,0.0,0,,,,,72.523684787,1
publimetro_2015-04-15_1,3,none,,none_color,docling_rapidocr,llama,6,0,0,0,6,0.0,0.0,0.0,0,,,,,14.129007625,1
publimetro_2015-04-15_1,3,none,,none_grayscale,docling_easyocr,llama,6,0,0,0,6,0.0,0.0,0.0,0,,,,,64.468025804,1
publimetro_2015-04-15_1,3,none,,none_grayscale,docling_rapidocr,llama,6,0,0,0,6,0.0,0.0,0.0,0,,,,,15.510313631,1
publimetro_2015-04-15_1,3,none,,otsu,docling_easyocr,llama,6,0,0,0,6,0.0,0.0,0.0,0,,,,,68.028124359,1
publimetro_2015-04-15_1,3,none,,otsu,docling_rapidocr,llama,6,0,0,0,6,0.0,0.0,0.0,0,,,,,12.61910918,1
publimetro_2015-04-15_1,4,none,,adaptive_gaussian,docling_easyocr,llama,6,0,0,0,6,0.0,0.0,0.0,0,,,,,71.351961428,1
publimetro_2015-04-15_1,4,none,,adaptive_gaussian,docling_rapidocr,llama,6,0,0,0,6,0.0,0.0,0.0,0,,,,,13.496857458,1
publimetro_2015-04-15_1,4,none,,adaptive_mean,docling_easyocr,llama,6,0,0,0,6,0.0,0.0,0.0,0,,,,,69.380530359,1
publimetro_2015-04-15_1,4,none,,adaptive_mean,docling_rapidocr,llama,6,0,0,0,6,0.0,0.0,0.0,0,,,,,11.258744719,1
publimetro_2015-04-15_1,4,none,,basic,docling_easyocr,llama,6,0,0,0,6,0.0,0.0,0.0,0,,,,,74.364707991,1
publimetro_2015-04-15_1,4,none,,basic,docling_rapidocr,llama,6,0,0,0,6,0.0,0.0,0.0,0,,,,,15.001525208,1
publimetro_2015-04-15_1,4,none,,niblack,docling_easyocr,llama,6,0,0,0,6,0.0,0.0,0.0,0,,,,,57.302508232,1
publimetro_2015-04-15_1,4,none,,niblack,docling_rapidocr,llama,6,0,0,0,6,0.0,0.0,0.0,0,,,,,10.414059517,1
publimetro_2015-04-15_1,4,none,,none_color,docling_easyocr,llama,6,0,0,0,6,0.0,0.0,0.0,0,,,,,71.684447187,1
publimetro_2015-04-15_1,4,none,,none_color,docling_rapidocr,llama,6,0,0,0,6,0.0,0.0,0.0,0,,,,,15.478758949,1
publimetro_2015-04-15_1,4,none,,none_grayscale,docling_easyocr,llama,6,0,0,0,6,0.0,0.0,0.0,0,,,,,68.636679144,1
publimetro_2015-04-15_1,4,none,,none_grayscale,docling_rapidocr,llama,6,0,0,0,6,0.0,0.0,0.0,0,,,,,14.02167222,1
publimetro_2015-04-15_1,4,none,,otsu,docling_easyocr,llama,6,0,0,0,6,0.0,0.0,0.0,0,,,,,72.288602469,1
publimetro_2015-04-15_1,4,none,,otsu,docling_rapidocr,llama,6,0,0,0,6,0.0,0.0,0.0,0,,,,,14.77671468,1
publimetro_2015-04-15_1,5,none,,adaptive_gaussian,docling_easyocr,llama,6,0,0,0,6,0.0,0.0,0.0,0,,,,,63.662288574,1
publimetro_2015-04-15_1,5,none,,adaptive_gaussian,docling_rapidocr,llama,6,0,0,0,6,0.0,0.0,0.0,0,,,,,11.64388266,1
publimetro_2015-04-15_1,5,none,,adaptive_mean,docling_easyocr,llama,6,0,0,0,6,0.0,0.0,0.0,0,,,,,68.361713028,1
publimetro_2015-04-15_1,5,none,,adaptive_mean,docling_rapidocr,llama,6,0,0,0,6,0.0,0.0,0.0,0,,,,,12.91592536,1
publimetro_2015-04-15_1,5,none,,basic,docling_easyocr,llama,6,0,0,0,6,0.0,0.0,0.0,0,,,,,66.708268303,1
publimetro_2015-04-15_1,5,none,,basic,docling_rapidocr,llama,6,0,0,0,6,0.0,0.0,0.0,0,,,,,13.406108994,1
publimetro_2015-04-15_1,5,none,,niblack,docling_easyocr,llama,6,0,0,0,6,0.0,0.0,0.0,0,,,,,59.825499868,1
publimetro_2015-04-15_1,5,none,,niblack,docling_rapidocr,llama,6,0,0,0,6,0.0,0.0,0.0,0,,,,,13.040104723,1
publimetro_2015-04-15_1,5,none,,none_color,docling_easyocr,llama,6,0,0,0,6,0.0,0.0,0.0,0,,,,,71.394261187,1
publimetro_2015-04-15_1,5,none,,none_color,docling_rapidocr,llama,6,0,0,0,6,0.0,0.0,0.0,0,,,,,14.431163853,1
publimetro_2015-04-15_1,5,none,,none_grayscale,docling_easyocr,llama,6,0,0,0,6,0.0,0.0,0.0,0,,,,,73.277480429,1
publimetro_2015-04-15_1,5,none,,none_grayscale,docling_rapidocr,llama,6,0,0,0,6,0.0,0.0,0.0,0,,,,,15.449698513,1
publimetro_2015-04-15_1,5,none,,otsu,docling_easyocr,llama,6,0,0,0,6,0.0,0.0,0.0,0,,,,,72.855463715,1
publimetro_2015-04-15_1,5,none,,otsu,docling_rapidocr,llama,6,0,0,0,6,0.0,0.0,0.0,0,,,,,14.415944786,1
publimetro_2015-04-15_1,6,none,,adaptive_gaussian,docling_easyocr,llama,6,0,0,0,6,0.0,0.0,0.0,0,,,,,72.974796867,1
publimetro_2015-04-15_1,6,none,,adaptive_gaussian,docling_rapidocr,llama,6,0,0,0,6,0.0,0.0,0.0,0,,,,,14.364964104,1
publimetro_2015-04-15_1,6,none,,adaptive_mean,docling_easyocr,llama,6,0,0,0,6,0.0,0.0,0.0,0,,,,,61.385227175,1
publimetro_2015-04-15_1,6,none,,adaptive_mean,docling_rapidocr,llama,6,0,0,0,6,0.0,0.0,0.0,0,,,,,12.355585785,1
publimetro_2015-04-15_1,6,none,,basic,docling_easyocr,llama,6,0,0,0,6,0.0,0.0,0.0,0,,,,,71.906082478,1
publimetro_2015-04-15_1,6,none,,basic,docling_rapidocr,llama,6,0,0,0,6,0.0,0.0,0.0,0,,,,,14.394219961,1
publimetro_2015-04-15_1,6,none,,niblack,docling_easyocr,llama,6,0,0,0,6,0.0,0.0,0.0,0,,,,,66.602782148,1
publimetro_2015-04-15_1,6,none,,niblack,docling_rapidocr,llama,6,0,0,0,6,0.0,0.0,0.0,0,,,,,11.834944862,1
publimetro_2015-04-15_1,6,none,,none_color,docling_easyocr,llama,6,0,0,0,6,0.0,0.0,0.0,0,,,,,71.065990866,1
publimetro_2015-04-15_1,6,none,,none_color,docling_rapidocr,llama,6,0,0,0,6,0.0,0.0,0.0,0,,,,,14.894503058,1
publimetro_2015-04-15_1,6,none,,none_grayscale,docling_easyocr,llama,6,0,0,0,6,0.0,0.0,0.0,0,,,,,71.945899738,1
publimetro_2015-04-15_1,6,none,,none_grayscale,docling_rapidocr,llama,6,0,0,0,6,0.0,0.0,0.0,0,,,,,14.196092381,1
publimetro_2015-04-15_1,6,none,,otsu,docling_easyocr,llama,6,0,0,0,6,0.0,0.0,0.0,0,,,,,66.359069029,1
publimetro_2015-04-15_1,6,none,,otsu,docling_rapidocr,llama,6,0,0,0,6,0.0,0.0,0.0,0,,,,,14.996622959,1
publimetro_2015-04-15_1,7,none,,adaptive_gaussian,docling_easyocr,llama,6,0,0,0,6,0.0,0.0,0.0,0,,,,,72.576205784,1
publimetro_2015-04-15_1,7,none,,adaptive_gaussian,docling_rapidocr,llama,6,0,0,0,6,0.0,0.0,0.0,0,,,,,13.825331265,1
publimetro_2015-04-15_1,7,none,,adaptive_mean,docling_easyocr,llama,6,0,0,0,6,0.0,0.0,0.0,0,,,,,71.754963472,1
publimetro_2015-04-15_1,7,none,,adaptive_mean,docling_rapidocr,llama,6,0,0,0,6,0.0,0.0,0.0,0,,,,,11.686954334,1
publimetro_2015-04-15_1,7,none,,basic,docling_easyocr,llama,6,0,0,0,6,0.0,0.0,0.0,0,,,,,71.071281477,1
publimetro_2015-04-15_1,7,none,,basic,docling_rapidocr,llama,6,0,0,0,6,0.0,0.0,0.0,0,,,,,14.917239471,1
publimetro_2015-04-15_1,7,none,,niblack,docling_easyocr,llama,6,0,0,0,6,0.0,0.0,0.0,0,,,,,65.489813828,1
publimetro_2015-04-15_1,7,none,,niblack,docling_rapidocr,llama,6,0,0,0,6,0.0,0.0,0.0,0,,,,,11.781102203,1
publimetro_2015-04-15_1,7,none,,none_color,docling_easyocr,llama,6,0,0,0,6,0.0,0.0,0.0,0,,,,,63.392568964,1
publimetro_2015-04-15_1,7,none,,none_color,docling_rapidocr,llama,6,0,0,0,6,0.0,0.0,0.0,0,,,,,14.477977413,1
publimetro_2015-04-15_1,7,none,,none_grayscale,docling_easyocr,llama,6,0,0,0,6,0.0,0.0,0.0,0,,,,,66.825657578,1
publimetro_2015-04-15_1,7,none,,none_grayscale,docling_rapidocr,llama,6,0,0,0,6,0.0,0.0,0.0,0,,,,,15.106311531,1
publimetro_2015-04-15_1,7,none,,otsu,docling_easyocr,llama,6,0,0,0,6,0.0,0.0,0.0,0,,,,,64.118195889,1
publimetro_2015-04-15_1,7,none,,otsu,docling_rapidocr,llama,6,0,0,0,6,0.0,0.0,0.0,0,,,,,12.060439703,1
publimetro_2015-04-15_1,8,none,,adaptive_gaussian,docling_easyocr,llama,6,0,0,0,6,0.0,0.0,0.0,0,,,,,72.54938406,1
publimetro_2015-04-15_1,8,none,,adaptive_gaussian,docling_rapidocr,llama,6,0,0,0,6,0.0,0.0,0.0,0,,,,,13.649820747,1
publimetro_2015-04-15_1,8,none,,adaptive_mean,docling_easyocr,llama,6,0,0,0,6,0.0,0.0,0.0,0,,,,,67.379309784,1
publimetro_2015-04-15_1,8,none,,adaptive_mean,docling_rapidocr,llama,6,0,0,0,6,0.0,0.0,0.0,0,,,,,12.829712997,1
publimetro_2015-04-15_1,8,none,,basic,docling_easyocr,llama,6,0,0,0,6,0.0,0.0,0.0,0,,,,,67.776404314,1
publimetro_2015-04-15_1,8,none,,basic,docling_rapidocr,llama,6,0,0,0,6,0.0,0.0,0.0,0,,,,,14.580556326,1
publimetro_2015-04-15_1,8,none,,niblack,docling_easyocr,llama,6,0,0,0,6,0.0,0.0,0.0,0,,,,,66.385815988,1
publimetro_2015-04-15_1,8,none,,niblack,docling_rapidocr,llama,6,0,0,0,6,0.0,0.0,0.0,0,,,,,10.653714309,1
publimetro_2015-04-15_1,8,none,,none_color,docling_easyocr,llama,6,0,0,0,6,0.0,0.0,0.0,0,,,,,67.189065794,1
publimetro_2015-04-15_1,8,none,,none_color,docling_rapidocr,llama,6,0,0,0,6,0.0,0.0,0.0,0,,,,,12.528168062,1
publimetro_2015-04-15_1,8,none,,none_grayscale,docling_easyocr,llama,6,0,0,0,6,0.0,0.0,0.0,0,,,,,69.581885198,1
publimetro_2015-04-15_1,8,none,,none_grayscale,docling_rapidocr,llama,6,0,0,0,6,0.0,0.0,0.0,0,,,,,13.00997291,1
publimetro_2015-04-15_1,8,none,,otsu,docling_easyocr,llama,6,0,0,0,6,0.0,0.0,0.0,0,,,,,74.087100511,1
publimetro_2015-04-15_1,8,none,,otsu,docling_rapidocr,llama,6,0,0,0,6,0.0,0.0,0.0,0,,,,,14.705012089,1
publimetro_2015-04-15_1,9,none,,adaptive_gaussian,docling_easyocr,llama,6,0,0,0,6,0.0,0.0,0.0,0,,,,,71.779275713,1
publimetro_2015-04-15_1,9,none,,adaptive_gaussian,docling_rapidocr,llama,6,0,0,0,6,0.0,0.0,0.0,0,,,,,14.197177229,1
publimetro_2015-04-15_1,9,none,,adaptive_mean,docling_easyocr,llama,6,0,0,0,6,0.0,0.0,0.0,0,,,,,70.208389526,1
publimetro_2015-04-15_1,9,none,,adaptive_mean,docling_rapidocr,llama,6,0,0,0,6,0.0,0.0,0.0,0,,,,,10.839952713,1
publimetro_2015-04-15_1,9,none,,basic,docling_easyocr,llama,6,0,0,0,6,0.0,0.0,0.0,0,,,,,70.748410034,1
publimetro_2015-04-15_1,9,none,,basic,docling_rapidocr,llama,6,0,0,0,6,0.0,0.0,0.0,0,,,,,13.795477199,1
publimetro_2015-04-15_1,9,none,,niblack,docling_easyocr,llama,6,0,0,0,6,0.0,0.0,0.0,0,,,,,65.17216568,1
publimetro_2015-04-15_1,9,none,,niblack,docling_rapidocr,llama,6,0,0,0,6,0.0,0.0,0.0,0,,,,,10.596710491,1
publimetro_2015-04-15_1,9,none,,none_color,docling_easyocr,llama,6,0,0,0,6,0.0,0.0,0.0,0,,,,,74.416350267,1
publimetro_2015-04-15_1,9,none,,none_color,docling_rapidocr,llama,6,0,0,0,6,0.0,0.0,0.0,0,,,,,14.301115177,1
publimetro_2015-04-15_1,9,none,,none_grayscale,docling_easyocr,llama,6,0,0,0,6,0.0,0.0,0.0,0,,,,,70.82079265,1
publimetro_2015-04-15_1,9,none,,none_grayscale,docling_rapidocr,llama,6,0,0,0,6,0.0,0.0,0.0,0,,,,,14.139919971,1
publimetro_2015-04-15_1,9,none,,otsu,docling_easyocr,llama,6,0,0,0,6,0.0,0.0,0.0,0,,,,,73.543404938,1
publimetro_2015-04-15_1,9,none,,otsu,docling_rapidocr,llama,6,0,0,0,6,0.0,0.0,0.0,0,,,,,13.287979484,1
publimetro_2015-04-15_1,10,none,,adaptive_gaussian,docling_easyocr,llama,6,0,0,0,6,0.0,0.0,0.0,0,,,,,68.742644232,1
publimetro_2015-04-15_1,10,none,,adaptive_gaussian,docling_rapidocr,llama,6,0,0,0,6,0.0,0.0,0.0,0,,,,,13.241168897,1
publimetro_2015-04-15_1,10,none,,adaptive_mean,docling_easyocr,llama,6,0,0,0,6,0.0,0.0,0.0,0,,,,,71.59626869,1
publimetro_2015-04-15_1,10,none,,adaptive_mean,docling_rapidocr,llama,6,0,0,0,6,0.0,0.0,0.0,0,,,,,13.138792074,1
publimetro_2015-04-15_1,10,none,,basic,docling_easyocr,llama,6,0,0,0,6,0.0,0.0,0.0,0,,,,,74.083667595,1
publimetro_2015-04-15_1,10,none,,basic,docling_rapidocr,llama,6,0,0,0,6,0.0,0.0,0.0,0,,,,,11.80799945,1
publimetro_2015-04-15_1,10,none,,niblack,docling_easyocr,llama,6,0,0,0,6,0.0,0.0,0.0,0,,,,,65.269272695,1
publimetro_2015-04-15_1,10,none,,niblack,docling_rapidocr,llama,6,0,0,0,6,0.0,0.0,0.0,0,,,,,10.686976324,1
publimetro_2015-04-15_1,10,none,,none_color,docling_easyocr,llama,6,0,0,0,6,0.0,0.0,0.0,0,,,,,74.079018049,1
publimetro_2015-04-15_1,10,none,,none_color,docling_rapidocr,llama,6,0,0,0,6,0.0,0.0,0.0,0,,,,,14.577942781,1
publimetro_2015-04-15_1,10,none,,none_grayscale,docling_easyocr,llama,6,0,0,0,6,0.0,0.0,0.0,0,,,,,75.053802496,1
publimetro_2015-04-15_1,10,none,,none_grayscale,docling_rapidocr,llama,6,0,0,0,6,0.0,0.0,0.0,0,,,,,13.868828541,1
publimetro_2015-04-15_1,10,none,,otsu,docling_easyocr,llama,6,0,0,0,6,0.0,0.0,0.0,0,,,,,72.560413034,1
publimetro_2015-04-15_1,10,none,,otsu,docling_rapidocr,llama,6,0,0,0,6,0.0,0.0,0.0,0,,,,,14.460266741,1
publimetro_2015-04-15_1,11,none,,adaptive_gaussian,docling_easyocr,llama,6,0,0,0,6,0.0,0.0,0.0,0,,,,,71.562370647,1
publimetro_2015-04-15_1,11,none,,adaptive_gaussian,docling_rapidocr,llama,6,0,0,0,6,0.0,0.0,0.0,0,,,,,13.522070278,1
publimetro_2015-04-15_1,11,none,,adaptive_mean,docling_easyocr,llama,6,0,0,0,6,0.0,0.0,0.0,0,,,,,69.779012094,1
publimetro_2015-04-15_1,11,none,,adaptive_mean,docling_rapidocr,llama,6,0,0,0,6,0.0,0.0,0.0,0,,,,,13.174074779,1
publimetro_2015-04-15_1,11,none,,basic,docling_easyocr,llama,6,0,0,0,6,0.0,0.0,0.0,0,,,,,67.168866567,1
publimetro_2015-04-15_1,11,none,,basic,docling_rapidocr,llama,6,0,0,0,6,0.0,0.0,0.0,0,,,,,10.883103304,1
publimetro_2015-04-15_1,11,none,,niblack,docling_easyocr,llama,6,0,0,0,6,0.0,0.0,0.0,0,,,,,65.230580366,1
publimetro_2015-04-15_1,11,none,,niblack,docling_rapidocr,llama,6,0,0,0,6,0.0,0.0,0.0,0,,,,,11.520820892,1
publimetro_2015-04-15_1,11,none,,none_color,docling_easyocr,llama,6,0,0,0,6,0.0,0.0,0.0,0,,,,,72.786601404,1
publimetro_2015-04-15_1,11,none,,none_color,docling_rapidocr,llama,6,0,0,0,6,0.0,0.0,0.0,0,,,,,14.88110123,1
publimetro_2015-04-15_1,11,none,,none_grayscale,docling_easyocr,llama,6,0,0,0,6,0.0,0.0,0.0,0,,,,,72.982016424,1
publimetro_2015-04-15_1,11,none,,none_grayscale,docling_rapidocr,llama,6,0,0,0,6,0.0,0.0,0.0,0,,,,,14.738446335,1
publimetro_2015-04-15_1,11,none,,otsu,docling_easyocr,llama,6,0,0,0,6,0.0,0.0,0.0,0,,,,,73.055868393,1
publimetro_2015-04-15_1,11,none,,otsu,docling_rapidocr,llama,6,0,0,0,6,0.0,0.0,0.0,0,,,,,11.994202142,1
publimetro_2015-04-15_1,12,none,,adaptive_gaussian,docling_easyocr,llama,6,0,0,0,6,0.0,0.0,0.0,0,,,,,99.098787025,1
publimetro_2015-04-15_1,12,none,,adaptive_gaussian,docling_rapidocr,llama,6,0,0,0,6,0.0,0.0,0.0,0,,,,,45.686873868,1
publimetro_2015-04-15_1,12,none,,adaptive_mean,docling_easyocr,llama,6,0,0,0,6,0.0,0.0,0.0,0,,,,,102.770363784,1
publimetro_2015-04-15_1,12,none,,adaptive_mean,docling_rapidocr,llama,6,0,0,0,6,0.0,0.0,0.0,0,,,,,45.206711269,1
publimetro_2015-04-15_1,12,none,,basic,docling_easyocr,llama,6,0,0,0,6,0.0,0.0,0.0,0,,,,,101.714471836,1
publimetro_2015-04-15_1,12,none,,basic,docling_rapidocr,llama,6,0,0,0,6,0.0,0.0,0.0,0,,,,,46.291333932,1
publimetro_2015-04-15_1,12,none,,niblack,docling_easyocr,llama,6,0,0,0,6,0.0,0.0,0.0,0,,,,,93.072232648,1
publimetro_2015-04-15_1,12,none,,niblack,docling_rapidocr,llama,6,0,0,0,6,0.0,0.0,0.0,0,,,,,43.097199842,1
publimetro_2015-04-15_1,12,none,,none_color,docling_easyocr,llama,6,0,0,0,6,0.0,0.0,0.0,0,,,,,102.747872465,1
publimetro_2015-04-15_1,12,none,,none_color,docling_rapidocr,llama,6,0,0,0,6,0.0,0.0,0.0,0,,,,,46.816688888,1
publimetro_2015-04-15_1,12,none,,none_grayscale,docling_easyocr,llama,6,0,0,0,6,0.0,0.0,0.0,0,,,,,94.330700344,1
publimetro_2015-04-15_1,12,none,,none_grayscale,docling_rapidocr,llama,6,0,0,0,6,0.0,0.0,0.0,0,,,,,46.990269845,1
publimetro_2015-04-15_1,12,none,,otsu,docling_easyocr,llama,6,0,0,0,6,0.0,0.0,0.0,0,,,,,101.541120859,1
publimetro_2015-04-15_1,12,none,,otsu,docling_rapidocr,llama,6,0,0,0,6,0.0,0.0,0.0,0,,,,,46.546546073,1
publimetro_2015-04-15_1,13,none,,adaptive_gaussian,docling_easyocr,llama,6,0,0,0,6,0.0,0.0,0.0,0,,,,,103.876509237,1
publimetro_2015-04-15_1,13,none,,adaptive_gaussian,docling_rapidocr,llama,6,0,0,0,6,0.0,0.0,0.0,0,,,,,44.512747096,1
publimetro_2015-04-15_1,13,none,,adaptive_mean,docling_easyocr,llama,6,0,0,0,6,0.0,0.0,0.0,0,,,,,103.675182027,1
publimetro_2015-04-15_1,13,none,,adaptive_mean,docling_rapidocr,llama,6,0,0,0,6,0.0,0.0,0.0,0,,,,,45.740818424,1
publimetro_2015-04-15_1,13,none,,basic,docling_easyocr,llama,6,0,0,0,6,0.0,0.0,0.0,0,,,,,101.85988232,1
publimetro_2015-04-15_1,13,none,,basic,docling_rapidocr,llama,6,0,0,0,6,0.0,0.0,0.0,0,,,,,45.291667665,1
publimetro_2015-04-15_1,13,none,,niblack,docling_easyocr,llama,6,0,0,0,6,0.0,0.0,0.0,0,,,,,97.295993894,1
publimetro_2015-04-15_1,13,none,,niblack,docling_rapidocr,llama,6,0,0,0,6,0.0,0.0,0.0,0,,,,,42.92468819,1
publimetro_2015-04-15_1,13,none,,none_color,docling_easyocr,llama,6,0,0,0,6,0.0,0.0,0.0,0,,,,,102.181283294,1
publimetro_2015-04-15_1,13,none,,none_color,docling_rapidocr,llama,6,0,0,0,6,0.0,0.0,0.0,0,,,,,46.304718076,1
publimetro_2015-04-15_1,13,none,,none_grayscale,docling_easyocr,llama,6,0,0,0,6,0.0,0.0,0.0,0,,,,,102.895077121,1
publimetro_2015-04-15_1,13,none,,none_grayscale,docling_rapidocr,llama,6,0,0,0,6,0.0,0.0,0.0,0,,,,,47.060887468,1
publimetro_2015-04-15_1,13,none,,otsu,docling_easyocr,llama,6,0,0,0,6,0.0,0.0,0.0,0,,,,,98.694342174,1
publimetro_2015-04-15_1,13,none,,otsu,docling_rapidocr,llama,6,0,0,0,6,0.0,0.0,0.0,0,,,,,45.882233419,1
publimetro_2015-04-15_1,14,none,,adaptive_gaussian,docling_easyocr,llama,6,0,0,0,6,0.0,0.0,0.0,0,,,,,104.499363965,1
publimetro_2015-04-15_1,14,none,,adaptive_gaussian,docling_rapidocr,llama,6,0,0,0,6,0.0,0.0,0.0,0,,,,,45.931542463,1
publimetro_2015-04-15_1,14,none,,adaptive_mean,docling_easyocr,llama,6,0,0,0,6,0.0,0.0,0.0,0,,,,,95.322554603,1
publimetro_2015-04-15_1,14,none,,adaptive_mean,docling_rapidocr,llama,6,0,0,0,6,0.0,0.0,0.0,0,,,,,45.2994342,1
publimetro_2015-04-15_1,14,none,,basic,docling_easyocr,llama,6,0,0,0,6,0.0,0.0,0.0,0,,,,,96.073998985,1
publimetro_2015-04-15_1,14,none,,basic,docling_rapidocr,llama,6,0,0,0,6,0.0,0.0,0.0,0,,,,,46.270900545,1
publimetro_2015-04-15_1,14,none,,niblack,docling_easyocr,llama,6,0,0,0,6,0.0,0.0,0.0,0,,,,,97.456033121,1
publimetro_2015-04-15_1,14,none,,niblack,docling_rapidocr,llama,6,0,0,0,6,0.0,0.0,0.0,0,,,,,43.123881469,1
publimetro_2015-04-15_1,14,none,,none_color,docling_easyocr,llama,6,0,0,0,6,0.0,0.0,0.0,0,,,,,99.619248374,1
publimetro_2015-04-15_1,14,none,,none_color,docling_rapidocr,llama,6,0,0,0,6,0.0,0.0,0.0,0,,,,,46.525724395,1
publimetro_2015-04-15_1,14,none,,none_grayscale,docling_easyocr,llama,6,0,0,0,6,0.0,0.0,0.0,0,,,,,102.833097681,1
publimetro_2015-04-15_1,14,none,,none_grayscale,docling_rapidocr,llama,6,0,0,0,6,0.0,0.0,0.0,0,,,,,43.815522417,1
publimetro_2015-04-15_1,14,none,,otsu,docling_easyocr,llama,6,0,0,0,6,0.0,0.0,0.0,0,,,,,102.161659847,1
publimetro_2015-04-15_1,14,none,,otsu,docling_rapidocr,llama,6,0,0,0,6,0.0,0.0,0.0,0,,,,,44.96166719,1
publimetro_2015-04-15_1,15,none,,adaptive_gaussian,docling_easyocr,llama,6,0,0,0,6,0.0,0.0,0.0,0,,,,,67.014201013,1
publimetro_2015-04-15_1,15,none,,adaptive_gaussian,docling_rapidocr,llama,6,0,0,0,6,0.0,0.0,0.0,0,,,,,10.318435756,1
publimetro_2015-04-15_1,15,none,,adaptive_mean,docling_easyocr,llama,6,0,0,0,6,0.0,0.0,0.0,0,,,,,69.520493232,1
publimetro_2015-04-15_1,15,none,,adaptive_mean,docling_rapidocr,llama,6,0,0,0,6,0.0,0.0,0.0,0,,,,,10.866922819,1
publimetro_2015-04-15_1,15,none,,basic,docling_easyocr,llama,6,0,0,0,6,0.0,0.0,0.0,0,,,,,66.152524476,1
publimetro_2015-04-15_1,15,none,,basic,docling_rapidocr,llama,6,0,0,0,6,0.0,0.0,0.0,0,,,,,13.783590799,1
publimetro_2015-04-15_1,15,none,,niblack,docling_rapidocr,llama,6,0,0,0,6,0.0,0.0,0.0,0,,,,,10.633384616,1
publimetro_2015-04-15_1,15,none,,none_color,docling_easyocr,llama,6,0,0,0,6,0.0,0.0,0.0,0,,,,,73.009585718,1
publimetro_2015-04-15_1,15,none,,none_color,docling_rapidocr,llama,6,0,0,0,6,0.0,0.0,0.0,0,,,,,14.525616744,1
publimetro_2015-04-15_1,15,none,,none_grayscale,docling_easyocr,llama,6,0,0,0,6,0.0,0.0,0.0,0,,,,,72.310212068,1
publimetro_2015-04-15_1,15,none,,none_grayscale,docling_rapidocr,llama,6,0,0,0,6,0.0,0.0,0.0,0,,,,,14.741475276,1
publimetro_2015-04-15_1,15,none,,otsu,docling_easyocr,llama,6,0,0,0,6,0.0,0.0,0.0,0,,,,,71.389899332,1
publimetro_2015-04-15_1,15,none,,otsu,docling_rapidocr,llama,6,0,0,0,6,0.0,0.0,0.0,0,,,,,14.130411703,1
publimetro_2015-04-15_1,16,none,,adaptive_gaussian,docling_easyocr,llama,6,0,0,0,6,0.0,0.0,0.0,0,,,,,60.067464593,1
publimetro_2015-04-15_1,16,none,,adaptive_gaussian,docling_rapidocr,llama,6,0,0,0,6,0.0,0.0,0.0,0,,,,,9.753219131,1
publimetro_2015-04-15_1,16,none,,adaptive_mean,docling_easyocr,llama,6,0,0,0,6,0.0,0.0,0.0,0,,,,,65.738145852,1
publimetro_2015-04-15_1,16,none,,adaptive_mean,docling_rapidocr,llama,6,0,0,0,6,0.0,0.0,0.0,0,,,,,10.442153239,1
publimetro_2015-04-15_1,16,none,,basic,docling_easyocr,llama,6,0,0,0,6,0.0,0.0,0.0,0,,,,,71.02322244,1
publimetro_2015-04-15_1,16,none,,basic,docling_rapidocr,llama,6,0,0,0,6,0.0,0.0,0.0,0,,,,,14.174105161,1
publimetro_2015-04-15_1,16,none,,niblack,docling_rapidocr,llama,6,0,0,0,6,0.0,0.0,0.0,0,,,,,11.431132123,1
publimetro_2015-04-15_1,16,none,,none_color,docling_easyocr,llama,6,0,0,0,6,0.0,0.0,0.0,0,,,,,72.90077552,1
publimetro_2015-04-15_1,16,none,,none_color,docling_rapidocr,llama,6,0,0,0,6,0.0,0.0,0.0,0,,,,,14.174178211,1
publimetro_2015-04-15_1,16,none,,none_grayscale,docling_easyocr,llama,6,0,0,0,6,0.0,0.0,0.0,0,,,,,63.789653699,1
publimetro_2015-04-15_1,16,none,,none_grayscale,docling_rapidocr,llama,6,0,0,0,6,0.0,0.0,0.0,0,,,,,14.733294408,1
publimetro_2015-04-15_1,16,none,,otsu,docling_easyocr,llama,6,0,0,0,6,0.0,0.0,0.0,0,,,,,70.071157283,1
publimetro_2015-04-15_1,16,none,,otsu,docling_rapidocr,llama,6,0,0,0,6,0.0,0.0,0.0,0,,,,,13.845895833,1
publimetro_2015-04-15_1,17,none,,adaptive_gaussian,docling_easyocr,llama,6,0,0,0,6,0.0,0.0,0.0,0,,,,,68.565840009,1
publimetro_2015-04-15_1,17,none,,adaptive_gaussian,docling_rapidocr,llama,6,0,0,0,6,0.0,0.0,0.0,0,,,,,10.723490241,1
publimetro_2015-04-15_1,17,none,,adaptive_mean,docling_easyocr,llama,6,0,0,0,6,0.0,0.0,0.0,0,,,,,70.181808185,1
publimetro_2015-04-15_1,17,none,,adaptive_mean,docling_rapidocr,llama,6,0,0,0,6,0.0,0.0,0.0,0,,,,,10.517891597,1
publimetro_2015-04-15_1,17,none,,basic,docling_easyocr,llama,6,0,0,0,6,0.0,0.0,0.0,0,,,,,77.910690778,1
publimetro_2015-04-15_1,17,none,,basic,docling_rapidocr,llama,6,0,0,0,6,0.0,0.0,0.0,0,,,,,13.073597425,1
publimetro_2015-04-15_1,17,none,,niblack,docling_easyocr,llama,6,0,0,0,6,0.0,0.0,0.0,0,,,,,62.947686551,1
publimetro_2015-04-15_1,17,none,,niblack,docling_rapidocr,llama,6,0,0,0,6,0.0,0.0,0.0,0,,,,,12.359750388,1
publimetro_2015-04-15_1,17,none,,none_color,docling_easyocr,llama,6,0,0,0,6,0.0,0.0,0.0,0,,,,,72.311232965,1
publimetro_2015-04-15_1,17,none,,none_color,docling_rapidocr,llama,6,0,0,0,6,0.0,0.0,0.0,0,,,,,13.977578084,1
publimetro_2015-04-15_1,17,none,,none_grayscale,docling_easyocr,llama,6,0,0,0,6,0.0,0.0,0.0,0,,,,,64.780887763,1
publimetro_2015-04-15_1,17,none,,none_grayscale,docling_rapidocr,llama,6,0,0,0,6,0.0,0.0,0.0,0,,,,,14.25988857,1
publimetro_2015-04-15_1,17,none,,otsu,docling_easyocr,llama,6,0,0,0,6,0.0,0.0,0.0,0,,,,,71.371644801,1
publimetro_2015-04-15_1,17,none,,otsu,docling_rapidocr,llama,6,0,0,0,6,0.0,0.0,0.0,0,,,,,12.442375011,1
publimetro_2015-04-15_1,18,none,,adaptive_gaussian,docling_easyocr,llama,6,0,0,0,6,0.0,0.0,0.0,0,,,,,62.229880416,1
publimetro_2015-04-15_1,18,none,,adaptive_gaussian,docling_rapidocr,llama,6,0,0,0,6,0.0,0.0,0.0,0,,,,,9.850253904,1
publimetro_2015-04-15_1,18,none,,adaptive_mean,docling_easyocr,llama,6,0,0,0,6,0.0,0.0,0.0,0,,,,,63.593396768,1
publimetro_2015-04-15_1,18,none,,adaptive_mean,docling_rapidocr,llama,6,0,0,0,6,0.0,0.0,0.0,0,,,,,11.158361062,1
publimetro_2015-04-15_1,18,none,,basic,docling_easyocr,llama,6,0,0,0,6,0.0,0.0,0.0,0,,,,,62.404879167,1
publimetro_2015-04-15_1,18,none,,basic,docling_rapidocr,llama,6,0,0,0,6,0.0,0.0,0.0,0,,,,,10.711024835,1
publimetro_2015-04-15_1,18,none,,niblack,docling_easyocr,llama,6,0,0,0,6,0.0,0.0,0.0,0,,,,,62.81870046,1
publimetro_2015-04-15_1,18,none,,otsu,docling_easyocr,llama,6,0,0,0,6,0.0,0.0,0.0,0,,,,,62.976360944,1
publimetro_2015-04-15_1,18,none,,otsu,docling_rapidocr,llama,6,0,0,0,6,0.0,0.0,0.0,0,,,,,11.06482282,1
publimetro_2015-04-15_1,18,none,,yannihorne,docling_rapidocr,llama,6,0,0,0,6,0.0,0.0,0.0,0,,,,,11.885158685,1
publimetro_2015-04-15_1,19,none,,adaptive_gaussian,docling_easyocr,llama,6,0,0,0,6,0.0,0.0,0.0,0,,,,,61.963603818,1
publimetro_2015-04-15_1,19,none,,adaptive_gaussian,docling_rapidocr,llama,6,0,0,0,6,0.0,0.0,0.0,0,,,,,10.493854844,1
publimetro_2015-04-15_1,19,none,,adaptive_mean,docling_easyocr,llama,6,0,0,0,6,0.0,0.0,0.0,0,,,,,63.641192779,1
publimetro_2015-04-15_1,19,none,,adaptive_mean,docling_rapidocr,llama,6,0,0,0,6,0.0,0.0,0.0,0,,,,,11.862075671,1
publimetro_2015-04-15_1,19,none,,basic,docling_easyocr,llama,6,0,0,0,6,0.0,0.0,0.0,0,,,,,61.951261832,1
publimetro_2015-04-15_1,19,none,,basic,docling_rapidocr,llama,6,0,0,0,6,0.0,0.0,0.0,0,,,,,10.734853818,1
publimetro_2015-04-15_1,19,none,,otsu,docling_easyocr,llama,6,0,0,0,6,0.0,0.0,0.0,0,,,,,58.492331413,1
publimetro_2015-04-15_1,19,none,,otsu,docling_rapidocr,llama,6,0,0,0,6,0.0,0.0,0.0,0,,,,,9.779295114,1
publimetro_2015-04-15_1,19,none,,yannihorne,docling_rapidocr,llama,6,0,0,0,6,0.0,0.0,0.0,0,,,,,11.459801582,1
publimetro_2015-04-15_1,20,none,,adaptive_gaussian,docling_easyocr,llama,6,0,0,0,6,0.0,0.0,0.0,0,,,,,62.905319751,1
publimetro_2015-04-15_1,20,none,,adaptive_gaussian,docling_rapidocr,llama,6,0,0,0,6,0.0,0.0,0.0,0,,,,,11.74733907,1
publimetro_2015-04-15_1,20,none,,adaptive_mean,docling_easyocr,llama,6,0,0,0,6,0.0,0.0,0.0,0,,,,,62.431045375,1
publimetro_2015-04-15_1,20,none,,adaptive_mean,docling_rapidocr,llama,6,0,0,0,6,0.0,0.0,0.0,0,,,,,12.417832217,1
publimetro_2015-04-15_1,20,none,,basic,docling_easyocr,llama,6,0,0,0,6,0.0,0.0,0.0,0,,,,,58.855474357,1
publimetro_2015-04-15_1,20,none,,basic,docling_rapidocr,llama,6,0,0,0,6,0.0,0.0,0.0,0,,,,,9.581709031,1
publimetro_2015-04-15_1,20,none,,niblack,docling_easyocr,llama,6,0,0,0,6,0.0,0.0,0.0,0,,,,,63.022623414,1
publimetro_2015-04-15_1,20,none,,otsu,docling_easyocr,llama,6,0,0,0,6,0.0,0.0,0.0,0,,,,,62.73327394,1
publimetro_2015-04-15_1,20,none,,otsu,docling_rapidocr,llama,6,0,0,0,6,0.0,0.0,0.0,0,,,,,10.882803159,1
publimetro_2015-04-15_1,20,none,,yannihorne,docling_rapidocr,llama,6,0,0,0,6,0.0,0.0,0.0,0,,,,,11.435058789,1
publimetro_2015-04-15_1,21,none,,adaptive_gaussian,docling_easyocr,llama,6,0,0,0,6,0.0,0.0,0.0,0,,,,,160.014826285,1
publimetro_2015-04-15_1,21,none,,adaptive_gaussian,docling_rapidocr,llama,6,0,0,0,6,0.0,0.0,0.0,0,,,,,102.008798348,1
publimetro_2015-04-15_1,21,none,,adaptive_mean,docling_easyocr,llama,6,0,0,0,6,0.0,0.0,0.0,0,,,,,159.393196519,1
publimetro_2015-04-15_1,21,none,,adaptive_mean,docling_rapidocr,llama,6,0,0,0,6,0.0,0.0,0.0,0,,,,,101.658107217,1
publimetro_2015-04-15_1,21,none,,basic,docling_easyocr,llama,6,0,0,0,6,0.0,0.0,0.0,0,,,,,155.532005765,1
publimetro_2015-04-15_1,21,none,,basic,docling_rapidocr,llama,6,0,0,0,6,0.0,0.0,0.0,0,,,,,99.161755063,1
publimetro_2015-04-15_1,21,none,,niblack,docling_easyocr,llama,6,0,0,0,6,0.0,0.0,0.0,0,,,,,153.448032306,1
publimetro_2015-04-15_1,21,none,,niblack,docling_rapidocr,llama,6,0,0,0,6,0.0,0.0,0.0,0,,,,,100.116576837,1
publimetro_2015-04-15_1,21,none,,none_color,docling_easyocr,llama,6,0,0,0,6,0.0,0.0,0.0,0,,,,,159.787562276,1
publimetro_2015-04-15_1,21,none,,none_color,docling_rapidocr,llama,6,0,0,0,6,0.0,0.0,0.0,0,,,,,102.412977839,1
publimetro_2015-04-15_1,21,none,,none_grayscale,docling_easyocr,llama,6,0,0,0,6,0.0,0.0,0.0,0,,,,,159.242456342,1
publimetro_2015-04-15_1,21,none,,none_grayscale,docling_rapidocr,llama,6,0,0,0,6,0.0,0.0,0.0,0,,,,,102.105456258,1
publimetro_2015-04-15_1,21,none,,otsu,docling_easyocr,llama,6,0,0,0,6,0.0,0.0,0.0,0,,,,,159.147871783,1
publimetro_2015-04-15_1,21,none,,otsu,docling_rapidocr,llama,6,0,0,0,6,0.0,0.0,0.0,0,,,,,101.326653293,1
publimetro_2015-04-15_1,22,none,,adaptive_gaussian,docling_easyocr,llama,6,0,0,0,6,0.0,0.0,0.0,0,,,,,159.871194003,1
publimetro_2015-04-15_1,22,none,,adaptive_gaussian,docling_rapidocr,llama,6,0,0,0,6,0.0,0.0,0.0,0,,,,,101.97507727,1
publimetro_2015-04-15_1,22,none,,adaptive_mean,docling_easyocr,llama,6,0,0,0,6,0.0,0.0,0.0,0,,,,,160.259743995,1
publimetro_2015-04-15_1,22,none,,adaptive_mean,docling_rapidocr,llama,6,0,0,0,6,0.0,0.0,0.0,0,,,,,101.551179236,1
publimetro_2015-04-15_1,22,none,,basic,docling_easyocr,llama,6,0,0,0,6,0.0,0.0,0.0,0,,,,,162.979838479,1
publimetro_2015-04-15_1,22,none,,basic,docling_rapidocr,llama,6,0,0,0,6,0.0,0.0,0.0,0,,,,,102.232634891,1
publimetro_2015-04-15_1,22,none,,niblack,docling_easyocr,llama,6,0,0,0,6,0.0,0.0,0.0,0,,,,,146.781436448,1
publimetro_2015-04-15_1,22,none,,niblack,docling_rapidocr,llama,6,0,0,0,6,0.0,0.0,0.0,0,,,,,99.315736299,1
publimetro_2015-04-15_1,22,none,,none_color,docling_easyocr,llama,6,0,0,0,6,0.0,0.0,0.0,0,,,,,162.327028548,1
publimetro_2015-04-15_1,22,none,,none_color,docling_rapidocr,llama,6,0,0,0,6,0.0,0.0,0.0,0,,,,,102.381832396,1
publimetro_2015-04-15_1,22,none,,none_grayscale,docling_easyocr,llama,6,0,0,0,6,0.0,0.0,0.0,0,,,,,158.778399741,1
publimetro_2015-04-15_1,22,none,,none_grayscale,docling_rapidocr,llama,6,0,0,0,6,0.0,0.0,0.0,0,,,,,102.386523282,1
publimetro_2015-04-15_1,22,none,,otsu,docling_easyocr,llama,6,0,0,0,6,0.0,0.0,0.0,0,,,,,155.795307816,1
publimetro_2015-04-15_1,22,none,,otsu,docling_rapidocr,llama,6,0,0,0,6,0.0,0.0,0.0,0,,,,,102.476810636,1
publimetro_2015-04-15_1,23,none,,adaptive_gaussian,docling_easyocr,llama,6,0,0,0,6,0.0,0.0,0.0,0,,,,,160.595293298,1
publimetro_2015-04-15_1,23,none,,adaptive_gaussian,docling_rapidocr,llama,6,0,0,0,6,0.0,0.0,0.0,0,,,,,101.744417205,1
publimetro_2015-04-15_1,23,none,,adaptive_mean,docling_easyocr,llama,6,0,0,0,6,0.0,0.0,0.0,0,,,,,159.349929296,1
publimetro_2015-04-15_1,23,none,,adaptive_mean,docling_rapidocr,llama,6,0,0,0,6,0.0,0.0,0.0,0,,,,,101.258821927,1
publimetro_2015-04-15_1,23,none,,basic,docling_easyocr,llama,6,0,0,0,6,0.0,0.0,0.0,0,,,,,156.569301848,1
publimetro_2015-04-15_1,23,none,,basic,docling_rapidocr,llama,6,0,0,0,6,0.0,0.0,0.0,0,,,,,100.374652152,1
publimetro_2015-04-15_1,23,none,,niblack,docling_easyocr,llama,6,0,0,0,6,0.0,0.0,0.0,0,,,,,153.259668044,1
publimetro_2015-04-15_1,23,none,,niblack,docling_rapidocr,llama,6,0,0,0,6,0.0,0.0,0.0,0,,,,,98.471284799,1
publimetro_2015-04-15_1,23,none,,none_color,docling_easyocr,llama,6,0,0,0,6,0.0,0.0,0.0,0,,,,,162.973418883,1
publimetro_2015-04-15_1,23,none,,none_color,docling_rapidocr,llama,6,0,0,0,6,0.0,0.0,0.0,0,,,,,102.875836781,1
publimetro_2015-04-15_1,23,none,,none_grayscale,docling_easyocr,llama,6,0,0,0,6,0.0,0.0,0.0,0,,,,,161.701557807,1
publimetro_2015-04-15_1,23,none,,none_grayscale,docling_rapidocr,llama,6,0,0,0,6,0.0,0.0,0.0,0,,,,,102.211778811,1
publimetro_2015-04-15_1,23,none,,otsu,docling_easyocr,llama,6,0,0,0,6,0.0,0.0,0.0,0,,,,,151.212515193,1
publimetro_2015-04-15_1,23,none,,otsu,docling_rapidocr,llama,6,0,0,0,6,0.0,0.0,0.0,0,,,,,101.731093245,1
publimetro_2015-04-15_1,24,none,,adaptive_gaussian,docling_easyocr,llama,6,0,0,0,6,0.0,0.0,0.0,0,,,,,73.139183275,1
publimetro_2015-04-15_1,24,none,,adaptive_gaussian,docling_rapidocr,llama,6,0,0,0,6,0.0,0.0,0.0,0,,,,,12.293926231,1
publimetro_2015-04-15_1,24,none,,adaptive_mean,docling_easyocr,llama,6,0,0,0,6,0.0,0.0,0.0,0,,,,,74.316035688,1
publimetro_2015-04-15_1,24,none,,adaptive_mean,docling_rapidocr,llama,6,0,0,0,6,0.0,0.0,0.0,0,,,,,14.064910591,1
publimetro_2015-04-15_1,24,none,,basic,docling_easyocr,llama,6,0,0,0,6,0.0,0.0,0.0,0,,,,,70.939349395,1
publimetro_2015-04-15_1,24,none,,basic,docling_rapidocr,llama,6,0,0,0,6,0.0,0.0,0.0,0,,,,,14.312364322,1
publimetro_2015-04-15_1,24,none,,niblack,docling_easyocr,llama,6,0,0,0,6,0.0,0.0,0.0,0,,,,,66.031098795,1
publimetro_2015-04-15_1,24,none,,niblack,docling_rapidocr,llama,6,0,0,0,6,0.0,0.0,0.0,0,,,,,10.260415744,1
publimetro_2015-04-15_1,24,none,,none_color,docling_easyocr,llama,6,0,0,0,6,0.0,0.0,0.0,0,,,,,71.180910902,1
publimetro_2015-04-15_1,24,none,,none_color,docling_rapidocr,llama,6,0,0,0,6,0.0,0.0,0.0,0,,,,,14.3754638,1
publimetro_2015-04-15_1,24,none,,none_grayscale,docling_easyocr,llama,6,0,0,0,6,0.0,0.0,0.0,0,,,,,71.414561182,1
publimetro_2015-04-15_1,24,none,,none_grayscale,docling_rapidocr,llama,6,0,0,0,6,0.0,0.0,0.0,0,,,,,14.092483431,1
publimetro_2015-04-15_1,24,none,,otsu,docling_easyocr,llama,6,0,0,0,6,0.0,0.0,0.0,0,,,,,70.56079417,1
publimetro_2015-04-15_1,24,none,,otsu,docling_rapidocr,llama,6,0,0,0,6,0.0,0.0,0.0,0,,,,,14.559016283,1
publimetro_2015-04-15_1,25,none,,adaptive_gaussian,docling_easyocr,llama,6,0,0,0,6,0.0,0.0,0.0,0,,,,,67.907707052,1
publimetro_2015-04-15_1,25,none,,adaptive_gaussian,docling_rapidocr,llama,6,0,0,0,6,0.0,0.0,0.0,0,,,,,12.262760477,1
publimetro_2015-04-15_1,25,none,,adaptive_mean,docling_easyocr,llama,6,0,0,0,6,0.0,0.0,0.0,0,,,,,72.214438224,1
publimetro_2015-04-15_1,25,none,,adaptive_mean,docling_rapidocr,llama,6,0,0,0,6,0.0,0.0,0.0,0,,,,,12.949701811,1
publimetro_2015-04-15_1,25,none,,basic,docling_easyocr,llama,6,0,0,0,6,0.0,0.0,0.0,0,,,,,62.496115513,1
publimetro_2015-04-15_1,25,none,,basic,docling_rapidocr,llama,6,0,0,0,6,0.0,0.0,0.0,0,,,,,14.412653513,1
publimetro_2015-04-15_1,25,none,,niblack,docling_easyocr,llama,6,0,0,0,6,0.0,0.0,0.0,0,,,,,57.21453351,1
publimetro_2015-04-15_1,25,none,,niblack,docling_rapidocr,llama,6,0,0,0,6,0.0,0.0,0.0,0,,,,,11.450596513,1
publimetro_2015-04-15_1,25,none,,none_color,docling_easyocr,llama,6,0,0,0,6,0.0,0.0,0.0,0,,,,,68.081421774,1
publimetro_2015-04-15_1,25,none,,none_color,docling_rapidocr,llama,6,0,0,0,6,0.0,0.0,0.0,0,,,,,14.033239286,1
publimetro_2015-04-15_1,25,none,,none_grayscale,docling_easyocr,llama,6,0,0,0,6,0.0,0.0,0.0,0,,,,,71.089415067,1
publimetro_2015-04-15_1,25,none,,none_grayscale,docling_rapidocr,llama,6,0,0,0,6,0.0,0.0,0.0,0,,,,,14.355534786,1
publimetro_2015-04-15_1,25,none,,otsu,docling_easyocr,llama,6,0,0,0,6,0.0,0.0,0.0,0,,,,,71.03811874,1
publimetro_2015-04-15_1,25,none,,otsu,docling_rapidocr,llama,6,0,0,0,6,0.0,0.0,0.0,0,,,,,13.981998583,1
publimetro_2015-04-15_1,26,none,,adaptive_gaussian,docling_easyocr,llama,6,0,0,0,6,0.0,0.0,0.0,0,,,,,75.073186878,1
publimetro_2015-04-15_1,26,none,,adaptive_gaussian,docling_rapidocr,llama,6,0,0,0,6,0.0,0.0,0.0,0,,,,,13.949237589,1
publimetro_2015-04-15_1,26,none,,adaptive_mean,docling_easyocr,llama,6,0,0,0,6,0.0,0.0,0.0,0,,,,,74.518418741,1
publimetro_2015-04-15_1,26,none,,adaptive_mean,docling_rapidocr,llama,6,0,0,0,6,0.0,0.0,0.0,0,,,,,13.839640093,1
publimetro_2015-04-15_1,26,none,,basic,docling_easyocr,llama,6,0,0,0,6,0.0,0.0,0.0,0,,,,,77.761684173,1
publimetro_2015-04-15_1,26,none,,basic,docling_rapidocr,llama,6,0,0,0,6,0.0,0.0,0.0,0,,,,,14.263023847,1
publimetro_2015-04-15_1,26,none,,niblack,docling_easyocr,llama,6,0,0,0,6,0.0,0.0,0.0,0,,,,,57.587226593,1
publimetro_2015-04-15_1,26,none,,niblack,docling_rapidocr,llama,6,0,0,0,6,0.0,0.0,0.0,0,,,,,11.452738487,1
publimetro_2015-04-15_1,26,none,,none_color,docling_easyocr,llama,6,0,0,0,6,0.0,0.0,0.0,0,,,,,73.316875856,1
publimetro_2015-04-15_1,26,none,,none_color,docling_rapidocr,llama,6,0,0,0,6,0.0,0.0,0.0,0,,,,,15.071036737,1
publimetro_2015-04-15_1,26,none,,none_grayscale,docling_easyocr,llama,6,0,0,0,6,0.0,0.0,0.0,0,,,,,71.27863447,1
publimetro_2015-04-15_1,26,none,,none_grayscale,docling_rapidocr,llama,6,0,0,0,6,0.0,0.0,0.0,0,,,,,12.294698875,1
publimetro_2015-04-15_1,26,none,,otsu,docling_easyocr,llama,6,0,0,0,6,0.0,0.0,0.0,0,,,,,71.757460661,1
publimetro_2015-04-15_1,26,none,,otsu,docling_rapidocr,llama,6,0,0,0,6,0.0,0.0,0.0,0,,,,,12.992371149,1
publimetro_2015-04-15_1,27,none,,adaptive_gaussian,docling_easyocr,llama,6,0,0,0,6,0.0,0.0,0.0,0,,,,,72.832742893,1
publimetro_2015-04-15_1,27,none,,adaptive_gaussian,docling_rapidocr,llama,6,0,0,0,6,0.0,0.0,0.0,0,,,,,13.679468595,1
publimetro_2015-04-15_1,27,none,,adaptive_mean,docling_easyocr,llama,6,0,0,0,6,0.0,0.0,0.0,0,,,,,64.978008587,1
publimetro_2015-04-15_1,27,none,,adaptive_mean,docling_rapidocr,llama,6,0,0,0,6,0.0,0.0,0.0,0,,,,,13.172695715,1
publimetro_2015-04-15_1,27,none,,basic,docling_easyocr,llama,6,0,0,0,6,0.0,0.0,0.0,0,,,,,63.523783327,1
publimetro_2015-04-15_1,27,none,,basic,docling_rapidocr,llama,6,0,0,0,6,0.0,0.0,0.0,0,,,,,14.508081318,1
publimetro_2015-04-15_1,27,none,,niblack,docling_easyocr,llama,6,0,0,0,6,0.0,0.0,0.0,0,,,,,66.292614891,1
publimetro_2015-04-15_1,27,none,,niblack,docling_rapidocr,llama,6,0,0,0,6,0.0,0.0,0.0,0,,,,,11.625820829,1
publimetro_2015-04-15_1,27,none,,none_color,docling_easyocr,llama,6,0,0,0,6,0.0,0.0,0.0,0,,,,,63.532619928,1
publimetro_2015-04-15_1,27,none,,none_color,docling_rapidocr,llama,6,0,0,0,6,0.0,0.0,0.0,0,,,,,14.815563892,1
publimetro_2015-04-15_1,27,none,,none_grayscale,docling_easyocr,llama,6,0,0,0,6,0.0,0.0,0.0,0,,,,,71.826645183,1
publimetro_2015-04-15_1,27,none,,none_grayscale,docling_rapidocr,llama,6,0,0,0,6,0.0,0.0,0.0,0,,,,,13.348184156,1
publimetro_2015-04-15_1,27,none,,otsu,docling_easyocr,llama,6,0,0,0,6,0.0,0.0,0.0,0,,,,,70.894519521,1
publimetro_2015-04-15_1,27,none,,otsu,docling_rapidocr,llama,6,0,0,0,6,0.0,0.0,0.0,0,,,,,11.836610986,1
publimetro_2015-04-15_1,28,none,,adaptive_gaussian,docling_easyocr,llama,6,0,0,0,6,0.0,0.0,0.0,0,,,,,63.581692719,1
publimetro_2015-04-15_1,28,none,,adaptive_gaussian,docling_rapidocr,llama,6,0,0,0,6,0.0,0.0,0.0,0,,,,,10.287382388,1
publimetro_2015-04-15_1,28,none,,adaptive_mean,docling_easyocr,llama,6,0,0,0,6,0.0,0.0,0.0,0,,,,,73.240705867,1
publimetro_2015-04-15_1,28,none,,adaptive_mean,docling_rapidocr,llama,6,0,0,0,6,0.0,0.0,0.0,0,,,,,13.224859614,1
publimetro_2015-04-15_1,28,none,,basic,docling_easyocr,llama,6,0,0,0,6,0.0,0.0,0.0,0,,,,,70.533886613,1
publimetro_2015-04-15_1,28,none,,basic,docling_rapidocr,llama,6,0,0,0,6,0.0,0.0,0.0,0,,,,,14.080635728,1
publimetro_2015-04-15_1,28,none,,niblack,docling_easyocr,llama,6,0,0,0,6,0.0,0.0,0.0,0,,,,,64.189816634,1
publimetro_2015-04-15_1,28,none,,niblack,docling_rapidocr,llama,6,0,0,0,6,0.0,0.0,0.0,0,,,,,11.452692429,1
publimetro_2015-04-15_1,28,none,,none_color,docling_easyocr,llama,6,0,0,0,6,0.0,0.0,0.0,0,,,,,66.879536187,1
publimetro_2015-04-15_1,28,none,,none_color,docling_rapidocr,llama,6,0,0,0,6,0.0,0.0,0.0,0,,,,,14.445417916,1
publimetro_2015-04-15_1,28,none,,none_grayscale,docling_easyocr,llama,6,0,0,0,6,0.0,0.0,0.0,0,,,,,72.802907336,1
publimetro_2015-04-15_1,28,none,,none_grayscale,docling_rapidocr,llama,6,0,0,0,6,0.0,0.0,0.0,0,,,,,12.610303033,1
publimetro_2015-04-15_1,28,none,,otsu,docling_easyocr,llama,6,0,0,0,6,0.0,0.0,0.0,0,,,,,70.783093705,1
publimetro_2015-04-15_1,28,none,,otsu,docling_rapidocr,llama,6,0,0,0,6,0.0,0.0,0.0,0,,,,,12.265141263,1
publimetro_2015-04-15_1,29,none,,adaptive_gaussian,docling_easyocr,llama,6,0,0,0,6,0.0,0.0,0.0,0,,,,,65.393402217,1
publimetro_2015-04-15_1,29,none,,adaptive_gaussian,docling_rapidocr,llama,6,0,0,0,6,0.0,0.0,0.0,0,,,,,13.65005481,1
publimetro_2015-04-15_1,29,none,,adaptive_mean,docling_easyocr,llama,6,0,0,0,6,0.0,0.0,0.0,0,,,,,72.744392771,1
publimetro_2015-04-15_1,29,none,,adaptive_mean,docling_rapidocr,llama,6,0,0,0,6,0.0,0.0,0.0,0,,,,,13.16716804,1
publimetro_2015-04-15_1,29,none,,basic,docling_easyocr,llama,6,0,0,0,6,0.0,0.0,0.0,0,,,,,72.392994988,1
publimetro_2015-04-15_1,29,none,,basic,docling_rapidocr,llama,6,0,0,0,6,0.0,0.0,0.0,0,,,,,12.391858924,1
publimetro_2015-04-15_1,29,none,,niblack,docling_easyocr,llama,6,0,0,0,6,0.0,0.0,0.0,0,,,,,65.695735686,1
publimetro_2015-04-15_1,29,none,,niblack,docling_rapidocr,llama,6,0,0,0,6,0.0,0.0,0.0,0,,,,,11.709870093,1
publimetro_2015-04-15_1,29,none,,none_color,docling_easyocr,llama,6,0,0,0,6,0.0,0.0,0.0,0,,,,,71.416629588,1
publimetro_2015-04-15_1,29,none,,none_color,docling_rapidocr,llama,6,0,0,0,6,0.0,0.0,0.0,0,,,,,12.511880433,1
publimetro_2015-04-15_1,29,none,,none_grayscale,docling_easyocr,llama,6,0,0,0,6,0.0,0.0,0.0,0,,,,,71.785146987,1
publimetro_2015-04-15_1,29,none,,none_grayscale,docling_rapidocr,llama,6,0,0,0,6,0.0,0.0,0.0,0,,,,,13.763434445,1
publimetro_2015-04-15_1,29,none,,otsu,docling_easyocr,llama,6,0,0,0,6,0.0,0.0,0.0,0,,,,,71.350382985,1
publimetro_2015-04-15_1,29,none,,otsu,docling_rapidocr,llama,6,0,0,0,6,0.0,0.0,0.0,0,,,,,13.875279368,1
publimetro_2015-04-15_1,30,none,,adaptive_gaussian,docling_easyocr,llama,6,0,0,0,6,0.0,0.0,0.0,0,,,,,62.516671962,1
publimetro_2015-04-15_1,30,none,,adaptive_gaussian,docling_rapidocr,llama,6,0,0,0,6,0.0,0.0,0.0,0,,,,,13.097997969,1
publimetro_2015-04-15_1,30,none,,adaptive_mean,docling_easyocr,llama,6,0,0,0,6,0.0,0.0,0.0,0,,,,,68.697872725,1
publimetro_2015-04-15_1,30,none,,adaptive_mean,docling_rapidocr,llama,6,0,0,0,6,0.0,0.0,0.0,0,,,,,12.555962649,1
publimetro_2015-04-15_1,30,none,,basic,docling_easyocr,llama,6,0,0,0,6,0.0,0.0,0.0,0,,,,,63.539984593,1
publimetro_2015-04-15_1,30,none,,basic,docling_rapidocr,llama,6,0,0,0,6,0.0,0.0,0.0,0,,,,,14.311962256,1
publimetro_2015-04-15_1,30,none,,niblack,docling_easyocr,llama,6,0,0,0,6,0.0,0.0,0.0,0,,,,,68.326130425,1
publimetro_2015-04-15_1,30,none,,niblack,docling_rapidocr,llama,6,0,0,0,6,0.0,0.0,0.0,0,,,,,12.300453698,1
publimetro_2015-04-15_1,30,none,,none_color,docling_easyocr,llama,6,0,0,0,6,0.0,0.0,0.0,0,,,,,71.797414525,1
publimetro_2015-04-15_1,30,none,,none_color,docling_rapidocr,llama,6,0,0,0,6,0.0,0.0,0.0,0,,,,,14.556632502,1
publimetro_2015-04-15_1,30,none,,none_grayscale,docling_easyocr,llama,6,0,0,0,6,0.0,0.0,0.0,0,,,,,62.126560982,1
publimetro_2015-04-15_1,30,none,,none_grayscale,docling_rapidocr,llama,6,0,0,0,6,0.0,0.0,0.0,0,,,,,14.538626727,1
publimetro_2015-04-15_1,30,none,,otsu,docling_easyocr,llama,6,0,0,0,6,0.0,0.0,0.0,0,,,,,61.422332249,1
publimetro_2015-04-15_1,30,none,,otsu,docling_rapidocr,llama,6,0,0,0,6,0.0,0.0,0.0,0,,,,,13.598835192,1
publimetro_2015-04-15_1,31,none,,adaptive_gaussian,docling_easyocr,llama,6,0,0,0,6,0.0,0.0,0.0,0,,,,,72.337148141,1
publimetro_2015-04-15_1,31,none,,adaptive_gaussian,docling_rapidocr,llama,6,0,0,0,6,0.0,0.0,0.0,0,,,,,14.053041886,1
publimetro_2015-04-15_1,31,none,,adaptive_mean,docling_easyocr,llama,6,0,0,0,6,0.0,0.0,0.0,0,,,,,61.003530879,1
publimetro_2015-04-15_1,31,none,,adaptive_mean,docling_rapidocr,llama,6,0,0,0,6,0.0,0.0,0.0,0,,,,,11.221360583,1
publimetro_2015-04-15_1,31,none,,basic,docling_easyocr,llama,6,0,0,0,6,0.0,0.0,0.0,0,,,,,73.052082003,1
publimetro_2015-04-15_1,31,none,,basic,docling_rapidocr,llama,6,0,0,0,6,0.0,0.0,0.0,0,,,,,14.45451063,1
publimetro_2015-04-15_1,31,none,,niblack,docling_easyocr,llama,6,0,0,0,6,0.0,0.0,0.0,0,,,,,67.140196461,1
publimetro_2015-04-15_1,31,none,,niblack,docling_rapidocr,llama,6,0,0,0,6,0.0,0.0,0.0,0,,,,,10.778947491,1
publimetro_2015-04-15_1,31,none,,none_color,docling_easyocr,llama,6,0,0,0,6,0.0,0.0,0.0,0,,,,,68.064458405,1
publimetro_2015-04-15_1,31,none,,none_color,docling_rapidocr,llama,6,0,0,0,6,0.0,0.0,0.0,0,,,,,14.525544678,1
publimetro_2015-04-15_1,31,none,,none_grayscale,docling_easyocr,llama,6,0,0,0,6,0.0,0.0,0.0,0,,,,,71.313917578,1
publimetro_2015-04-15_1,31,none,,none_grayscale,docling_rapidocr,llama,6,0,0,0,6,0.0,0.0,0.0,0,,,,,15.413066567,1
publimetro_2015-04-15_1,31,none,,otsu,docling_easyocr,llama,6,0,0,0,6,0.0,0.0,0.0,0,,,,,71.593186631,1
publimetro_2015-04-15_1,31,none,,otsu,docling_rapidocr,llama,6,0,0,0,6,0.0,0.0,0.0,0,,,,,15.373840823,1
publimetro_2015-04-15_1,32,none,,adaptive_gaussian,docling_easyocr,llama,6,0,0,0,6,0.0,0.0,0.0,0,,,,,70.335713167,1
publimetro_2015-04-15_1,32,none,,adaptive_gaussian,docling_rapidocr,llama,6,0,0,0,6,0.0,0.0,0.0,0,,,,,12.259296437,1
publimetro_2015-04-15_1,32,none,,adaptive_mean,docling_easyocr,llama,6,0,0,0,6,0.0,0.0,0.0,0,,,,,60.741414753,1
publimetro_2015-04-15_1,32,none,,adaptive_mean,docling_rapidocr,llama,6,0,0,0,6,0.0,0.0,0.0,0,,,,,12.921686856,1
publimetro_2015-04-15_1,32,none,,basic,docling_easyocr,llama,6,0,0,0,6,0.0,0.0,0.0,0,,,,,71.04299992,1
publimetro_2015-04-15_1,32,none,,basic,docling_rapidocr,llama,6,0,0,0,6,0.0,0.0,0.0,0,,,,,14.020725426,1
publimetro_2015-04-15_1,32,none,,niblack,docling_easyocr,llama,6,0,0,0,6,0.0,0.0,0.0,0,,,,,67.244767872,1
publimetro_2015-04-15_1,32,none,,niblack,docling_rapidocr,llama,6,0,0,0,6,0.0,0.0,0.0,0,,,,,12.110989777,1
publimetro_2015-04-15_1,32,none,,none_color,docling_easyocr,llama,6,0,0,0,6,0.0,0.0,0.0,0,,,,,71.854390082,1
publimetro_2015-04-15_1,32,none,,none_color,docling_rapidocr,llama,6,0,0,0,6,0.0,0.0,0.0,0,,,,,15.268765864,1
publimetro_2015-04-15_1,32,none,,none_grayscale,docling_easyocr,llama,6,0,0,0,6,0.0,0.0,0.0,0,,,,,73.305813177,1
publimetro_2015-04-15_1,32,none,,none_grayscale,docling_rapidocr,llama,6,0,0,0,6,0.0,0.0,0.0,0,,,,,15.085587366,1
publimetro_2015-04-15_1,32,none,,otsu,docling_easyocr,llama,6,0,0,0,6,0.0,0.0,0.0,0,,,,,72.543874989,1
publimetro_2015-04-15_1,32,none,,otsu,docling_rapidocr,llama,6,0,0,0,6,0.0,0.0,0.0,0,,,,,14.143160353,1
publimetro_2015-04-15_1,33,none,,adaptive_gaussian,docling_easyocr,llama,6,0,0,0,6,0.0,0.0,0.0,0,,,,,72.160088745,1
publimetro_2015-04-15_1,33,none,,adaptive_gaussian,docling_rapidocr,llama,6,0,0,0,6,0.0,0.0,0.0,0,,,,,14.078171936,1
publimetro_2015-04-15_1,33,none,,adaptive_mean,docling_easyocr,llama,6,0,0,0,6,0.0,0.0,0.0,0,,,,,68.484444224,1
publimetro_2015-04-15_1,33,none,,adaptive_mean,docling_rapidocr,llama,6,0,0,0,6,0.0,0.0,0.0,0,,,,,10.822073065,1
publimetro_2015-04-15_1,33,none,,basic,docling_easyocr,llama,6,0,0,0,6,0.0,0.0,0.0,0,,,,,73.51775301,1
publimetro_2015-04-15_1,33,none,,basic,docling_rapidocr,llama,6,0,0,0,6,0.0,0.0,0.0,0,,,,,13.988246088,1
publimetro_2015-04-15_1,33,none,,niblack,docling_easyocr,llama,6,0,0,0,6,0.0,0.0,0.0,0,,,,,58.269060093,1
publimetro_2015-04-15_1,33,none,,niblack,docling_rapidocr,llama,6,0,0,0,6,0.0,0.0,0.0,0,,,,,11.549884993,1
publimetro_2015-04-15_1,33,none,,none_color,docling_easyocr,llama,6,0,0,0,6,0.0,0.0,0.0,0,,,,,61.672858217,1
publimetro_2015-04-15_1,33,none,,none_color,docling_rapidocr,llama,6,0,0,0,6,0.0,0.0,0.0,0,,,,,14.957234362,1
publimetro_2015-04-15_1,33,none,,none_grayscale,docling_easyocr,llama,6,0,0,0,6,0.0,0.0,0.0,0,,,,,62.315093092,1
publimetro_2015-04-15_1,33,none,,none_grayscale,docling_rapidocr,llama,6,0,0,0,6,0.0,0.0,0.0,0,,,,,14.999411158,1
publimetro_2015-04-15_1,33,none,,otsu,docling_easyocr,llama,6,0,0,0,6,0.0,0.0,0.0,0,,,,,71.467349964,1
publimetro_2015-04-15_1,33,none,,otsu,docling_rapidocr,llama,6,0,0,0,6,0.0,0.0,0.0,0,,,,,14.314445931,1
publimetro_2015-04-15_1,34,none,,adaptive_gaussian,docling_easyocr,llama,6,0,0,0,6,0.0,0.0,0.0,0,,,,,73.855803581,1
publimetro_2015-04-15_1,34,none,,adaptive_gaussian,docling_rapidocr,llama,6,0,0,0,6,0.0,0.0,0.0,0,,,,,13.868488165,1
publimetro_2015-04-15_1,34,none,,adaptive_mean,docling_easyocr,llama,6,0,0,0,6,0.0,0.0,0.0,0,,,,,72.11533169,1
publimetro_2015-04-15_1,34,none,,adaptive_mean,docling_rapidocr,llama,6,0,0,0,6,0.0,0.0,0.0,0,,,,,13.763843815,1
publimetro_2015-04-15_1,34,none,,basic,docling_easyocr,llama,6,0,0,0,6,0.0,0.0,0.0,0,,,,,65.71586188,1
publimetro_2015-04-15_1,34,none,,basic,docling_rapidocr,llama,6,0,0,0,6,0.0,0.0,0.0,0,,,,,12.811240755,1
publimetro_2015-04-15_1,34,none,,niblack,docling_easyocr,llama,6,0,0,0,6,0.0,0.0,0.0,0,,,,,66.392337456,1
publimetro_2015-04-15_1,34,none,,niblack,docling_rapidocr,llama,6,0,0,0,6,0.0,0.0,0.0,0,,,,,11.702987089,1
publimetro_2015-04-15_1,34,none,,none_color,docling_easyocr,llama,6,0,0,0,6,0.0,0.0,0.0,0,,,,,62.334032473,1
publimetro_2015-04-15_1,34,none,,none_color,docling_rapidocr,llama,6,0,0,0,6,0.0,0.0,0.0,0,,,,,13.043179449,1
publimetro_2015-04-15_1,34,none,,none_grayscale,docling_easyocr,llama,6,0,0,0,6,0.0,0.0,0.0,0,,,,,72.552612076,1
publimetro_2015-04-15_1,34,none,,none_grayscale,docling_rapidocr,llama,6,0,0,0,6,0.0,0.0,0.0,0,,,,,12.869874964,1
publimetro_2015-04-15_1,34,none,,otsu,docling_easyocr,llama,6,0,0,0,6,0.0,0.0,0.0,0,,,,,70.951391613,1
publimetro_2015-04-15_1,34,none,,otsu,docling_rapidocr,llama,6,0,0,0,6,0.0,0.0,0.0,0,,,,,13.8681337,1
publimetro_2015-04-15_1,35,none,,adaptive_gaussian,docling_easyocr,llama,6,0,0,0,6,0.0,0.0,0.0,0,,,,,72.644642777,1
publimetro_2015-04-15_1,35,none,,adaptive_gaussian,docling_rapidocr,llama,6,0,0,0,6,0.0,0.0,0.0,0,,,,,13.368440813,1
publimetro_2015-04-15_1,35,none,,adaptive_mean,docling_easyocr,llama,6,0,0,0,6,0.0,0.0,0.0,0,,,,,68.407128063,1
publimetro_2015-04-15_1,35,none,,adaptive_mean,docling_rapidocr,llama,6,0,0,0,6,0.0,0.0,0.0,0,,,,,12.606230704,1
publimetro_2015-04-15_1,35,none,,basic,docling_easyocr,llama,6,0,0,0,6,0.0,0.0,0.0,0,,,,,72.294624338,1
publimetro_2015-04-15_1,35,none,,basic,docling_rapidocr,llama,6,0,0,0,6,0.0,0.0,0.0,0,,,,,12.738857279,1
publimetro_2015-04-15_1,35,none,,niblack,docling_easyocr,llama,6,0,0,0,6,0.0,0.0,0.0,0,,,,,58.117602316,1
publimetro_2015-04-15_1,35,none,,niblack,docling_rapidocr,llama,6,0,0,0,6,0.0,0.0,0.0,0,,,,,11.193686453,1
publimetro_2015-04-15_1,35,none,,none_color,docling_easyocr,llama,6,0,0,0,6,0.0,0.0,0.0,0,,,,,66.315731463,1
publimetro_2015-04-15_1,35,none,,none_color,docling_rapidocr,llama,6,0,0,0,6,0.0,0.0,0.0,0,,,,,14.399515566,1
publimetro_2015-04-15_1,35,none,,none_grayscale,docling_easyocr,llama,6,0,0,0,6,0.0,0.0,0.0,0,,,,,73.141961273,1
publimetro_2015-04-15_1,35,none,,none_grayscale,docling_rapidocr,llama,6,0,0,0,6,0.0,0.0,0.0,0,,,,,14.407059845,1
publimetro_2015-04-15_1,35,none,,otsu,docling_easyocr,llama,6,0,0,0,6,0.0,0.0,0.0,0,,,,,72.342758261,1
publimetro_2015-04-15_1,35,none,,otsu,docling_rapidocr,llama,6,0,0,0,6,0.0,0.0,0.0,0,,,,,13.876382672,1
publimetro_2015-04-15_1,36,none,,adaptive_gaussian,docling_easyocr,llama,6,0,0,0,6,0.0,0.0,0.0,0,,,,,71.810950357,1
publimetro_2015-04-15_1,36,none,,adaptive_gaussian,docling_rapidocr,llama,6,0,0,0,6,0.0,0.0,0.0,0,,,,,11.903232653,1
publimetro_2015-04-15_1,36,none,,adaptive_mean,docling_easyocr,llama,6,0,0,0,6,0.0,0.0,0.0,0,,,,,71.024999002,1
publimetro_2015-04-15_1,36,none,,adaptive_mean,docling_rapidocr,llama,6,0,0,0,6,0.0,0.0,0.0,0,,,,,13.029594759,1
publimetro_2015-04-15_1,36,none,,basic,docling_easyocr,llama,6,0,0,0,6,0.0,0.0,0.0,0,,,,,73.989648006,1
publimetro_2015-04-15_1,36,none,,basic,docling_rapidocr,llama,6,0,0,0,6,0.0,0.0,0.0,0,,,,,13.83213105,1
publimetro_2015-04-15_1,36,none,,niblack,docling_easyocr,llama,6,0,0,0,6,0.0,0.0,0.0,0,,,,,67.240342188,1
publimetro_2015-04-15_1,36,none,,niblack,docling_rapidocr,llama,6,0,0,0,6,0.0,0.0,0.0,0,,,,,10.032764721,1
publimetro_2015-04-15_1,36,none,,none_color,docling_easyocr,llama,6,0,0,0,6,0.0,0.0,0.0,0,,,,,66.886513468,1
publimetro_2015-04-15_1,36,none,,none_color,docling_rapidocr,llama,6,0,0,0,6,0.0,0.0,0.0,0,,,,,14.510497566,1
publimetro_2015-04-15_1,36,none,,none_grayscale,docling_easyocr,llama,6,0,0,0,6,0.0,0.0,0.0,0,,,,,73.488633224,1
publimetro_2015-04-15_1,36,none,,none_grayscale,docling_rapidocr,llama,6,0,0,0,6,0.0,0.0,0.0,0,,,,,14.618529865,1
publimetro_2015-04-15_1,36,none,,otsu,docling_easyocr,llama,6,0,0,0,6,0.0,0.0,0.0,0,,,,,72.319794868,1
publimetro_2015-04-15_1,36,none,,otsu,docling_rapidocr,llama,6,0,0,0,6,0.0,0.0,0.0,0,,,,,13.872793173,1
publimetro_2015-04-15_1,37,none,,adaptive_gaussian,docling_easyocr,llama,6,0,0,0,6,0.0,0.0,0.0,0,,,,,70.775027861,1
publimetro_2015-04-15_1,37,none,,adaptive_gaussian,docling_rapidocr,llama,6,0,0,0,6,0.0,0.0,0.0,0,,,,,12.18785416,1
publimetro_2015-04-15_1,37,none,,adaptive_mean,docling_easyocr,llama,6,0,0,0,6,0.0,0.0,0.0,0,,,,,69.060832796,1
publimetro_2015-04-15_1,37,none,,adaptive_mean,docling_rapidocr,llama,6,0,0,0,6,0.0,0.0,0.0,0,,,,,12.695005712,1
publimetro_2015-04-15_1,37,none,,basic,docling_easyocr,llama,6,0,0,0,6,0.0,0.0,0.0,0,,,,,66.614870409,1
publimetro_2015-04-15_1,37,none,,basic,docling_rapidocr,llama,6,0,0,0,6,0.0,0.0,0.0,0,,,,,14.5839685,1
publimetro_2015-04-15_1,37,none,,niblack,docling_easyocr,llama,6,0,0,0,6,0.0,0.0,0.0,0,,,,,58.147766834,1
publimetro_2015-04-15_1,37,none,,niblack,docling_rapidocr,llama,6,0,0,0,6,0.0,0.0,0.0,0,,,,,11.065061336,1
publimetro_2015-04-15_1,37,none,,none_color,docling_easyocr,llama,6,0,0,0,6,0.0,0.0,0.0,0,,,,,72.461505606,1
publimetro_2015-04-15_1,37,none,,none_color,docling_rapidocr,llama,6,0,0,0,6,0.0,0.0,0.0,0,,,,,14.717399074,1
publimetro_2015-04-15_1,37,none,,none_grayscale,docling_easyocr,llama,6,0,0,0,6,0.0,0.0,0.0,0,,,,,72.329470899,1
publimetro_2015-04-15_1,37,none,,none_grayscale,docling_rapidocr,llama,6,0,0,0,6,0.0,0.0,0.0,0,,,,,12.488426474,1
publimetro_2015-04-15_1,37,none,,otsu,docling_easyocr,llama,6,0,0,0,6,0.0,0.0,0.0,0,,,,,65.012658291,1
publimetro_2015-04-15_1,37,none,,otsu,docling_rapidocr,llama,6,0,0,0,6,0.0,0.0,0.0,0,,,,,14.125295334,1
publimetro_2015-04-15_1,38,none,,adaptive_gaussian,docling_easyocr,llama,6,0,0,0,6,0.0,0.0,0.0,0,,,,,71.248375286,1
publimetro_2015-04-15_1,38,none,,adaptive_gaussian,docling_rapidocr,llama,6,0,0,0,6,0.0,0.0,0.0,0,,,,,14.065189232,1
publimetro_2015-04-15_1,38,none,,adaptive_mean,docling_easyocr,llama,6,0,0,0,6,0.0,0.0,0.0,0,,,,,68.829185139,1
publimetro_2015-04-15_1,38,none,,adaptive_mean,docling_rapidocr,llama,6,0,0,0,6,0.0,0.0,0.0,0,,,,,11.892885099,1
publimetro_2015-04-15_1,38,none,,basic,docling_easyocr,llama,6,0,0,0,6,0.0,0.0,0.0,0,,,,,68.667509416,1
publimetro_2015-04-15_1,38,none,,basic,docling_rapidocr,llama,6,0,0,0,6,0.0,0.0,0.0,0,,,,,12.898114303,1
publimetro_2015-04-15_1,38,none,,niblack,docling_easyocr,llama,6,0,0,0,6,0.0,0.0,0.0,0,,,,,67.116960365,1
publimetro_2015-04-15_1,38,none,,niblack,docling_rapidocr,llama,6,0,0,0,6,0.0,0.0,0.0,0,,,,,11.88933571,1
publimetro_2015-04-15_1,38,none,,none_color,docling_easyocr,llama,6,0,0,0,6,0.0,0.0,0.0,0,,,,,66.647016313,1
publimetro_2015-04-15_1,38,none,,none_color,docling_rapidocr,llama,6,0,0,0,6,0.0,0.0,0.0,0,,,,,14.463837412,1
publimetro_2015-04-15_1,38,none,,none_grayscale,docling_easyocr,llama,6,0,0,0,6,0.0,0.0,0.0,0,,,,,73.133286264,1
publimetro_2015-04-15_1,38,none,,none_grayscale,docling_rapidocr,llama,6,0,0,0,6,0.0,0.0,0.0,0,,,,,14.614649084,1
publimetro_2015-04-15_1,38,none,,otsu,docling_easyocr,llama,6,0,0,0,6,0.0,0.0,0.0,0,,,,,63.929349117,1
publimetro_2015-04-15_1,38,none,,otsu,docling_rapidocr,llama,6,0,0,0,6,0.0,0.0,0.0,0,,,,,12.680543356,1
publimetro_2015-04-15_1,39,none,,adaptive_gaussian,docling_easyocr,llama,6,0,0,0,6,0.0,0.0,0.0,0,,,,,106.231246878,1
publimetro_2015-04-15_1,39,none,,adaptive_gaussian,docling_rapidocr,llama,6,0,0,0,6,0.0,0.0,0.0,0,,,,,43.365341593,1
publimetro_2015-04-15_1,39,none,,adaptive_mean,docling_easyocr,llama,6,0,0,0,6,0.0,0.0,0.0,0,,,,,97.691815016,1
publimetro_2015-04-15_1,39,none,,adaptive_mean,docling_rapidocr,llama,6,0,0,0,6,0.0,0.0,0.0,0,,,,,43.515924093,1
publimetro_2015-04-15_1,39,none,,basic,docling_easyocr,llama,6,0,0,0,6,0.0,0.0,0.0,0,,,,,94.488107363,1
publimetro_2015-04-15_1,39,none,,basic,docling_rapidocr,llama,6,0,0,0,6,0.0,0.0,0.0,0,,,,,46.134391704,1
publimetro_2015-04-15_1,39,none,,niblack,docling_easyocr,llama,6,0,0,0,6,0.0,0.0,0.0,0,,,,,98.511872003,1
publimetro_2015-04-15_1,39,none,,niblack,docling_rapidocr,llama,6,0,0,0,6,0.0,0.0,0.0,0,,,,,42.281458567,1
publimetro_2015-04-15_1,39,none,,none_color,docling_easyocr,llama,6,0,0,0,6,0.0,0.0,0.0,0,,,,,103.042326464,1
publimetro_2015-04-15_1,39,none,,none_color,docling_rapidocr,llama,6,0,0,0,6,0.0,0.0,0.0,0,,,,,46.548895134,1
publimetro_2015-04-15_1,39,none,,none_grayscale,docling_easyocr,llama,6,0,0,0,6,0.0,0.0,0.0,0,,,,,94.38191637,1
publimetro_2015-04-15_1,39,none,,none_grayscale,docling_rapidocr,llama,6,0,0,0,6,0.0,0.0,0.0,0,,,,,46.131579962,1
publimetro_2015-04-15_1,39,none,,otsu,docling_easyocr,llama,6,0,0,0,6,0.0,0.0,0.0,0,,,,,101.836138718,1
publimetro_2015-04-15_1,39,none,,otsu,docling_rapidocr,llama,6,0,0,0,6,0.0,0.0,0.0,0,,,,,45.526363842,1
publimetro_2015-04-15_1,40,none,,adaptive_gaussian,docling_easyocr,llama,6,0,0,0,6,0.0,0.0,0.0,0,,,,,103.545766138,1
publimetro_2015-04-15_1,40,none,,adaptive_gaussian,docling_rapidocr,llama,6,0,0,0,6,0.0,0.0,0.0,0,,,,,43.774940275,1
publimetro_2015-04-15_1,40,none,,adaptive_mean,docling_easyocr,llama,6,0,0,0,6,0.0,0.0,0.0,0,,,,,105.708950418,1
publimetro_2015-04-15_1,40,none,,adaptive_mean,docling_rapidocr,llama,6,0,0,0,6,0.0,0.0,0.0,0,,,,,44.91412701,1
publimetro_2015-04-15_1,40,none,,basic,docling_easyocr,llama,6,0,0,0,6,0.0,0.0,0.0,0,,,,,95.939189136,1
publimetro_2015-04-15_1,40,none,,basic,docling_rapidocr,llama,6,0,0,0,6,0.0,0.0,0.0,0,,,,,45.236529052,1
publimetro_2015-04-15_1,40,none,,niblack,docling_easyocr,llama,6,0,0,0,6,0.0,0.0,0.0,0,,,,,96.723518457,1
publimetro_2015-04-15_1,40,none,,niblack,docling_rapidocr,llama,6,0,0,0,6,0.0,0.0,0.0,0,,,,,43.240102138,1
publimetro_2015-04-15_1,40,none,,none_color,docling_easyocr,llama,6,0,0,0,6,0.0,0.0,0.0,0,,,,,104.640616928,1
publimetro_2015-04-15_1,40,none,,none_color,docling_rapidocr,llama,6,0,0,0,6,0.0,0.0,0.0,0,,,,,44.701007877,1
publimetro_2015-04-15_1,40,none,,none_grayscale,docling_easyocr,llama,6,0,0,0,6,0.0,0.0,0.0,0,,,,,104.268375265,1
publimetro_2015-04-15_1,40,none,,none_grayscale,docling_rapidocr,llama,6,0,0,0,6,0.0,0.0,0.0,0,,,,,45.780210601,1
publimetro_2015-04-15_1,40,none,,otsu,docling_easyocr,llama,6,0,0,0,6,0.0,0.0,0.0,0,,,,,93.849996341,1
publimetro_2015-04-15_1,40,none,,otsu,docling_rapidocr,llama,6,0,0,0,6,0.0,0.0,0.0,0,,,,,46.122964872,1
publimetro_2015-04-15_1,41,none,,adaptive_gaussian,docling_easyocr,llama,6,0,0,0,6,0.0,0.0,0.0,0,,,,,105.199740257,1
publimetro_2015-04-15_1,41,none,,adaptive_gaussian,docling_rapidocr,llama,6,0,0,0,6,0.0,0.0,0.0,0,,,,,44.63382348,1
publimetro_2015-04-15_1,41,none,,adaptive_mean,docling_easyocr,llama,6,0,0,0,6,0.0,0.0,0.0,0,,,,,94.120664941,1
publimetro_2015-04-15_1,41,none,,adaptive_mean,docling_rapidocr,llama,6,0,0,0,6,0.0,0.0,0.0,0,,,,,45.171359884,1
publimetro_2015-04-15_1,41,none,,basic,docling_easyocr,llama,6,0,0,0,6,0.0,0.0,0.0,0,,,,,104.36556521,1
publimetro_2015-04-15_1,41,none,,basic,docling_rapidocr,llama,6,0,0,0,6,0.0,0.0,0.0,0,,,,,45.189226299,1
publimetro_2015-04-15_1,41,none,,niblack,docling_easyocr,llama,6,0,0,0,6,0.0,0.0,0.0,0,,,,,97.252252302,1
publimetro_2015-04-15_1,41,none,,niblack,docling_rapidocr,llama,6,0,0,0,6,0.0,0.0,0.0,0,,,,,41.906888446,1
publimetro_2015-04-15_1,41,none,,none_color,docling_easyocr,llama,6,0,0,0,6,0.0,0.0,0.0,0,,,,,104.040416793,1
publimetro_2015-04-15_1,41,none,,none_color,docling_rapidocr,llama,6,0,0,0,6,0.0,0.0,0.0,0,,,,,46.412875728,1
publimetro_2015-04-15_1,41,none,,none_grayscale,docling_easyocr,llama,6,0,0,0,6,0.0,0.0,0.0,0,,,,,104.559121446,1
publimetro_2015-04-15_1,41,none,,none_grayscale,docling_rapidocr,llama,6,0,0,0,6,0.0,0.0,0.0,0,,,,,46.488322572,1
publimetro_2015-04-15_1,41,none,,otsu,docling_easyocr,llama,6,0,0,0,6,0.0,0.0,0.0,0,,,,,102.942421657,1
publimetro_2015-04-15_1,41,none,,otsu,docling_rapidocr,llama,6,0,0,0,6,0.0,0.0,0.0,0,,,,,44.868188602,1
publimetro_2015-04-15_1,42,none,,adaptive_gaussian,docling_easyocr,llama,6,0,0,0,6,0.0,0.0,0.0,0,,,,,69.280617652,1
publimetro_2015-04-15_1,42,none,,adaptive_gaussian,docling_rapidocr,llama,6,0,0,0,6,0.0,0.0,0.0,0,,,,,8.997582612,1
publimetro_2015-04-15_1,42,none,,adaptive_mean,docling_easyocr,llama,6,0,0,0,6,0.0,0.0,0.0,0,,,,,70.265023761,1
publimetro_2015-04-15_1,42,none,,adaptive_mean,docling_rapidocr,llama,6,0,0,0,6,0.0,0.0,0.0,0,,,,,10.9899612,1
publimetro_2015-04-15_1,42,none,,basic,docling_easyocr,llama,6,0,0,0,6,0.0,0.0,0.0,0,,,,,70.0406538,1
publimetro_2015-04-15_1,42,none,,basic,docling_rapidocr,llama,6,0,0,0,6,0.0,0.0,0.0,0,,,,,12.681744909,1
publimetro_2015-04-15_1,42,none,,niblack,docling_easyocr,llama,6,0,0,0,6,0.0,0.0,0.0,0,,,,,63.11448653,1
publimetro_2015-04-15_1,42,none,,niblack,docling_rapidocr,llama,6,0,0,0,6,0.0,0.0,0.0,0,,,,,11.868787363,1
publimetro_2015-04-15_1,42,none,,none_color,docling_easyocr,llama,6,0,0,0,6,0.0,0.0,0.0,0,,,,,62.161870429,1
publimetro_2015-04-15_1,42,none,,none_color,docling_rapidocr,llama,6,0,0,0,6,0.0,0.0,0.0,0,,,,,12.990492294,1
publimetro_2015-04-15_1,42,none,,none_grayscale,docling_easyocr,llama,6,0,0,0,6,0.0,0.0,0.0,0,,,,,73.645969413,1
publimetro_2015-04-15_1,42,none,,none_grayscale,docling_rapidocr,llama,6,0,0,0,6,0.0,0.0,0.0,0,,,,,12.885248207,1
publimetro_2015-04-15_1,42,none,,otsu,docling_easyocr,llama,6,0,0,0,6,0.0,0.0,0.0,0,,,,,63.675088811,1
publimetro_2015-04-15_1,42,none,,otsu,docling_rapidocr,llama,6,0,0,0,6,0.0,0.0,0.0,0,,,,,12.881289173,1
publimetro_2015-04-15_1,43,none,,adaptive_gaussian,docling_easyocr,llama,6,0,0,0,6,0.0,0.0,0.0,0,,,,,59.374373758,1
publimetro_2015-04-15_1,43,none,,adaptive_gaussian,docling_rapidocr,llama,6,0,0,0,6,0.0,0.0,0.0,0,,,,,10.458736265,1
publimetro_2015-04-15_1,43,none,,adaptive_mean,docling_easyocr,llama,6,0,0,0,6,0.0,0.0,0.0,0,,,,,67.535279306,1
publimetro_2015-04-15_1,43,none,,adaptive_mean,docling_rapidocr,llama,6,0,0,0,6,0.0,0.0,0.0,0,,,,,10.4305878,1
publimetro_2015-04-15_1,43,none,,basic,docling_easyocr,llama,6,0,0,0,6,0.0,0.0,0.0,0,,,,,72.582482173,1
publimetro_2015-04-15_1,43,none,,basic,docling_rapidocr,llama,6,0,0,0,6,0.0,0.0,0.0,0,,,,,11.687496259,1
publimetro_2015-04-15_1,43,none,,niblack,docling_easyocr,llama,6,0,0,0,6,0.0,0.0,0.0,0,,,,,64.409999879,1
publimetro_2015-04-15_1,43,none,,niblack,docling_rapidocr,llama,6,0,0,0,6,0.0,0.0,0.0,0,,,,,11.081123384,1
publimetro_2015-04-15_1,43,none,,none_color,docling_easyocr,llama,6,0,0,0,6,0.0,0.0,0.0,0,,,,,73.472648788,1
publimetro_2015-04-15_1,43,none,,none_color,docling_rapidocr,llama,6,0,0,0,6,0.0,0.0,0.0,0,,,,,14.434347558,1
publimetro_2015-04-15_1,43,none,,none_grayscale,docling_easyocr,llama,6,0,0,0,6,0.0,0.0,0.0,0,,,,,73.731332542,1
publimetro_2015-04-15_1,43,none,,none_grayscale,docling_rapidocr,llama,6,0,0,0,6,0.0,0.0,0.0,0,,,,,14.971205236,1
publimetro_2015-04-15_1,43,none,,otsu,docling_easyocr,llama,6,0,0,0,6,0.0,0.0,0.0,0,,,,,70.850525287,1
publimetro_2015-04-15_1,43,none,,otsu,docling_rapidocr,llama,6,0,0,0,6,0.0,0.0,0.0,0,,,,,10.839554456,1
publimetro_2015-04-15_1,44,none,,adaptive_gaussian,docling_easyocr,llama,6,0,0,0,6,0.0,0.0,0.0,0,,,,,69.778337436,1
publimetro_2015-04-15_1,44,none,,adaptive_gaussian,docling_rapidocr,llama,6,0,0,0,6,0.0,0.0,0.0,0,,,,,10.643773036,1
publimetro_2015-04-15_1,44,none,,adaptive_mean,docling_easyocr,llama,6,0,0,0,6,0.0,0.0,0.0,0,,,,,70.124161221,1
publimetro_2015-04-15_1,44,none,,adaptive_mean,docling_rapidocr,llama,6,0,0,0,6,0.0,0.0,0.0,0,,,,,10.734942176,1
publimetro_2015-04-15_1,44,none,,basic,docling_easyocr,llama,6,0,0,0,6,0.0,0.0,0.0,0,,,,,69.297563739,1
publimetro_2015-04-15_1,44,none,,basic,docling_rapidocr,llama,6,0,0,0,6,0.0,0.0,0.0,0,,,,,12.348127789,1
publimetro_2015-04-15_1,44,none,,niblack,docling_rapidocr,llama,6,0,0,0,6,0.0,0.0,0.0,0,,,,,9.935223672,1
publimetro_2015-04-15_1,44,none,,none_color,docling_easyocr,llama,6,0,0,0,6,0.0,0.0,0.0,0,,,,,73.009449834,1
publimetro_2015-04-15_1,44,none,,none_color,docling_rapidocr,llama,6,0,0,0,6,0.0,0.0,0.0,0,,,,,14.29108488,1
publimetro_2015-04-15_1,44,none,,none_grayscale,docling_easyocr,llama,6,0,0,0,6,0.0,0.0,0.0,0,,,,,72.720935696,1
publimetro_2015-04-15_1,44,none,,none_grayscale,docling_rapidocr,llama,6,0,0,0,6,0.0,0.0,0.0,0,,,,,14.157751912,1
publimetro_2015-04-15_1,44,none,,otsu,docling_easyocr,llama,6,0,0,0,6,0.0,0.0,0.0,0,,,,,73.708779355,1
publimetro_2015-04-15_1,44,none,,otsu,docling_rapidocr,llama,6,0,0,0,6,0.0,0.0,0.0,0,,,,,13.245496055,1
publimetro_2015-04-15_1,45,none,,adaptive_gaussian,docling_easyocr,llama,6,0,0,0,6,0.0,0.0,0.0,0,,,,,55.898690364,1
publimetro_2015-04-15_1,45,none,,adaptive_gaussian,docling_rapidocr,llama,6,0,0,0,6,0.0,0.0,0.0,0,,,,,11.247305772,1
publimetro_2015-04-15_1,45,none,,adaptive_mean,docling_easyocr,llama,6,0,0,0,6,0.0,0.0,0.0,0,,,,,54.911507052,1
publimetro_2015-04-15_1,45,none,,adaptive_mean,docling_rapidocr,llama,6,0,0,0,6,0.0,0.0,0.0,0,,,,,12.491048974,1
publimetro_2015-04-15_1,45,none,,basic,docling_easyocr,llama,6,0,0,0,6,0.0,0.0,0.0,0,,,,,54.085918391,1
publimetro_2015-04-15_1,45,none,,basic,docling_rapidocr,llama,6,0,0,0,6,0.0,0.0,0.0,0,,,,,10.442409242,1
publimetro_2015-04-15_1,45,none,,niblack,docling_easyocr,llama,6,0,0,0,6,0.0,0.0,0.0,0,,,,,58.306255067,1
publimetro_2015-04-15_1,45,none,,niblack,docling_rapidocr,llama,6,0,0,0,6,0.0,0.0,0.0,0,,,,,10.602479661,1
publimetro_2015-04-15_1,45,none,,otsu,docling_easyocr,llama,6,0,0,0,6,0.0,0.0,0.0,0,,,,,55.133703746,1
publimetro_2015-04-15_1,45,none,,otsu,docling_rapidocr,llama,6,0,0,0,6,0.0,0.0,0.0,0,,,,,10.555937089,1
publimetro_2015-04-15_1,45,none,,yannihorne,docling_easyocr,llama,6,0,0,0,6,0.0,0.0,0.0,0,,,,,63.143448151,1
publimetro_2015-04-15_1,46,none,,adaptive_gaussian,docling_easyocr,llama,6,0,0,0,6,0.0,0.0,0.0,0,,,,,62.957902499,1
publimetro_2015-04-15_1,46,none,,adaptive_gaussian,docling_rapidocr,llama,6,0,0,0,6,0.0,0.0,0.0,0,,,,,9.790842601,1
publimetro_2015-04-15_1,46,none,,adaptive_mean,docling_easyocr,llama,6,0,0,0,6,0.0,0.0,0.0,0,,,,,63.557746188,1
publimetro_2015-04-15_1,46,none,,adaptive_mean,docling_rapidocr,llama,6,0,0,0,6,0.0,0.0,0.0,0,,,,,12.513105409,1
publimetro_2015-04-15_1,46,none,,basic,docling_easyocr,llama,6,0,0,0,6,0.0,0.0,0.0,0,,,,,62.370890675,1
publimetro_2015-04-15_1,46,none,,basic,docling_rapidocr,llama,6,0,0,0,6,0.0,0.0,0.0,0,,,,,10.578945456,1
publimetro_2015-04-15_1,46,none,,niblack,docling_easyocr,llama,6,0,0,0,6,0.0,0.0,0.0,0,,,,,59.154654603,1
publimetro_2015-04-15_1,46,none,,otsu,docling_easyocr,llama,6,0,0,0,6,0.0,0.0,0.0,0,,,,,55.162322413,1
publimetro_2015-04-15_1,46,none,,otsu,docling_rapidocr,llama,6,0,0,0,6,0.0,0.0,0.0,0,,,,,10.981271159,1
publimetro_2015-04-15_1,46,none,,yannihorne,docling_easyocr,llama,6,0,0,0,6,0.0,0.0,0.0,0,,,,,64.384213578,1
publimetro_2015-04-15_1,47,none,,adaptive_gaussian,docling_easyocr,llama,6,0,0,0,6,0.0,0.0,0.0,0,,,,,62.104594111,1
publimetro_2015-04-15_1,47,none,,adaptive_gaussian,docling_rapidocr,llama,6,0,0,0,6,0.0,0.0,0.0,0,,,,,11.340397,1
publimetro_2015-04-15_1,47,none,,adaptive_mean,docling_easyocr,llama,6,0,0,0,6,0.0,0.0,0.0,0,,,,,63.846105,1
publimetro_2015-04-15_1,47,none,,adaptive_mean,docling_rapidocr,llama,6,0,0,0,6,0.0,0.0,0.0,0,,,,,12.798182866,1
publimetro_2015-04-15_1,47,none,,basic,docling_easyocr,llama,6,0,0,0,6,0.0,0.0,0.0,0,,,,,63.373253528,1
publimetro_2015-04-15_1,47,none,,basic,docling_rapidocr,llama,6,0,0,0,6,0.0,0.0,0.0,0,,,,,9.255628529,1
publimetro_2015-04-15_1,47,none,,niblack,docling_easyocr,llama,6,0,0,0,6,0.0,0.0,0.0,0,,,,,64.953404361,1
publimetro_2015-04-15_1,47,none,,niblack,docling_rapidocr,llama,6,0,0,0,6,0.0,0.0,0.0,0,,,,,9.731674605,1
publimetro_2015-04-15_1,47,none,,otsu,docling_easyocr,llama,6,0,0,0,6,0.0,0.0,0.0,0,,,,,63.977725522,1
publimetro_2015-04-15_1,47,none,,otsu,docling_rapidocr,llama,6,0,0,0,6,0.0,0.0,0.0,0,,,,,10.876807467,1
publimetro_2015-04-15_1,47,none,,yannihorne,docling_easyocr,llama,6,0,0,0,6,0.0,0.0,0.0,0,,,,,63.949192063,1
publimetro_2015-04-15_1,48,none,,adaptive_gaussian,docling_easyocr,llama,6,0,0,0,6,0.0,0.0,0.0,0,,,,,151.211417898,1
publimetro_2015-04-15_1,48,none,,adaptive_gaussian,docling_rapidocr,llama,6,0,0,0,6,0.0,0.0,0.0,0,,,,,101.322394833,1
publimetro_2015-04-15_1,48,none,,adaptive_mean,docling_easyocr,llama,6,0,0,0,6,0.0,0.0,0.0,0,,,,,148.188128405,1
publimetro_2015-04-15_1,48,none,,adaptive_mean,docling_rapidocr,llama,6,0,0,0,6,0.0,0.0,0.0,0,,,,,100.505772047,1
publimetro_2015-04-15_1,48,none,,basic,docling_easyocr,llama,6,0,0,0,6,0.0,0.0,0.0,0,,,,,162.857549881,1
publimetro_2015-04-15_1,48,none,,basic,docling_rapidocr,llama,6,0,0,0,6,0.0,0.0,0.0,0,,,,,101.702380871,1
publimetro_2015-04-15_1,48,none,,niblack,docling_easyocr,llama,6,0,0,0,6,0.0,0.0,0.0,0,,,,,147.580902117,1
publimetro_2015-04-15_1,48,none,,niblack,docling_rapidocr,llama,6,0,0,0,6,0.0,0.0,0.0,0,,,,,99.488921898,1
publimetro_2015-04-15_1,48,none,,none_color,docling_easyocr,llama,6,0,0,0,6,0.0,0.0,0.0,0,,,,,153.008927009,1
publimetro_2015-04-15_1,48,none,,none_color,docling_rapidocr,llama,6,0,0,0,6,0.0,0.0,0.0,0,,,,,102.334367893,1
publimetro_2015-04-15_1,48,none,,none_grayscale,docling_easyocr,llama,6,0,0,0,6,0.0,0.0,0.0,0,,,,,161.499571703,1
publimetro_2015-04-15_1,48,none,,none_grayscale,docling_rapidocr,llama,6,0,0,0,6,0.0,0.0,0.0,0,,,,,103.044418238,1
publimetro_2015-04-15_1,48,none,,otsu,docling_easyocr,llama,6,0,0,0,6,0.0,0.0,0.0,0,,,,,161.224266577,1
publimetro_2015-04-15_1,48,none,,otsu,docling_rapidocr,llama,6,0,0,0,6,0.0,0.0,0.0,0,,,,,101.176245499,1
publimetro_2015-04-15_1,49,none,,adaptive_gaussian,docling_easyocr,llama,6,0,0,0,6,0.0,0.0,0.0,0,,,,,159.990907783,1
publimetro_2015-04-15_1,49,none,,adaptive_gaussian,docling_rapidocr,llama,6,0,0,0,6,0.0,0.0,0.0,0,,,,,100.592193003,1
publimetro_2015-04-15_1,49,none,,adaptive_mean,docling_easyocr,llama,6,0,0,0,6,0.0,0.0,0.0,0,,,,,159.846155229,1
publimetro_2015-04-15_1,49,none,,adaptive_mean,docling_rapidocr,llama,6,0,0,0,6,0.0,0.0,0.0,0,,,,,100.816376272,1
publimetro_2015-04-15_1,49,none,,basic,docling_easyocr,llama,6,0,0,0,6,0.0,0.0,0.0,0,,,,,153.113265858,1
publimetro_2015-04-15_1,49,none,,basic,docling_rapidocr,llama,6,0,0,0,6,0.0,0.0,0.0,0,,,,,102.268144951,1
publimetro_2015-04-15_1,49,none,,niblack,docling_easyocr,llama,6,0,0,0,6,0.0,0.0,0.0,0,,,,,153.387942772,1
publimetro_2015-04-15_1,49,none,,niblack,docling_rapidocr,llama,6,0,0,0,6,0.0,0.0,0.0,0,,,,,99.542118053,1
publimetro_2015-04-15_1,49,none,,none_color,docling_easyocr,llama,6,0,0,0,6,0.0,0.0,0.0,0,,,,,153.179662975,1
publimetro_2015-04-15_1,49,none,,none_color,docling_rapidocr,llama,6,0,0,0,6,0.0,0.0,0.0,0,,,,,102.267214092,1
publimetro_2015-04-15_1,49,none,,none_grayscale,docling_easyocr,llama,6,0,0,0,6,0.0,0.0,0.0,0,,,,,161.171387228,1
publimetro_2015-04-15_1,49,none,,none_grayscale,docling_rapidocr,llama,6,0,0,0,6,0.0,0.0,0.0,0,,,,,102.240231308,1
publimetro_2015-04-15_1,49,none,,otsu,docling_easyocr,llama,6,0,0,0,6,0.0,0.0,0.0,0,,,,,161.522635637,1
publimetro_2015-04-15_1,49,none,,otsu,docling_rapidocr,llama,6,0,0,0,6,0.0,0.0,0.0,0,,,,,101.827819763,1
publimetro_2015-04-15_1,50,none,,adaptive_gaussian,docling_easyocr,llama,6,0,0,0,6,0.0,0.0,0.0,0,,,,,159.922942139,1
publimetro_2015-04-15_1,50,none,,adaptive_gaussian,docling_rapidocr,llama,6,0,0,0,6,0.0,0.0,0.0,0,,,,,101.226918913,1
publimetro_2015-04-15_1,50,none,,adaptive_mean,docling_easyocr,llama,6,0,0,0,6,0.0,0.0,0.0,0,,,,,159.169782326,1
publimetro_2015-04-15_1,50,none,,adaptive_mean,docling_rapidocr,llama,6,0,0,0,6,0.0,0.0,0.0,0,,,,,98.742288992,1
publimetro_2015-04-15_1,50,none,,basic,docling_easyocr,llama,6,0,0,0,6,0.0,0.0,0.0,0,,,,,160.503400532,1
publimetro_2015-04-15_1,50,none,,basic,docling_rapidocr,llama,6,0,0,0,6,0.0,0.0,0.0,0,,,,,101.989315477,1
publimetro_2015-04-15_1,50,none,,niblack,docling_easyocr,llama,6,0,0,0,6,0.0,0.0,0.0,0,,,,,154.318833288,1
publimetro_2015-04-15_1,50,none,,niblack,docling_rapidocr,llama,6,0,0,0,6,0.0,0.0,0.0,0,,,,,99.699615654,1
publimetro_2015-04-15_1,50,none,,none_color,docling_easyocr,llama,6,0,0,0,6,0.0,0.0,0.0,0,,,,,161.634972467,1
publimetro_2015-04-15_1,50,none,,none_color,docling_rapidocr,llama,6,0,0,0,6,0.0,0.0,0.0,0,,,,,102.466272726,1
publimetro_2015-04-15_1,50,none,,none_grayscale,docling_easyocr,llama,6,0,0,0,6,0.0,0.0,0.0,0,,,,,162.2176999,1
publimetro_2015-04-15_1,50,none,,none_grayscale,docling_rapidocr,llama,6,0,0,0,6,0.0,0.0,0.0,0,,,,,102.902656212,1
publimetro_2015-04-15_1,50,none,,otsu,docling_easyocr,llama,6,0,0,0,6,0.0,0.0,0.0,0,,,,,161.615212719,1
publimetro_2015-04-15_1,50,none,,otsu,docling_rapidocr,llama,6,0,0,0,6,0.0,0.0,0.0,0,,,,,101.414196531,1
publimetro_2015-04-15_1,51,none,,adaptive_gaussian,docling_easyocr,llama,6,0,0,0,6,0.0,0.0,0.0,0,,,,,63.660768684,1
publimetro_2015-04-15_1,51,none,,adaptive_gaussian,docling_rapidocr,llama,6,0,0,0,6,0.0,0.0,0.0,0,,,,,12.755754646,1
publimetro_2015-04-15_1,51,none,,adaptive_mean,docling_easyocr,llama,6,0,0,0,6,0.0,0.0,0.0,0,,,,,73.035407978,1
publimetro_2015-04-15_1,51,none,,adaptive_mean,docling_rapidocr,llama,6,0,0,0,6,0.0,0.0,0.0,0,,,,,11.120193201,1
publimetro_2015-04-15_1,51,none,,basic,docling_easyocr,llama,6,0,0,0,6,0.0,0.0,0.0,0,,,,,72.406901121,1
publimetro_2015-04-15_1,51,none,,basic,docling_rapidocr,llama,6,0,0,0,6,0.0,0.0,0.0,0,,,,,14.195993423,1
publimetro_2015-04-15_1,51,none,,niblack,docling_easyocr,llama,6,0,0,0,6,0.0,0.0,0.0,0,,,,,56.116219686,1
publimetro_2015-04-15_1,51,none,,niblack,docling_rapidocr,llama,6,0,0,0,6,0.0,0.0,0.0,0,,,,,11.243815826,1
publimetro_2015-04-15_1,51,none,,none_color,docling_easyocr,llama,6,0,0,0,6,0.0,0.0,0.0,0,,,,,72.08557782,1
publimetro_2015-04-15_1,51,none,,none_color,docling_rapidocr,llama,6,0,0,0,6,0.0,0.0,0.0,0,,,,,12.577016209,1
publimetro_2015-04-15_1,51,none,,none_grayscale,docling_easyocr,llama,6,0,0,0,6,0.0,0.0,0.0,0,,,,,72.720556902,1
publimetro_2015-04-15_1,51,none,,none_grayscale,docling_rapidocr,llama,6,0,0,0,6,0.0,0.0,0.0,0,,,,,14.685312199,1
publimetro_2015-04-15_1,51,none,,otsu,docling_easyocr,llama,6,0,0,0,6,0.0,0.0,0.0,0,,,,,71.050634695,1
publimetro_2015-04-15_1,51,none,,otsu,docling_rapidocr,llama,6,0,0,0,6,0.0,0.0,0.0,0,,,,,14.11358173,1
publimetro_2015-04-15_1,52,none,,adaptive_gaussian,docling_easyocr,llama,6,0,0,0,6,0.0,0.0,0.0,0,,,,,72.772545126,1
publimetro_2015-04-15_1,52,none,,adaptive_gaussian,docling_rapidocr,llama,6,0,0,0,6,0.0,0.0,0.0,0,,,,,11.892596986,1
publimetro_2015-04-15_1,52,none,,adaptive_mean,docling_easyocr,llama,6,0,0,0,6,0.0,0.0,0.0,0,,,,,73.846485828,1
publimetro_2015-04-15_1,52,none,,adaptive_mean,docling_rapidocr,llama,6,0,0,0,6,0.0,0.0,0.0,0,,,,,13.10899875,1
publimetro_2015-04-15_1,52,none,,basic,docling_easyocr,llama,6,0,0,0,6,0.0,0.0,0.0,0,,,,,71.894410627,1
publimetro_2015-04-15_1,52,none,,basic,docling_rapidocr,llama,6,0,0,0,6,0.0,0.0,0.0,0,,,,,14.260906236,1
publimetro_2015-04-15_1,52,none,,niblack,docling_easyocr,llama,6,0,0,0,6,0.0,0.0,0.0,0,,,,,65.66820873,1
publimetro_2015-04-15_1,52,none,,niblack,docling_rapidocr,llama,6,0,0,0,6,0.0,0.0,0.0,0,,,,,11.682159317,1
publimetro_2015-04-15_1,52,none,,none_color,docling_easyocr,llama,6,0,0,0,6,0.0,0.0,0.0,0,,,,,62.494768968,1
publimetro_2015-04-15_1,52,none,,none_color,docling_rapidocr,llama,6,0,0,0,6,0.0,0.0,0.0,0,,,,,14.202201477,1
publimetro_2015-04-15_1,52,none,,none_grayscale,docling_easyocr,llama,6,0,0,0,6,0.0,0.0,0.0,0,,,,,71.656141702,1
publimetro_2015-04-15_1,52,none,,none_grayscale,docling_rapidocr,llama,6,0,0,0,6,0.0,0.0,0.0,0,,,,,13.596613351,1
publimetro_2015-04-15_1,52,none,,otsu,docling_easyocr,llama,6,0,0,0,6,0.0,0.0,0.0,0,,,,,71.528035015,1
publimetro_2015-04-15_1,52,none,,otsu,docling_rapidocr,llama,6,0,0,0,6,0.0,0.0,0.0,0,,,,,14.388974041,1
publimetro_2015-04-15_1,53,none,,adaptive_gaussian,docling_easyocr,llama,6,0,0,0,6,0.0,0.0,0.0,0,,,,,73.307940935,1
publimetro_2015-04-15_1,53,none,,adaptive_gaussian,docling_rapidocr,llama,6,0,0,0,6,0.0,0.0,0.0,0,,,,,12.102901434,1
publimetro_2015-04-15_1,53,none,,adaptive_mean,docling_easyocr,llama,6,0,0,0,6,0.0,0.0,0.0,0,,,,,73.911643024,1
publimetro_2015-04-15_1,53,none,,adaptive_mean,docling_rapidocr,llama,6,0,0,0,6,0.0,0.0,0.0,0,,,,,12.035948272,1
publimetro_2015-04-15_1,53,none,,basic,docling_easyocr,llama,6,0,0,0,6,0.0,0.0,0.0,0,,,,,61.49179169,1
publimetro_2015-04-15_1,53,none,,basic,docling_rapidocr,llama,6,0,0,0,6,0.0,0.0,0.0,0,,,,,14.353251184,1
publimetro_2015-04-15_1,53,none,,niblack,docling_easyocr,llama,6,0,0,0,6,0.0,0.0,0.0,0,,,,,56.02599493,1
publimetro_2015-04-15_1,53,none,,niblack,docling_rapidocr,llama,6,0,0,0,6,0.0,0.0,0.0,0,,,,,10.41402379,1
publimetro_2015-04-15_1,53,none,,none_color,docling_easyocr,llama,6,0,0,0,6,0.0,0.0,0.0,0,,,,,71.70073427,1
publimetro_2015-04-15_1,53,none,,none_color,docling_rapidocr,llama,6,0,0,0,6,0.0,0.0,0.0,0,,,,,14.041871917,1
publimetro_2015-04-15_1,53,none,,none_grayscale,docling_easyocr,llama,6,0,0,0,6,0.0,0.0,0.0,0,,,,,72.107024801,1
publimetro_2015-04-15_1,53,none,,none_grayscale,docling_rapidocr,llama,6,0,0,0,6,0.0,0.0,0.0,0,,,,,14.516980541,1
publimetro_2015-04-15_1,53,none,,otsu,docling_easyocr,llama,6,0,0,0,6,0.0,0.0,0.0,0,,,,,63.396565237,1
publimetro_2015-04-15_1,53,none,,otsu,docling_rapidocr,llama,6,0,0,0,6,0.0,0.0,0.0,0,,,,,13.081934251,1
publimetro_2015-11-13_20,0,none,,adaptive_gaussian,docling_easyocr,llama,4,0,0,0,4,0.0,0.0,0.0,0,,,,,83.004872285,1
publimetro_2015-11-13_20,0,none,,adaptive_gaussian,docling_rapidocr,llama,4,0,0,0,4,0.0,0.0,0.0,0,,,,,13.163118087,1
publimetro_2015-11-13_20,0,none,,adaptive_mean,docling_easyocr,llama,4,0,0,0,4,0.0,0.0,0.0,0,,,,,79.843547018,1
publimetro_2015-11-13_20,0,none,,adaptive_mean,docling_rapidocr,llama,4,0,0,0,4,0.0,0.0,0.0,0,,,,,14.693103941,1
publimetro_2015-11-13_20,0,none,,basic,docling_easyocr,llama,4,0,0,0,4,0.0,0.0,0.0,0,,,,,82.130416109,1
publimetro_2015-11-13_20,0,none,,basic,docling_rapidocr,llama,4,0,0,0,4,0.0,0.0,0.0,0,,,,,19.945449306,1
publimetro_2015-11-13_20,0,none,,niblack,docling_easyocr,llama,4,0,0,0,4,0.0,0.0,0.0,0,,,,,57.174644352,1
publimetro_2015-11-13_20,0,none,,niblack,docling_rapidocr,llama,4,0,0,0,4,0.0,0.0,0.0,0,,,,,10.265445114,1
publimetro_2015-11-13_20,0,none,,none_color,docling_easyocr,llama,4,0,0,0,4,0.0,0.0,0.0,0,,,,,83.167263555,1
publimetro_2015-11-13_20,0,none,,none_color,docling_rapidocr,llama,4,0,0,0,4,0.0,0.0,0.0,0,,,,,22.117199707,1
publimetro_2015-11-13_20,0,none,,none_grayscale,docling_easyocr,llama,4,0,0,0,4,0.0,0.0,0.0,0,,,,,82.834986806,1
publimetro_2015-11-13_20,0,none,,none_grayscale,docling_rapidocr,llama,4,0,0,0,4,0.0,0.0,0.0,0,,,,,20.380200267,1
publimetro_2015-11-13_20,0,none,,otsu,docling_easyocr,llama,4,0,0,0,4,0.0,0.0,0.0,0,,,,,82.76063874,1
publimetro_2015-11-13_20,0,none,,otsu,docling_rapidocr,llama,4,0,0,0,4,0.0,0.0,0.0,0,,,,,20.352195528,1
publimetro_2015-11-13_20,1,none,,adaptive_gaussian,docling_easyocr,llama,4,0,0,0,4,0.0,0.0,0.0,0,,,,,66.798582952,1
publimetro_2015-11-13_20,1,none,,adaptive_gaussian,docling_rapidocr,llama,4,0,0,0,4,0.0,0.0,0.0,0,,,,,10.994471948,1
publimetro_2015-11-13_20,1,none,,adaptive_mean,docling_easyocr,llama,4,0,0,0,4,0.0,0.0,0.0,0,,,,,68.27584659,1
publimetro_2015-11-13_20,1,none,,adaptive_mean,docling_rapidocr,llama,4,0,0,0,4,0.0,0.0,0.0,0,,,,,10.898213256,1
publimetro_2015-11-13_20,1,none,,basic,docling_easyocr,llama,4,0,0,0,4,0.0,0.0,0.0,0,,,,,81.549109371,1
publimetro_2015-11-13_20,1,none,,basic,docling_rapidocr,llama,4,0,0,0,4,0.0,0.0,0.0,0,,,,,19.579348238,1
publimetro_2015-11-13_20,1,none,,niblack,docling_easyocr,llama,4,0,0,0,4,0.0,0.0,0.0,0,,,,,55.407635341,1
publimetro_2015-11-13_20,1,none,,niblack,docling_rapidocr,llama,4,0,0,0,4,0.0,0.0,0.0,0,,,,,10.625741373,1
publimetro_2015-11-13_20,1,none,,none_color,docling_easyocr,llama,4,0,0,0,4,0.0,0.0,0.0,0,,,,,73.104034906,1
publimetro_2015-11-13_20,1,none,,none_color,docling_rapidocr,llama,4,0,0,0,4,0.0,0.0,0.0,0,,,,,21.3763516,1
publimetro_2015-11-13_20,1,none,,none_grayscale,docling_easyocr,llama,4,0,0,0,4,0.0,0.0,0.0,0,,,,,81.93860038,1
publimetro_2015-11-13_20,1,none,,none_grayscale,docling_rapidocr,llama,4,0,0,0,4,0.0,0.0,0.0,0,,,,,22.541675645,1
publimetro_2015-11-13_20,1,none,,otsu,docling_easyocr,llama,4,0,0,0,4,0.0,0.0,0.0,0,,,,,74.61236523,1
publimetro_2015-11-13_20,1,none,,otsu,docling_rapidocr,llama,4,0,0,0,4,0.0,0.0,0.0,0,,,,,22.706118091,1
publimetro_2015-11-13_20,2,none,,adaptive_gaussian,docling_easyocr,llama,4,0,0,0,4,0.0,0.0,0.0,0,,,,,81.199786269,1
publimetro_2015-11-13_20,2,none,,adaptive_gaussian,docling_rapidocr,llama,4,0,0,0,4,0.0,0.0,0.0,0,,,,,14.401492202,1
publimetro_2015-11-13_20,2,none,,adaptive_mean,docling_easyocr,llama,4,0,0,0,4,0.0,0.0,0.0,0,,,,,80.57247363,1
publimetro_2015-11-13_20,2,none,,adaptive_mean,docling_rapidocr,llama,4,0,0,0,4,0.0,0.0,0.0,0,,,,,14.476543769,1
publimetro_2015-11-13_20,2,none,,basic,docling_easyocr,llama,4,0,0,0,4,0.0,0.0,0.0,0,,,,,78.667514398,1
publimetro_2015-11-13_20,2,none,,basic,docling_rapidocr,llama,4,0,0,0,4,0.0,0.0,0.0,0,,,,,20.889058902,1
publimetro_2015-11-13_20,2,none,,niblack,docling_easyocr,llama,4,0,0,0,4,0.0,0.0,0.0,0,,,,,63.316148479,1
publimetro_2015-11-13_20,2,none,,niblack,docling_rapidocr,llama,4,0,0,0,4,0.0,0.0,0.0,0,,,,,10.246650893,1
publimetro_2015-11-13_20,2,none,,none_color,docling_easyocr,llama,4,0,0,0,4,0.0,0.0,0.0,0,,,,,73.053875686,1
publimetro_2015-11-13_20,2,none,,none_color,docling_rapidocr,llama,4,0,0,0,4,0.0,0.0,0.0,0,,,,,23.656992436,1
publimetro_2015-11-13_20,2,none,,none_grayscale,docling_easyocr,llama,4,0,0,0,4,0.0,0.0,0.0,0,,,,,71.119514943,1
publimetro_2015-11-13_20,2,none,,none_grayscale,docling_rapidocr,llama,4,0,0,0,4,0.0,0.0,0.0,0,,,,,23.479943038,1
publimetro_2015-11-13_20,2,none,,otsu,docling_easyocr,llama,4,0,0,0,4,0.0,0.0,0.0,0,,,,,83.652451184,1
publimetro_2015-11-13_20,2,none,,otsu,docling_rapidocr,llama,4,0,0,0,4,0.0,0.0,0.0,0,,,,,23.216205028,1
publimetro_2015-11-13_20,3,none,,adaptive_gaussian,docling_easyocr,llama,4,0,0,0,4,0.0,0.0,0.0,0,,,,,65.248490293,1
publimetro_2015-11-13_20,3,none,,adaptive_gaussian,docling_rapidocr,llama,4,0,0,0,4,0.0,0.0,0.0,0,,,,,13.588712651,1
publimetro_2015-11-13_20,3,none,,adaptive_mean,docling_easyocr,llama,4,0,0,0,4,0.0,0.0,0.0,0,,,,,64.836429265,1
publimetro_2015-11-13_20,3,none,,adaptive_mean,docling_rapidocr,llama,4,0,0,0,4,0.0,0.0,0.0,0,,,,,9.65963259,1
publimetro_2015-11-13_20,3,none,,basic,docling_easyocr,llama,4,0,0,0,4,0.0,0.0,0.0,0,,,,,81.206665942,1
publimetro_2015-11-13_20,3,none,,basic,docling_rapidocr,llama,4,0,0,0,4,0.0,0.0,0.0,0,,,,,15.700006196,1
publimetro_2015-11-13_20,3,none,,niblack,docling_easyocr,llama,4,0,0,0,4,0.0,0.0,0.0,0,,,,,63.99751513,1
publimetro_2015-11-13_20,3,none,,niblack,docling_rapidocr,llama,4,0,0,0,4,0.0,0.0,0.0,0,,,,,10.722153592,1
publimetro_2015-11-13_20,3,none,,none_color,docling_easyocr,llama,4,0,0,0,4,0.0,0.0,0.0,0,,,,,69.001718087,1
publimetro_2015-11-13_20,3,none,,none_color,docling_rapidocr,llama,4,0,0,0,4,0.0,0.0,0.0,0,,,,,22.503730102,1
publimetro_2015-11-13_20,3,none,,none_grayscale,docling_easyocr,llama,4,0,0,0,4,0.0,0.0,0.0,0,,,,,79.682066318,1
publimetro_2015-11-13_20,3,none,,none_grayscale,docling_rapidocr,llama,4,0,0,0,4,0.0,0.0,0.0,0,,,,,22.890224811,1
publimetro_2015-11-13_20,3,none,,otsu,docling_easyocr,llama,4,0,0,0,4,0.0,0.0,0.0,0,,,,,80.658484243,1
publimetro_2015-11-13_20,3,none,,otsu,docling_rapidocr,llama,4,0,0,0,4,0.0,0.0,0.0,0,,,,,22.196269534,1
publimetro_2015-11-13_20,4,none,,adaptive_gaussian,docling_easyocr,llama,4,0,0,0,4,0.0,0.0,0.0,0,,,,,68.640272607,1
publimetro_2015-11-13_20,4,none,,adaptive_gaussian,docling_rapidocr,llama,4,0,0,0,4,0.0,0.0,0.0,0,,,,,14.880690564,1
publimetro_2015-11-13_20,4,none,,adaptive_mean,docling_easyocr,llama,4,0,0,0,4,0.0,0.0,0.0,0,,,,,62.613870797,1
publimetro_2015-11-13_20,4,none,,adaptive_mean,docling_rapidocr,llama,4,0,0,0,4,0.0,0.0,0.0,0,,,,,11.200783191,1
publimetro_2015-11-13_20,4,none,,basic,docling_easyocr,llama,4,0,0,0,4,0.0,0.0,0.0,0,,,,,69.956489305,1
publimetro_2015-11-13_20,4,none,,basic,docling_rapidocr,llama,4,0,0,0,4,0.0,0.0,0.0,0,,,,,16.823645333,1
publimetro_2015-11-13_20,4,none,,niblack,docling_easyocr,llama,4,0,0,0,4,0.0,0.0,0.0,0,,,,,64.087927611,1
publimetro_2015-11-13_20,4,none,,niblack,docling_rapidocr,llama,4,0,0,0,4,0.0,0.0,0.0,0,,,,,10.590426715,1
publimetro_2015-11-13_20,4,none,,none_color,docling_easyocr,llama,4,0,0,0,4,0.0,0.0,0.0,0,,,,,82.304339482,1
publimetro_2015-11-13_20,4,none,,none_color,docling_rapidocr,llama,4,0,0,0,4,0.0,0.0,0.0,0,,,,,23.209614112,1
publimetro_2015-11-13_20,4,none,,none_grayscale,docling_easyocr,llama,4,0,0,0,4,0.0,0.0,0.0,0,,,,,81.256877568,1
publimetro_2015-11-13_20,4,none,,none_grayscale,docling_rapidocr,llama,4,0,0,0,4,0.0,0.0,0.0,0,,,,,23.689753917,1
publimetro_2015-11-13_20,4,none,,otsu,docling_easyocr,llama,4,0,0,0,4,0.0,0.0,0.0,0,,,,,82.131755881,1
publimetro_2015-11-13_20,4,none,,otsu,docling_rapidocr,llama,4,0,0,0,4,0.0,0.0,0.0,0,,,,,21.419417672,1
publimetro_2015-11-13_20,5,none,,adaptive_gaussian,docling_easyocr,llama,4,0,0,0,4,0.0,0.0,0.0,0,,,,,76.227070891,1
publimetro_2015-11-13_20,5,none,,adaptive_gaussian,docling_rapidocr,llama,4,0,0,0,4,0.0,0.0,0.0,0,,,,,13.544724071,1
publimetro_2015-11-13_20,5,none,,adaptive_mean,docling_easyocr,llama,4,0,0,0,4,0.0,0.0,0.0,0,,,,,55.584681781,1
publimetro_2015-11-13_20,5,none,,adaptive_mean,docling_rapidocr,llama,4,0,0,0,4,0.0,0.0,0.0,0,,,,,11.316794904,1
publimetro_2015-11-13_20,5,none,,basic,docling_easyocr,llama,4,0,0,0,4,0.0,0.0,0.0,0,,,,,57.493364408,1
publimetro_2015-11-13_20,5,none,,basic,docling_rapidocr,llama,4,0,0,0,4,0.0,0.0,0.0,0,,,,,14.622333839,1
publimetro_2015-11-13_20,5,none,,niblack,docling_easyocr,llama,4,0,0,0,4,0.0,0.0,0.0,0,,,,,57.75138062,1
publimetro_2015-11-13_20,5,none,,niblack,docling_rapidocr,llama,4,0,0,0,4,0.0,0.0,0.0,0,,,,,10.923836169,1
publimetro_2015-11-13_20,5,none,,none_color,docling_easyocr,llama,4,0,0,0,4,0.0,0.0,0.0,0,,,,,78.874945642,1
publimetro_2015-11-13_20,5,none,,none_color,docling_rapidocr,llama,4,0,0,0,4,0.0,0.0,0.0,0,,,,,21.744893313,1
publimetro_2015-11-13_20,5,none,,none_grayscale,docling_easyocr,llama,4,0,0,0,4,0.0,0.0,0.0,0,,,,,78.733958961,1
publimetro_2015-11-13_20,5,none,,none_grayscale,docling_rapidocr,llama,4,0,0,0,4,0.0,0.0,0.0,0,,,,,22.020200254,1
publimetro_2015-11-13_20,5,none,,otsu,docling_easyocr,llama,4,0,0,0,4,0.0,0.0,0.0,0,,,,,80.607514766,1
publimetro_2015-11-13_20,5,none,,otsu,docling_rapidocr,llama,4,0,0,0,4,0.0,0.0,0.0,0,,,,,18.362535861,1
publimetro_2015-11-13_20,6,none,,adaptive_gaussian,docling_easyocr,llama,4,0,0,0,4,0.0,0.0,0.0,0,,,,,78.194979112,1
publimetro_2015-11-13_20,6,none,,adaptive_gaussian,docling_rapidocr,llama,4,0,0,0,4,0.0,0.0,0.0,0,,,,,15.167963426,1
publimetro_2015-11-13_20,6,none,,adaptive_mean,docling_easyocr,llama,4,0,0,0,4,0.0,0.0,0.0,0,,,,,61.921729506,1
publimetro_2015-11-13_20,6,none,,adaptive_mean,docling_rapidocr,llama,4,0,0,0,4,0.0,0.0,0.0,0,,,,,11.364834012,1
publimetro_2015-11-13_20,6,none,,basic,docling_easyocr,llama,4,0,0,0,4,0.0,0.0,0.0,0,,,,,78.642095073,1
publimetro_2015-11-13_20,6,none,,basic,docling_rapidocr,llama,4,0,0,0,4,0.0,0.0,0.0,0,,,,,15.477917416,1
publimetro_2015-11-13_20,6,none,,niblack,docling_easyocr,llama,4,0,0,0,4,0.0,0.0,0.0,0,,,,,63.937660346,1
publimetro_2015-11-13_20,6,none,,niblack,docling_rapidocr,llama,4,0,0,0,4,0.0,0.0,0.0,0,,,,,11.284301171,1
publimetro_2015-11-13_20,6,none,,none_color,docling_easyocr,llama,4,0,0,0,4,0.0,0.0,0.0,0,,,,,80.897247868,1
publimetro_2015-11-13_20,6,none,,none_color,docling_rapidocr,llama,4,0,0,0,4,0.0,0.0,0.0,0,,,,,22.654405194,1
publimetro_2015-11-13_20,6,none,,none_grayscale,docling_easyocr,llama,4,0,0,0,4,0.0,0.0,0.0,0,,,,,79.874308974,1
publimetro_2015-11-13_20,6,none,,none_grayscale,docling_rapidocr,llama,4,0,0,0,4,0.0,0.0,0.0,0,,,,,23.563989074,1
publimetro_2015-11-13_20,6,none,,otsu,docling_easyocr,llama,4,0,0,0,4,0.0,0.0,0.0,0,,,,,82.747020062,1
publimetro_2015-11-13_20,6,none,,otsu,docling_rapidocr,llama,4,0,0,0,4,0.0,0.0,0.0,0,,,,,22.416304883,1
publimetro_2015-11-13_20,7,none,,adaptive_gaussian,docling_easyocr,llama,4,0,0,0,4,0.0,0.0,0.0,0,,,,,79.302140736,1
publimetro_2015-11-13_20,7,none,,adaptive_gaussian,docling_rapidocr,llama,4,0,0,0,4,0.0,0.0,0.0,0,,,,,15.478158021,1
publimetro_2015-11-13_20,7,none,,adaptive_mean,docling_easyocr,llama,4,0,0,0,4,0.0,0.0,0.0,0,,,,,75.997236152,1
publimetro_2015-11-13_20,7,none,,adaptive_mean,docling_rapidocr,llama,4,0,0,0,4,0.0,0.0,0.0,0,,,,,14.065426726,1
publimetro_2015-11-13_20,7,none,,basic,docling_easyocr,llama,4,0,0,0,4,0.0,0.0,0.0,0,,,,,81.974839629,1
publimetro_2015-11-13_20,7,none,,basic,docling_rapidocr,llama,4,0,0,0,4,0.0,0.0,0.0,0,,,,,19.481701077,1
publimetro_2015-11-13_20,7,none,,niblack,docling_easyocr,llama,4,0,0,0,4,0.0,0.0,0.0,0,,,,,62.673085517,1
publimetro_2015-11-13_20,7,none,,niblack,docling_rapidocr,llama,4,0,0,0,4,0.0,0.0,0.0,0,,,,,10.513331241,1
publimetro_2015-11-13_20,7,none,,none_color,docling_easyocr,llama,4,0,0,0,4,0.0,0.0,0.0,0,,,,,80.092678821,1
publimetro_2015-11-13_20,7,none,,none_color,docling_rapidocr,llama,4,0,0,0,4,0.0,0.0,0.0,0,,,,,23.465397155,1
publimetro_2015-11-13_20,7,none,,none_grayscale,docling_easyocr,llama,4,0,0,0,4,0.0,0.0,0.0,0,,,,,79.919030059,1
publimetro_2015-11-13_20,7,none,,none_grayscale,docling_rapidocr,llama,4,0,0,0,4,0.0,0.0,0.0,0,,,,,20.719933856,1
publimetro_2015-11-13_20,7,none,,otsu,docling_easyocr,llama,4,0,0,0,4,0.0,0.0,0.0,0,,,,,81.268560662,1
publimetro_2015-11-13_20,7,none,,otsu,docling_rapidocr,llama,4,0,0,0,4,0.0,0.0,0.0,0,,,,,23.205720677,1
publimetro_2015-11-13_20,8,none,,adaptive_gaussian,docling_easyocr,llama,4,0,0,0,4,0.0,0.0,0.0,0,,,,,72.46589832,1
publimetro_2015-11-13_20,8,none,,adaptive_gaussian,docling_rapidocr,llama,4,0,0,0,4,0.0,0.0,0.0,0,,,,,14.865389153,1
publimetro_2015-11-13_20,8,none,,adaptive_mean,docling_easyocr,llama,4,0,0,0,4,0.0,0.0,0.0,0,,,,,67.240709536,1
publimetro_2015-11-13_20,8,none,,adaptive_mean,docling_rapidocr,llama,4,0,0,0,4,0.0,0.0,0.0,0,,,,,9.598658555,1
publimetro_2015-11-13_20,8,none,,basic,docling_easyocr,llama,4,0,0,0,4,0.0,0.0,0.0,0,,,,,80.557535445,1
publimetro_2015-11-13_20,8,none,,basic,docling_rapidocr,llama,4,0,0,0,4,0.0,0.0,0.0,0,,,,,15.965688502,1
publimetro_2015-11-13_20,8,none,,niblack,docling_easyocr,llama,4,0,0,0,4,0.0,0.0,0.0,0,,,,,63.652262723,1
publimetro_2015-11-13_20,8,none,,niblack,docling_rapidocr,llama,4,0,0,0,4,0.0,0.0,0.0,0,,,,,11.121441638,1
publimetro_2015-11-13_20,8,none,,none_color,docling_easyocr,llama,4,0,0,0,4,0.0,0.0,0.0,0,,,,,71.144101821,1
publimetro_2015-11-13_20,8,none,,none_color,docling_rapidocr,llama,4,0,0,0,4,0.0,0.0,0.0,0,,,,,21.822292529,1
publimetro_2015-11-13_20,8,none,,none_grayscale,docling_easyocr,llama,4,0,0,0,4,0.0,0.0,0.0,0,,,,,79.654455624,1
publimetro_2015-11-13_20,8,none,,none_grayscale,docling_rapidocr,llama,4,0,0,0,4,0.0,0.0,0.0,0,,,,,19.69542595,1
publimetro_2015-11-13_20,8,none,,otsu,docling_easyocr,llama,4,0,0,0,4,0.0,0.0,0.0,0,,,,,80.925151694,1
publimetro_2015-11-13_20,8,none,,otsu,docling_rapidocr,llama,4,0,0,0,4,0.0,0.0,0.0,0,,,,,21.968309987,1
publimetro_2015-11-13_20,9,none,,adaptive_gaussian,docling_easyocr,llama,4,0,0,0,4,0.0,0.0,0.0,0,,,,,69.82944576,1
publimetro_2015-11-13_20,9,none,,adaptive_gaussian,docling_rapidocr,llama,4,0,0,0,4,0.0,0.0,0.0,0,,,,,15.668514411,1
publimetro_2015-11-13_20,9,none,,adaptive_mean,docling_easyocr,llama,4,0,0,0,4,0.0,0.0,0.0,0,,,,,74.588686335,1
publimetro_2015-11-13_20,9,none,,adaptive_mean,docling_rapidocr,llama,4,0,0,0,4,0.0,0.0,0.0,0,,,,,13.029416669,1
publimetro_2015-11-13_20,9,none,,basic,docling_easyocr,llama,4,0,0,0,4,0.0,0.0,0.0,0,,,,,81.280629069,1
publimetro_2015-11-13_20,9,none,,basic,docling_rapidocr,llama,4,0,0,0,4,0.0,0.0,0.0,0,,,,,12.517692716,1
publimetro_2015-11-13_20,9,none,,niblack,docling_easyocr,llama,4,0,0,0,4,0.0,0.0,0.0,0,,,,,63.21970826,1
publimetro_2015-11-13_20,9,none,,niblack,docling_rapidocr,llama,4,0,0,0,4,0.0,0.0,0.0,0,,,,,10.847706851,1
publimetro_2015-11-13_20,9,none,,none_color,docling_easyocr,llama,4,0,0,0,4,0.0,0.0,0.0,0,,,,,86.215190892,1
publimetro_2015-11-13_20,9,none,,none_color,docling_rapidocr,llama,4,0,0,0,4,0.0,0.0,0.0,0,,,,,22.928241258,1
publimetro_2015-11-13_20,9,none,,none_grayscale,docling_easyocr,llama,4,0,0,0,4,0.0,0.0,0.0,0,,,,,86.637567836,1
publimetro_2015-11-13_20,9,none,,none_grayscale,docling_rapidocr,llama,4,0,0,0,4,0.0,0.0,0.0,0,,,,,19.916431266,1
publimetro_2015-11-13_20,9,none,,otsu,docling_easyocr,llama,4,0,0,0,4,0.0,0.0,0.0,0,,,,,72.832463248,1
publimetro_2015-11-13_20,9,none,,otsu,docling_rapidocr,llama,4,0,0,0,4,0.0,0.0,0.0,0,,,,,20.775941117,1
publimetro_2015-11-13_20,10,none,,adaptive_gaussian,docling_easyocr,llama,4,0,0,0,4,0.0,0.0,0.0,0,,,,,66.508881065,1
publimetro_2015-11-13_20,10,none,,adaptive_gaussian,docling_rapidocr,llama,4,0,0,0,4,0.0,0.0,0.0,0,,,,,14.747376176,1
publimetro_2015-11-13_20,10,none,,adaptive_mean,docling_easyocr,llama,4,0,0,0,4,0.0,0.0,0.0,0,,,,,72.480207914,1
publimetro_2015-11-13_20,10,none,,adaptive_mean,docling_rapidocr,llama,4,0,0,0,4,0.0,0.0,0.0,0,,,,,14.138661378,1
publimetro_2015-11-13_20,10,none,,basic,docling_easyocr,llama,4,0,0,0,4,0.0,0.0,0.0,0,,,,,85.609898053,1
publimetro_2015-11-13_20,10,none,,basic,docling_rapidocr,llama,4,0,0,0,4,0.0,0.0,0.0,0,,,,,21.44661256,1
publimetro_2015-11-13_20,10,none,,niblack,docling_easyocr,llama,4,0,0,0,4,0.0,0.0,0.0,0,,,,,62.562011256,1
publimetro_2015-11-13_20,10,none,,niblack,docling_rapidocr,llama,4,0,0,0,4,0.0,0.0,0.0,0,,,,,8.92094542,1
publimetro_2015-11-13_20,10,none,,none_color,docling_easyocr,llama,4,0,0,0,4,0.0,0.0,0.0,0,,,,,74.588965472,1
publimetro_2015-11-13_20,10,none,,none_color,docling_rapidocr,llama,4,0,0,0,4,0.0,0.0,0.0,0,,,,,23.024955806,1
publimetro_2015-11-13_20,10,none,,none_grayscale,docling_easyocr,llama,4,0,0,0,4,0.0,0.0,0.0,0,,,,,85.713572393,1
publimetro_2015-11-13_20,10,none,,none_grayscale,docling_rapidocr,llama,4,0,0,0,4,0.0,0.0,0.0,0,,,,,23.483307491,1
publimetro_2015-11-13_20,10,none,,otsu,docling_easyocr,llama,4,0,0,0,4,0.0,0.0,0.0,0,,,,,86.793463504,1
publimetro_2015-11-13_20,10,none,,otsu,docling_rapidocr,llama,4,0,0,0,4,0.0,0.0,0.0,0,,,,,18.289903438,1
publimetro_2015-11-13_20,11,none,,adaptive_gaussian,docling_easyocr,llama,4,0,0,0,4,0.0,0.0,0.0,0,,,,,69.663710899,1
publimetro_2015-11-13_20,11,none,,adaptive_gaussian,docling_rapidocr,llama,4,0,0,0,4,0.0,0.0,0.0,0,,,,,14.80585844,1
publimetro_2015-11-13_20,11,none,,adaptive_mean,docling_easyocr,llama,4,0,0,0,4,0.0,0.0,0.0,0,,,,,64.337046399,1
publimetro_2015-11-13_20,11,none,,adaptive_mean,docling_rapidocr,llama,4,0,0,0,4,0.0,0.0,0.0,0,,,,,10.642817512,1
publimetro_2015-11-13_20,11,none,,basic,docling_easyocr,llama,4,0,0,0,4,0.0,0.0,0.0,0,,,,,57.465788182,1
publimetro_2015-11-13_20,11,none,,basic,docling_rapidocr,llama,4,0,0,0,4,0.0,0.0,0.0,0,,,,,10.906168756,1
publimetro_2015-11-13_20,11,none,,niblack,docling_easyocr,llama,4,0,0,0,4,0.0,0.0,0.0,0,,,,,63.407774888,1
publimetro_2015-11-13_20,11,none,,niblack,docling_rapidocr,llama,4,0,0,0,4,0.0,0.0,0.0,0,,,,,10.909913026,1
publimetro_2015-11-13_20,11,none,,none_color,docling_easyocr,llama,4,0,0,0,4,0.0,0.0,0.0,0,,,,,83.001874431,1
publimetro_2015-11-13_20,11,none,,none_color,docling_rapidocr,llama,4,0,0,0,4,0.0,0.0,0.0,0,,,,,23.577586635,1
publimetro_2015-11-13_20,11,none,,none_grayscale,docling_easyocr,llama,4,0,0,0,4,0.0,0.0,0.0,0,,,,,78.020546659,1
publimetro_2015-11-13_20,11,none,,none_grayscale,docling_rapidocr,llama,4,0,0,0,4,0.0,0.0,0.0,0,,,,,21.13783644,1
publimetro_2015-11-13_20,11,none,,otsu,docling_easyocr,llama,4,0,0,0,4,0.0,0.0,0.0,0,,,,,82.241097818,1
publimetro_2015-11-13_20,11,none,,otsu,docling_rapidocr,llama,4,0,0,0,4,0.0,0.0,0.0,0,,,,,17.600355516,1
publimetro_2015-11-13_20,12,none,,adaptive_gaussian,docling_easyocr,llama,4,0,0,0,4,0.0,0.0,0.0,0,,,,,113.824949304,1
publimetro_2015-11-13_20,12,none,,adaptive_gaussian,docling_rapidocr,llama,4,0,0,0,4,0.0,0.0,0.0,0,,,,,48.383379976,1
publimetro_2015-11-13_20,12,none,,adaptive_mean,docling_easyocr,llama,4,0,0,0,4,0.0,0.0,0.0,0,,,,,111.782772218,1
publimetro_2015-11-13_20,12,none,,adaptive_mean,docling_rapidocr,llama,4,0,0,0,4,0.0,0.0,0.0,0,,,,,48.158998643,1
publimetro_2015-11-13_20,12,none,,basic,docling_easyocr,llama,4,0,0,0,4,0.0,0.0,0.0,0,,,,,114.777422147,1
publimetro_2015-11-13_20,12,none,,basic,docling_rapidocr,llama,4,0,0,0,4,0.0,0.0,0.0,0,,,,,55.695122438,1
publimetro_2015-11-13_20,12,none,,niblack,docling_easyocr,llama,4,0,0,0,4,0.0,0.0,0.0,0,,,,,95.635295732,1
publimetro_2015-11-13_20,12,none,,niblack,docling_rapidocr,llama,4,0,0,0,4,0.0,0.0,0.0,0,,,,,42.786423785,1
publimetro_2015-11-13_20,12,none,,none_color,docling_easyocr,llama,4,0,0,0,4,0.0,0.0,0.0,0,,,,,114.144781402,1
publimetro_2015-11-13_20,12,none,,none_color,docling_rapidocr,llama,4,0,0,0,4,0.0,0.0,0.0,0,,,,,55.131977847,1
publimetro_2015-11-13_20,12,none,,none_grayscale,docling_easyocr,llama,4,0,0,0,4,0.0,0.0,0.0,0,,,,,106.46422017,1
publimetro_2015-11-13_20,12,none,,none_grayscale,docling_rapidocr,llama,4,0,0,0,4,0.0,0.0,0.0,0,,,,,51.996530656,1
publimetro_2015-11-13_20,12,none,,otsu,docling_easyocr,llama,4,0,0,0,4,0.0,0.0,0.0,0,,,,,102.38842085,1
publimetro_2015-11-13_20,12,none,,otsu,docling_rapidocr,llama,4,0,0,0,4,0.0,0.0,0.0,0,,,,,55.241330415,1
publimetro_2015-11-13_20,13,none,,adaptive_gaussian,docling_easyocr,llama,4,0,0,0,4,0.0,0.0,0.0,0,,,,,98.10705832,1
publimetro_2015-11-13_20,13,none,,adaptive_gaussian,docling_rapidocr,llama,4,0,0,0,4,0.0,0.0,0.0,0,,,,,43.46757463,1
publimetro_2015-11-13_20,13,none,,adaptive_mean,docling_easyocr,llama,4,0,0,0,4,0.0,0.0,0.0,0,,,,,101.345044667,1
publimetro_2015-11-13_20,13,none,,adaptive_mean,docling_rapidocr,llama,4,0,0,0,4,0.0,0.0,0.0,0,,,,,42.488385017,1
publimetro_2015-11-13_20,13,none,,basic,docling_easyocr,llama,4,0,0,0,4,0.0,0.0,0.0,0,,,,,102.921187425,1
publimetro_2015-11-13_20,13,none,,basic,docling_rapidocr,llama,4,0,0,0,4,0.0,0.0,0.0,0,,,,,52.571989799,1
publimetro_2015-11-13_20,13,none,,niblack,docling_easyocr,llama,4,0,0,0,4,0.0,0.0,0.0,0,,,,,95.264086705,1
publimetro_2015-11-13_20,13,none,,niblack,docling_rapidocr,llama,4,0,0,0,4,0.0,0.0,0.0,0,,,,,43.098988038,1
publimetro_2015-11-13_20,13,none,,none_color,docling_easyocr,llama,4,0,0,0,4,0.0,0.0,0.0,0,,,,,114.45654547,1
publimetro_2015-11-13_20,13,none,,none_color,docling_rapidocr,llama,4,0,0,0,4,0.0,0.0,0.0,0,,,,,52.576551078,1
publimetro_2015-11-13_20,13,none,,none_grayscale,docling_easyocr,llama,4,0,0,0,4,0.0,0.0,0.0,0,,,,,105.69887824,1
publimetro_2015-11-13_20,13,none,,none_grayscale,docling_rapidocr,llama,4,0,0,0,4,0.0,0.0,0.0,0,,,,,55.378118705,1
publimetro_2015-11-13_20,13,none,,otsu,docling_easyocr,llama,4,0,0,0,4,0.0,0.0,0.0,0,,,,,103.074341871,1
publimetro_2015-11-13_20,13,none,,otsu,docling_rapidocr,llama,4,0,0,0,4,0.0,0.0,0.0,0,,,,,55.123730279,1
publimetro_2015-11-13_20,14,none,,adaptive_gaussian,docling_easyocr,llama,4,0,0,0,4,0.0,0.0,0.0,0,,,,,113.383538951,1
publimetro_2015-11-13_20,14,none,,adaptive_gaussian,docling_rapidocr,llama,4,0,0,0,4,0.0,0.0,0.0,0,,,,,46.802666177,1
publimetro_2015-11-13_20,14,none,,adaptive_mean,docling_easyocr,llama,4,0,0,0,4,0.0,0.0,0.0,0,,,,,113.755648313,1
publimetro_2015-11-13_20,14,none,,adaptive_mean,docling_rapidocr,llama,4,0,0,0,4,0.0,0.0,0.0,0,,,,,46.912335811,1
publimetro_2015-11-13_20,14,none,,basic,docling_easyocr,llama,4,0,0,0,4,0.0,0.0,0.0,0,,,,,113.833970765,1
publimetro_2015-11-13_20,14,none,,basic,docling_rapidocr,llama,4,0,0,0,4,0.0,0.0,0.0,0,,,,,53.274994353,1
publimetro_2015-11-13_20,14,none,,niblack,docling_easyocr,llama,4,0,0,0,4,0.0,0.0,0.0,0,,,,,95.65139895,1
publimetro_2015-11-13_20,14,none,,niblack,docling_rapidocr,llama,4,0,0,0,4,0.0,0.0,0.0,0,,,,,41.916096025,1
publimetro_2015-11-13_20,14,none,,none_color,docling_easyocr,llama,4,0,0,0,4,0.0,0.0,0.0,0,,,,,114.942214635,1
publimetro_2015-11-13_20,14,none,,none_color,docling_rapidocr,llama,4,0,0,0,4,0.0,0.0,0.0,0,,,,,55.061267284,1
publimetro_2015-11-13_20,14,none,,none_grayscale,docling_easyocr,llama,4,0,0,0,4,0.0,0.0,0.0,0,,,,,104.630463985,1
publimetro_2015-11-13_20,14,none,,none_grayscale,docling_rapidocr,llama,4,0,0,0,4,0.0,0.0,0.0,0,,,,,55.710150626,1
publimetro_2015-11-13_20,14,none,,otsu,docling_easyocr,llama,4,0,0,0,4,0.0,0.0,0.0,0,,,,,113.335347228,1
publimetro_2015-11-13_20,14,none,,otsu,docling_rapidocr,llama,4,0,0,0,4,0.0,0.0,0.0,0,,,,,55.080785327,1
publimetro_2015-11-13_20,15,none,,adaptive_gaussian,docling_easyocr,llama,4,0,0,0,4,0.0,0.0,0.0,0,,,,,64.980767554,1
publimetro_2015-11-13_20,15,none,,adaptive_gaussian,docling_rapidocr,llama,4,0,0,0,4,0.0,0.0,0.0,0,,,,,10.529949493,1
publimetro_2015-11-13_20,15,none,,adaptive_mean,docling_easyocr,llama,4,0,0,0,4,0.0,0.0,0.0,0,,,,,65.057487741,1
publimetro_2015-11-13_20,15,none,,adaptive_mean,docling_rapidocr,llama,4,0,0,0,4,0.0,0.0,0.0,0,,,,,10.771963134,1
publimetro_2015-11-13_20,15,none,,basic,docling_easyocr,llama,4,0,0,0,4,0.0,0.0,0.0,0,,,,,84.257453021,1
publimetro_2015-11-13_20,15,none,,basic,docling_rapidocr,llama,4,0,0,0,4,0.0,0.0,0.0,0,,,,,23.179885682,1
publimetro_2015-11-13_20,15,none,,niblack,docling_easyocr,llama,4,0,0,0,4,0.0,0.0,0.0,0,,,,,62.94358312,1
publimetro_2015-11-13_20,15,none,,niblack,docling_rapidocr,llama,4,0,0,0,4,0.0,0.0,0.0,0,,,,,11.583538163,1
publimetro_2015-11-13_20,15,none,,none_color,docling_easyocr,llama,4,0,0,0,4,0.0,0.0,0.0,0,,,,,72.236875207,1
publimetro_2015-11-13_20,15,none,,none_color,docling_rapidocr,llama,4,0,0,0,4,0.0,0.0,0.0,0,,,,,19.266358287,1
publimetro_2015-11-13_20,15,none,,none_grayscale,docling_easyocr,llama,4,0,0,0,4,0.0,0.0,0.0,0,,,,,84.550874694,1
publimetro_2015-11-13_20,15,none,,none_grayscale,docling_rapidocr,llama,4,0,0,0,4,0.0,0.0,0.0,0,,,,,23.008462651,1
publimetro_2015-11-13_20,15,none,,otsu,docling_easyocr,llama,4,0,0,0,4,0.0,0.0,0.0,0,,,,,83.146678815,1
publimetro_2015-11-13_20,15,none,,otsu,docling_rapidocr,llama,4,0,0,0,4,0.0,0.0,0.0,0,,,,,23.441090236,1
publimetro_2015-11-13_20,16,none,,adaptive_gaussian,docling_easyocr,llama,4,0,0,0,4,0.0,0.0,0.0,0,,,,,64.313987207,1
publimetro_2015-11-13_20,16,none,,adaptive_gaussian,docling_rapidocr,llama,4,0,0,0,4,0.0,0.0,0.0,0,,,,,10.442273568,1
publimetro_2015-11-13_20,16,none,,adaptive_mean,docling_easyocr,llama,4,0,0,0,4,0.0,0.0,0.0,0,,,,,64.777764625,1
publimetro_2015-11-13_20,16,none,,adaptive_mean,docling_rapidocr,llama,4,0,0,0,4,0.0,0.0,0.0,0,,,,,10.751627273,1
publimetro_2015-11-13_20,16,none,,basic,docling_easyocr,llama,4,0,0,0,4,0.0,0.0,0.0,0,,,,,76.448741067,1
publimetro_2015-11-13_20,16,none,,basic,docling_rapidocr,llama,4,0,0,0,4,0.0,0.0,0.0,0,,,,,23.210443366,1
publimetro_2015-11-13_20,16,none,,niblack,docling_easyocr,llama,4,0,0,0,4,0.0,0.0,0.0,0,,,,,63.481664413,1
publimetro_2015-11-13_20,16,none,,niblack,docling_rapidocr,llama,4,0,0,0,4,0.0,0.0,0.0,0,,,,,11.843501085,1
publimetro_2015-11-13_20,16,none,,none_color,docling_easyocr,llama,4,0,0,0,4,0.0,0.0,0.0,0,,,,,82.566617452,1
publimetro_2015-11-13_20,16,none,,none_color,docling_rapidocr,llama,4,0,0,0,4,0.0,0.0,0.0,0,,,,,22.136064254,1
publimetro_2015-11-13_20,16,none,,none_grayscale,docling_easyocr,llama,4,0,0,0,4,0.0,0.0,0.0,0,,,,,82.780974662,1
publimetro_2015-11-13_20,16,none,,none_grayscale,docling_rapidocr,llama,4,0,0,0,4,0.0,0.0,0.0,0,,,,,20.272237575,1
publimetro_2015-11-13_20,16,none,,otsu,docling_easyocr,llama,4,0,0,0,4,0.0,0.0,0.0,0,,,,,85.104565086,1
publimetro_2015-11-13_20,16,none,,otsu,docling_rapidocr,llama,4,0,0,0,4,0.0,0.0,0.0,0,,,,,22.115848483,1
publimetro_2015-11-13_20,17,none,,adaptive_gaussian,docling_easyocr,llama,4,0,0,0,4,0.0,0.0,0.0,0,,,,,65.674161313,1
publimetro_2015-11-13_20,17,none,,adaptive_gaussian,docling_rapidocr,llama,4,0,0,0,4,0.0,0.0,0.0,0,,,,,10.701554893,1
publimetro_2015-11-13_20,17,none,,adaptive_mean,docling_easyocr,llama,4,0,0,0,4,0.0,0.0,0.0,0,,,,,56.886220998,1
publimetro_2015-11-13_20,17,none,,adaptive_mean,docling_rapidocr,llama,4,0,0,0,4,0.0,0.0,0.0,0,,,,,10.796948022,1
publimetro_2015-11-13_20,17,none,,basic,docling_easyocr,llama,4,0,0,0,4,0.0,0.0,0.0,0,,,,,73.374482978,1
publimetro_2015-11-13_20,17,none,,basic,docling_rapidocr,llama,4,0,0,0,4,0.0,0.0,0.0,0,,,,,19.895051587,1
publimetro_2015-11-13_20,17,none,,niblack,docling_easyocr,llama,4,0,0,0,4,0.0,0.0,0.0,0,,,,,63.341602216,1
publimetro_2015-11-13_20,17,none,,niblack,docling_rapidocr,llama,4,0,0,0,4,0.0,0.0,0.0,0,,,,,11.643591056,1
publimetro_2015-11-13_20,17,none,,none_color,docling_easyocr,llama,4,0,0,0,4,0.0,0.0,0.0,0,,,,,83.428577054,1
publimetro_2015-11-13_20,17,none,,none_color,docling_rapidocr,llama,4,0,0,0,4,0.0,0.0,0.0,0,,,,,22.948792566,1
publimetro_2015-11-13_20,17,none,,none_grayscale,docling_easyocr,llama,4,0,0,0,4,0.0,0.0,0.0,0,,,,,73.415098464,1
publimetro_2015-11-13_20,17,none,,none_grayscale,docling_rapidocr,llama,4,0,0,0,4,0.0,0.0,0.0,0,,,,,22.611112392,1
publimetro_2015-11-13_20,17,none,,otsu,docling_easyocr,llama,4,0,0,0,4,0.0,0.0,0.0,0,,,,,82.579756679,1
publimetro_2015-11-13_20,17,none,,otsu,docling_rapidocr,llama,4,0,0,0,4,0.0,0.0,0.0,0,,,,,23.482389154,1
publimetro_2015-11-13_20,18,none,,adaptive_gaussian,docling_easyocr,llama,4,0,0,0,4,0.0,0.0,0.0,0,,,,,62.683085452,1
publimetro_2015-11-13_20,18,none,,adaptive_gaussian,docling_rapidocr,llama,4,0,0,0,4,0.0,0.0,0.0,0,,,,,11.203358184,1
publimetro_2015-11-13_20,18,none,,adaptive_mean,docling_easyocr,llama,4,0,0,0,4,0.0,0.0,0.0,0,,,,,54.41628905,1
publimetro_2015-11-13_20,18,none,,adaptive_mean,docling_rapidocr,llama,4,0,0,0,4,0.0,0.0,0.0,0,,,,,12.040569741,1
publimetro_2015-11-13_20,18,none,,basic,docling_easyocr,llama,4,0,0,0,4,0.0,0.0,0.0,0,,,,,54.031849147,1
publimetro_2015-11-13_20,18,none,,basic,docling_rapidocr,llama,4,0,0,0,4,0.0,0.0,0.0,0,,,,,9.958766223,1
publimetro_2015-11-13_20,18,none,,niblack,docling_easyocr,llama,4,0,0,0,4,0.0,0.0,0.0,0,,,,,63.415905902,1
publimetro_2015-11-13_20,18,none,,otsu,docling_easyocr,llama,4,0,0,0,4,0.0,0.0,0.0,0,,,,,62.510093286,1
publimetro_2015-11-13_20,18,none,,otsu,docling_rapidocr,llama,4,0,0,0,4,0.0,0.0,0.0,0,,,,,11.147392108,1
publimetro_2015-11-13_20,18,none,,yannihorne,docling_rapidocr,llama,4,0,0,0,4,0.0,0.0,0.0,0,,,,,13.974676206,1
publimetro_2015-11-13_20,19,none,,adaptive_gaussian,docling_easyocr,llama,4,0,0,0,4,0.0,0.0,0.0,0,,,,,61.990688283,1
publimetro_2015-11-13_20,19,none,,adaptive_gaussian,docling_rapidocr,llama,4,0,0,0,4,0.0,0.0,0.0,0,,,,,10.618122298,1
publimetro_2015-11-13_20,19,none,,adaptive_mean,docling_easyocr,llama,4,0,0,0,4,0.0,0.0,0.0,0,,,,,63.450217227,1
publimetro_2015-11-13_20,19,none,,adaptive_mean,docling_rapidocr,llama,4,0,0,0,4,0.0,0.0,0.0,0,,,,,9.856286506,1
publimetro_2015-11-13_20,19,none,,basic,docling_easyocr,llama,4,0,0,0,4,0.0,0.0,0.0,0,,,,,52.987554572,1
publimetro_2015-11-13_20,19,none,,basic,docling_rapidocr,llama,4,0,0,0,4,0.0,0.0,0.0,0,,,,,11.154182456,1
publimetro_2015-11-13_20,19,none,,niblack,docling_easyocr,llama,4,0,0,0,4,0.0,0.0,0.0,0,,,,,54.832999894,1
publimetro_2015-11-13_20,19,none,,none_color,docling_easyocr,llama,4,0,0,0,4,0.0,0.0,0.0,0,,,,,61.489189813,1
publimetro_2015-11-13_20,19,none,,none_grayscale,docling_easyocr,llama,4,0,0,0,4,0.0,0.0,0.0,0,,,,,64.238719651,1
publimetro_2015-11-13_20,19,none,,otsu,docling_easyocr,llama,4,0,0,0,4,0.0,0.0,0.0,0,,,,,62.657718753,1
publimetro_2015-11-13_20,19,none,,otsu,docling_rapidocr,llama,4,0,0,0,4,0.0,0.0,0.0,0,,,,,11.41247568,1
publimetro_2015-11-13_20,19,none,,yannihorne,docling_rapidocr,llama,4,0,0,0,4,0.0,0.0,0.0,0,,,,,12.982315469,1
publimetro_2015-11-13_20,20,none,,adaptive_gaussian,docling_easyocr,llama,4,0,0,0,4,0.0,0.0,0.0,0,,,,,63.482271993,1
publimetro_2015-11-13_20,20,none,,adaptive_gaussian,docling_rapidocr,llama,4,0,0,0,4,0.0,0.0,0.0,0,,,,,11.53739556,1
publimetro_2015-11-13_20,20,none,,adaptive_mean,docling_easyocr,llama,4,0,0,0,4,0.0,0.0,0.0,0,,,,,63.093105897,1
publimetro_2015-11-13_20,20,none,,adaptive_mean,docling_rapidocr,llama,4,0,0,0,4,0.0,0.0,0.0,0,,,,,12.758454427,1
publimetro_2015-11-13_20,20,none,,basic,docling_easyocr,llama,4,0,0,0,4,0.0,0.0,0.0,0,,,,,62.050377277,1
publimetro_2015-11-13_20,20,none,,basic,docling_rapidocr,llama,4,0,0,0,4,0.0,0.0,0.0,0,,,,,10.968231109,1
publimetro_2015-11-13_20,20,none,,niblack,docling_easyocr,llama,4,0,0,0,4,0.0,0.0,0.0,0,,,,,64.245513036,1
publimetro_2015-11-13_20,20,none,,otsu,docling_easyocr,llama,4,0,0,0,4,0.0,0.0,0.0,0,,,,,62.903382758,1
publimetro_2015-11-13_20,20,none,,otsu,docling_rapidocr,llama,4,0,0,0,4,0.0,0.0,0.0,0,,,,,10.876088122,1
publimetro_2015-11-13_20,20,none,,yannihorne,docling_rapidocr,llama,4,0,0,0,4,0.0,0.0,0.0,0,,,,,14.282831649,1
publimetro_2015-11-13_20,21,none,,adaptive_gaussian,docling_easyocr,llama,4,0,0,0,4,0.0,0.0,0.0,0,,,,,158.080930266,1
publimetro_2015-11-13_20,21,none,,adaptive_gaussian,docling_rapidocr,llama,4,0,0,0,4,0.0,0.0,0.0,0,,,,,102.154115234,1
publimetro_2015-11-13_20,21,none,,adaptive_mean,docling_easyocr,llama,4,0,0,0,4,0.0,0.0,0.0,0,,,,,164.104567033,1
publimetro_2015-11-13_20,21,none,,adaptive_mean,docling_rapidocr,llama,4,0,0,0,4,0.0,0.0,0.0,0,,,,,101.909811002,1
publimetro_2015-11-13_20,21,none,,basic,docling_easyocr,llama,4,0,0,0,4,0.0,0.0,0.0,0,,,,,157.03538301,1
publimetro_2015-11-13_20,21,none,,basic,docling_rapidocr,llama,4,0,0,0,4,0.0,0.0,0.0,0,,,,,104.52798655,1
publimetro_2015-11-13_20,21,none,,niblack,docling_easyocr,llama,4,0,0,0,4,0.0,0.0,0.0,0,,,,,151.664353561,1
publimetro_2015-11-13_20,21,none,,niblack,docling_rapidocr,llama,4,0,0,0,4,0.0,0.0,0.0,0,,,,,97.481450986,1
publimetro_2015-11-13_20,21,none,,none_color,docling_easyocr,llama,4,0,0,0,4,0.0,0.0,0.0,0,,,,,172.486712407,1
publimetro_2015-11-13_20,21,none,,none_color,docling_rapidocr,llama,4,0,0,0,4,0.0,0.0,0.0,0,,,,,111.990727614,1
publimetro_2015-11-13_20,21,none,,none_grayscale,docling_easyocr,llama,4,0,0,0,4,0.0,0.0,0.0,0,,,,,170.501820516,1
publimetro_2015-11-13_20,21,none,,none_grayscale,docling_rapidocr,llama,4,0,0,0,4,0.0,0.0,0.0,0,,,,,111.365008306,1
publimetro_2015-11-13_20,21,none,,otsu,docling_easyocr,llama,4,0,0,0,4,0.0,0.0,0.0,0,,,,,169.688313104,1
publimetro_2015-11-13_20,21,none,,otsu,docling_rapidocr,llama,4,0,0,0,4,0.0,0.0,0.0,0,,,,,104.274144031,1
publimetro_2015-11-13_20,22,none,,adaptive_gaussian,docling_easyocr,llama,4,0,0,0,4,0.0,0.0,0.0,0,,,,,153.870470121,1
publimetro_2015-11-13_20,22,none,,adaptive_gaussian,docling_rapidocr,llama,4,0,0,0,4,0.0,0.0,0.0,0,,,,,99.254531935,1
publimetro_2015-11-13_20,22,none,,adaptive_mean,docling_easyocr,llama,4,0,0,0,4,0.0,0.0,0.0,0,,,,,156.677884363,1
publimetro_2015-11-13_20,22,none,,adaptive_mean,docling_rapidocr,llama,4,0,0,0,4,0.0,0.0,0.0,0,,,,,99.551854395,1
publimetro_2015-11-13_20,22,none,,basic,docling_easyocr,llama,4,0,0,0,4,0.0,0.0,0.0,0,,,,,165.403029745,1
publimetro_2015-11-13_20,22,none,,basic,docling_rapidocr,llama,4,0,0,0,4,0.0,0.0,0.0,0,,,,,108.293131655,1
publimetro_2015-11-13_20,22,none,,niblack,docling_easyocr,llama,4,0,0,0,4,0.0,0.0,0.0,0,,,,,151.653897827,1
publimetro_2015-11-13_20,22,none,,niblack,docling_rapidocr,llama,4,0,0,0,4,0.0,0.0,0.0,0,,,,,98.58969671,1
publimetro_2015-11-13_20,22,none,,none_color,docling_easyocr,llama,4,0,0,0,4,0.0,0.0,0.0,0,,,,,171.591722481,1
publimetro_2015-11-13_20,22,none,,none_color,docling_rapidocr,llama,4,0,0,0,4,0.0,0.0,0.0,0,,,,,109.016328565,1
publimetro_2015-11-13_20,22,none,,none_grayscale,docling_easyocr,llama,4,0,0,0,4,0.0,0.0,0.0,0,,,,,172.378571979,1
publimetro_2015-11-13_20,22,none,,none_grayscale,docling_rapidocr,llama,4,0,0,0,4,0.0,0.0,0.0,0,,,,,110.446745388,1
publimetro_2015-11-13_20,22,none,,otsu,docling_easyocr,llama,4,0,0,0,4,0.0,0.0,0.0,0,,,,,170.249732632,1
publimetro_2015-11-13_20,22,none,,otsu,docling_rapidocr,llama,4,0,0,0,4,0.0,0.0,0.0,0,,,,,109.399109024,1
publimetro_2015-11-13_20,23,none,,adaptive_gaussian,docling_easyocr,llama,4,0,0,0,4,0.0,0.0,0.0,0,,,,,164.055589443,1
publimetro_2015-11-13_20,23,none,,adaptive_gaussian,docling_rapidocr,llama,4,0,0,0,4,0.0,0.0,0.0,0,,,,,102.63707543,1
publimetro_2015-11-13_20,23,none,,adaptive_mean,docling_easyocr,llama,4,0,0,0,4,0.0,0.0,0.0,0,,,,,162.570957376,1
publimetro_2015-11-13_20,23,none,,adaptive_mean,docling_rapidocr,llama,4,0,0,0,4,0.0,0.0,0.0,0,,,,,102.692241861,1
publimetro_2015-11-13_20,23,none,,basic,docling_easyocr,llama,4,0,0,0,4,0.0,0.0,0.0,0,,,,,155.571542974,1
publimetro_2015-11-13_20,23,none,,basic,docling_rapidocr,llama,4,0,0,0,4,0.0,0.0,0.0,0,,,,,99.959366556,1
publimetro_2015-11-13_20,23,none,,niblack,docling_easyocr,llama,4,0,0,0,4,0.0,0.0,0.0,0,,,,,151.163587131,1
publimetro_2015-11-13_20,23,none,,niblack,docling_rapidocr,llama,4,0,0,0,4,0.0,0.0,0.0,0,,,,,98.47076992,1
publimetro_2015-11-13_20,23,none,,none_color,docling_easyocr,llama,4,0,0,0,4,0.0,0.0,0.0,0,,,,,169.850485964,1
publimetro_2015-11-13_20,23,none,,none_color,docling_rapidocr,llama,4,0,0,0,4,0.0,0.0,0.0,0,,,,,108.952019138,1
publimetro_2015-11-13_20,23,none,,none_grayscale,docling_easyocr,llama,4,0,0,0,4,0.0,0.0,0.0,0,,,,,169.438544197,1
publimetro_2015-11-13_20,23,none,,none_grayscale,docling_rapidocr,llama,4,0,0,0,4,0.0,0.0,0.0,0,,,,,111.5420963,1
publimetro_2015-11-13_20,23,none,,otsu,docling_easyocr,llama,4,0,0,0,4,0.0,0.0,0.0,0,,,,,160.723355362,1
publimetro_2015-11-13_20,23,none,,otsu,docling_rapidocr,llama,4,0,0,0,4,0.0,0.0,0.0,0,,,,,105.017440149,1
publimetro_2015-11-13_20,24,none,,adaptive_gaussian,docling_easyocr,llama,4,0,0,0,4,0.0,0.0,0.0,0,,,,,66.659407448,1
publimetro_2015-11-13_20,24,none,,adaptive_gaussian,docling_rapidocr,llama,4,0,0,0,4,0.0,0.0,0.0,0,,,,,9.549442123,1
publimetro_2015-11-13_20,24,none,,adaptive_mean,docling_easyocr,llama,4,0,0,0,4,0.0,0.0,0.0,0,,,,,69.071207542,1
publimetro_2015-11-13_20,24,none,,adaptive_mean,docling_rapidocr,llama,4,0,0,0,4,0.0,0.0,0.0,0,,,,,11.487676878,1
publimetro_2015-11-13_20,24,none,,basic,docling_easyocr,llama,4,0,0,0,4,0.0,0.0,0.0,0,,,,,73.29540974,1
publimetro_2015-11-13_20,24,none,,basic,docling_rapidocr,llama,4,0,0,0,4,0.0,0.0,0.0,0,,,,,23.87444383,1
publimetro_2015-11-13_20,24,none,,niblack,docling_easyocr,llama,4,0,0,0,4,0.0,0.0,0.0,0,,,,,54.778928154,1
publimetro_2015-11-13_20,24,none,,niblack,docling_rapidocr,llama,4,0,0,0,4,0.0,0.0,0.0,0,,,,,10.783075207,1
publimetro_2015-11-13_20,24,none,,none_color,docling_easyocr,llama,4,0,0,0,4,0.0,0.0,0.0,0,,,,,73.615251457,1
publimetro_2015-11-13_20,24,none,,none_color,docling_rapidocr,llama,4,0,0,0,4,0.0,0.0,0.0,0,,,,,21.139376556,1
publimetro_2015-11-13_20,24,none,,none_grayscale,docling_easyocr,llama,4,0,0,0,4,0.0,0.0,0.0,0,,,,,81.543548811,1
publimetro_2015-11-13_20,24,none,,none_grayscale,docling_rapidocr,llama,4,0,0,0,4,0.0,0.0,0.0,0,,,,,24.113831985,1
publimetro_2015-11-13_20,24,none,,otsu,docling_easyocr,llama,4,0,0,0,4,0.0,0.0,0.0,0,,,,,72.197768106,1
publimetro_2015-11-13_20,24,none,,otsu,docling_rapidocr,llama,4,0,0,0,4,0.0,0.0,0.0,0,,,,,23.665863409,1
publimetro_2015-11-13_20,25,none,,adaptive_gaussian,docling_easyocr,llama,4,0,0,0,4,0.0,0.0,0.0,0,,,,,66.294505428,1
publimetro_2015-11-13_20,25,none,,adaptive_gaussian,docling_rapidocr,llama,4,0,0,0,4,0.0,0.0,0.0,0,,,,,10.471350502,1
publimetro_2015-11-13_20,25,none,,adaptive_mean,docling_easyocr,llama,4,0,0,0,4,0.0,0.0,0.0,0,,,,,64.668276329,1
publimetro_2015-11-13_20,25,none,,adaptive_mean,docling_rapidocr,llama,4,0,0,0,4,0.0,0.0,0.0,0,,,,,9.7200494,1
publimetro_2015-11-13_20,25,none,,basic,docling_easyocr,llama,4,0,0,0,4,0.0,0.0,0.0,0,,,,,81.883241476,1
publimetro_2015-11-13_20,25,none,,basic,docling_rapidocr,llama,4,0,0,0,4,0.0,0.0,0.0,0,,,,,23.895837606,1
publimetro_2015-11-13_20,25,none,,niblack,docling_easyocr,llama,4,0,0,0,4,0.0,0.0,0.0,0,,,,,63.780071682,1
publimetro_2015-11-13_20,25,none,,niblack,docling_rapidocr,llama,4,0,0,0,4,0.0,0.0,0.0,0,,,,,10.467873281,1
publimetro_2015-11-13_20,25,none,,none_color,docling_easyocr,llama,4,0,0,0,4,0.0,0.0,0.0,0,,,,,82.54013077,1
publimetro_2015-11-13_20,25,none,,none_color,docling_rapidocr,llama,4,0,0,0,4,0.0,0.0,0.0,0,,,,,22.887817776,1
publimetro_2015-11-13_20,25,none,,none_grayscale,docling_easyocr,llama,4,0,0,0,4,0.0,0.0,0.0,0,,,,,82.924910295,1
publimetro_2015-11-13_20,25,none,,none_grayscale,docling_rapidocr,llama,4,0,0,0,4,0.0,0.0,0.0,0,,,,,22.536102283,1
publimetro_2015-11-13_20,25,none,,otsu,docling_easyocr,llama,4,0,0,0,4,0.0,0.0,0.0,0,,,,,74.382609262,1
publimetro_2015-11-13_20,25,none,,otsu,docling_rapidocr,llama,4,0,0,0,4,0.0,0.0,0.0,0,,,,,24.204816475,1
publimetro_2015-11-13_20,26,none,,adaptive_gaussian,docling_easyocr,llama,4,0,0,0,4,0.0,0.0,0.0,0,,,,,66.874841833,1
publimetro_2015-11-13_20,26,none,,adaptive_gaussian,docling_rapidocr,llama,4,0,0,0,4,0.0,0.0,0.0,0,,,,,10.481178665,1
publimetro_2015-11-13_20,26,none,,adaptive_mean,docling_easyocr,llama,4,0,0,0,4,0.0,0.0,0.0,0,,,,,57.771259399,1
publimetro_2015-11-13_20,26,none,,adaptive_mean,docling_rapidocr,llama,4,0,0,0,4,0.0,0.0,0.0,0,,,,,11.112608047,1
publimetro_2015-11-13_20,26,none,,basic,docling_easyocr,llama,4,0,0,0,4,0.0,0.0,0.0,0,,,,,71.132172241,1
publimetro_2015-11-13_20,26,none,,basic,docling_rapidocr,llama,4,0,0,0,4,0.0,0.0,0.0,0,,,,,22.490664854,1
publimetro_2015-11-13_20,26,none,,niblack,docling_easyocr,llama,4,0,0,0,4,0.0,0.0,0.0,0,,,,,63.28189406,1
publimetro_2015-11-13_20,26,none,,niblack,docling_rapidocr,llama,4,0,0,0,4,0.0,0.0,0.0,0,,,,,8.882308574,1
publimetro_2015-11-13_20,26,none,,none_color,docling_easyocr,llama,4,0,0,0,4,0.0,0.0,0.0,0,,,,,70.994569601,1
publimetro_2015-11-13_20,26,none,,none_color,docling_rapidocr,llama,4,0,0,0,4,0.0,0.0,0.0,0,,,,,24.122294963,1
publimetro_2015-11-13_20,26,none,,none_grayscale,docling_easyocr,llama,4,0,0,0,4,0.0,0.0,0.0,0,,,,,83.551941455,1
publimetro_2015-11-13_20,26,none,,none_grayscale,docling_rapidocr,llama,4,0,0,0,4,0.0,0.0,0.0,0,,,,,23.064930023,1
publimetro_2015-11-13_20,26,none,,otsu,docling_easyocr,llama,4,0,0,0,4,0.0,0.0,0.0,0,,,,,84.644184318,1
publimetro_2015-11-13_20,26,none,,otsu,docling_rapidocr,llama,4,0,0,0,4,0.0,0.0,0.0,0,,,,,23.620176283,1
publimetro_2015-11-13_20,27,none,,adaptive_gaussian,docling_easyocr,llama,4,0,0,0,4,0.0,0.0,0.0,0,,,,,79.061352893,1
publimetro_2015-11-13_20,27,none,,adaptive_gaussian,docling_rapidocr,llama,4,0,0,0,4,0.0,0.0,0.0,0,,,,,13.153833315,1
publimetro_2015-11-13_20,27,none,,adaptive_mean,docling_easyocr,llama,4,0,0,0,4,0.0,0.0,0.0,0,,,,,78.05642585,1
publimetro_2015-11-13_20,27,none,,adaptive_mean,docling_rapidocr,llama,4,0,0,0,4,0.0,0.0,0.0,0,,,,,14.569076816,1
publimetro_2015-11-13_20,27,none,,basic,docling_easyocr,llama,4,0,0,0,4,0.0,0.0,0.0,0,,,,,72.845674835,1
publimetro_2015-11-13_20,27,none,,basic,docling_rapidocr,llama,4,0,0,0,4,0.0,0.0,0.0,0,,,,,19.456904731,1
publimetro_2015-11-13_20,27,none,,niblack,docling_easyocr,llama,4,0,0,0,4,0.0,0.0,0.0,0,,,,,63.656426895,1
publimetro_2015-11-13_20,27,none,,niblack,docling_rapidocr,llama,4,0,0,0,4,0.0,0.0,0.0,0,,,,,10.755813348,1
publimetro_2015-11-13_20,27,none,,none_color,docling_easyocr,llama,4,0,0,0,4,0.0,0.0,0.0,0,,,,,75.622683296,1
publimetro_2015-11-13_20,27,none,,none_color,docling_rapidocr,llama,4,0,0,0,4,0.0,0.0,0.0,0,,,,,23.046700964,1
publimetro_2015-11-13_20,27,none,,none_grayscale,docling_easyocr,llama,4,0,0,0,4,0.0,0.0,0.0,0,,,,,81.568631731,1
publimetro_2015-11-13_20,27,none,,none_grayscale,docling_rapidocr,llama,4,0,0,0,4,0.0,0.0,0.0,0,,,,,19.455944381,1
publimetro_2015-11-13_20,27,none,,otsu,docling_easyocr,llama,4,0,0,0,4,0.0,0.0,0.0,0,,,,,81.315612709,1
publimetro_2015-11-13_20,27,none,,otsu,docling_rapidocr,llama,4,0,0,0,4,0.0,0.0,0.0,0,,,,,23.425392067,1
publimetro_2015-11-13_20,28,none,,adaptive_gaussian,docling_easyocr,llama,4,0,0,0,4,0.0,0.0,0.0,0,,,,,65.09002676,1
publimetro_2015-11-13_20,28,none,,adaptive_gaussian,docling_rapidocr,llama,4,0,0,0,4,0.0,0.0,0.0,0,,,,,9.222125673,1
publimetro_2015-11-13_20,28,none,,adaptive_mean,docling_easyocr,llama,4,0,0,0,4,0.0,0.0,0.0,0,,,,,70.378143163,1
publimetro_2015-11-13_20,28,none,,adaptive_mean,docling_rapidocr,llama,4,0,0,0,4,0.0,0.0,0.0,0,,,,,10.781962247,1
publimetro_2015-11-13_20,28,none,,basic,docling_easyocr,llama,4,0,0,0,4,0.0,0.0,0.0,0,,,,,81.871182813,1
publimetro_2015-11-13_20,28,none,,basic,docling_rapidocr,llama,4,0,0,0,4,0.0,0.0,0.0,0,,,,,22.893623008,1
publimetro_2015-11-13_20,28,none,,niblack,docling_easyocr,llama,4,0,0,0,4,0.0,0.0,0.0,0,,,,,63.282966156,1
publimetro_2015-11-13_20,28,none,,niblack,docling_rapidocr,llama,4,0,0,0,4,0.0,0.0,0.0,0,,,,,9.816118021,1
publimetro_2015-11-13_20,28,none,,none_color,docling_easyocr,llama,4,0,0,0,4,0.0,0.0,0.0,0,,,,,81.155464161,1
publimetro_2015-11-13_20,28,none,,none_color,docling_rapidocr,llama,4,0,0,0,4,0.0,0.0,0.0,0,,,,,23.167579877,1
publimetro_2015-11-13_20,28,none,,none_grayscale,docling_easyocr,llama,4,0,0,0,4,0.0,0.0,0.0,0,,,,,71.255082906,1
publimetro_2015-11-13_20,28,none,,none_grayscale,docling_rapidocr,llama,4,0,0,0,4,0.0,0.0,0.0,0,,,,,22.787707866,1
publimetro_2015-11-13_20,28,none,,otsu,docling_easyocr,llama,4,0,0,0,4,0.0,0.0,0.0,0,,,,,77.212802377,1
publimetro_2015-11-13_20,28,none,,otsu,docling_rapidocr,llama,4,0,0,0,4,0.0,0.0,0.0,0,,,,,21.735013691,1
publimetro_2015-11-13_20,29,none,,adaptive_gaussian,docling_easyocr,llama,4,0,0,0,4,0.0,0.0,0.0,0,,,,,79.019661258,1
publimetro_2015-11-13_20,29,none,,adaptive_gaussian,docling_rapidocr,llama,4,0,0,0,4,0.0,0.0,0.0,0,,,,,12.19226272,1
publimetro_2015-11-13_20,29,none,,adaptive_mean,docling_easyocr,llama,4,0,0,0,4,0.0,0.0,0.0,0,,,,,78.201062936,1
publimetro_2015-11-13_20,29,none,,adaptive_mean,docling_rapidocr,llama,4,0,0,0,4,0.0,0.0,0.0,0,,,,,12.623887558,1
publimetro_2015-11-13_20,29,none,,basic,docling_easyocr,llama,4,0,0,0,4,0.0,0.0,0.0,0,,,,,76.26772672,1
publimetro_2015-11-13_20,29,none,,basic,docling_rapidocr,llama,4,0,0,0,4,0.0,0.0,0.0,0,,,,,22.568309368,1
publimetro_2015-11-13_20,29,none,,niblack,docling_easyocr,llama,4,0,0,0,4,0.0,0.0,0.0,0,,,,,63.127791818,1
publimetro_2015-11-13_20,29,none,,niblack,docling_rapidocr,llama,4,0,0,0,4,0.0,0.0,0.0,0,,,,,10.548769411,1
publimetro_2015-11-13_20,29,none,,none_color,docling_easyocr,llama,4,0,0,0,4,0.0,0.0,0.0,0,,,,,82.038282144,1
publimetro_2015-11-13_20,29,none,,none_color,docling_rapidocr,llama,4,0,0,0,4,0.0,0.0,0.0,0,,,,,23.374826658,1
publimetro_2015-11-13_20,29,none,,none_grayscale,docling_easyocr,llama,4,0,0,0,4,0.0,0.0,0.0,0,,,,,82.920099723,1
publimetro_2015-11-13_20,29,none,,none_grayscale,docling_rapidocr,llama,4,0,0,0,4,0.0,0.0,0.0,0,,,,,23.535704362,1
publimetro_2015-11-13_20,29,none,,otsu,docling_easyocr,llama,4,0,0,0,4,0.0,0.0,0.0,0,,,,,71.813031568,1
publimetro_2015-11-13_20,29,none,,otsu,docling_rapidocr,llama,4,0,0,0,4,0.0,0.0,0.0,0,,,,,22.666187658,1
publimetro_2015-11-13_20,30,none,,adaptive_gaussian,docling_easyocr,llama,4,0,0,0,4,0.0,0.0,0.0,0,,,,,77.17338727,1
publimetro_2015-11-13_20,30,none,,adaptive_gaussian,docling_rapidocr,llama,4,0,0,0,4,0.0,0.0,0.0,0,,,,,14.45256422,1
publimetro_2015-11-13_20,30,none,,adaptive_mean,docling_easyocr,llama,4,0,0,0,4,0.0,0.0,0.0,0,,,,,66.322729112,1
publimetro_2015-11-13_20,30,none,,adaptive_mean,docling_rapidocr,llama,4,0,0,0,4,0.0,0.0,0.0,0,,,,,11.059083225,1
publimetro_2015-11-13_20,30,none,,basic,docling_easyocr,llama,4,0,0,0,4,0.0,0.0,0.0,0,,,,,81.160141916,1
publimetro_2015-11-13_20,30,none,,basic,docling_rapidocr,llama,4,0,0,0,4,0.0,0.0,0.0,0,,,,,16.260034771,1
publimetro_2015-11-13_20,30,none,,niblack,docling_easyocr,llama,4,0,0,0,4,0.0,0.0,0.0,0,,,,,58.139370391,1
publimetro_2015-11-13_20,30,none,,niblack,docling_rapidocr,llama,4,0,0,0,4,0.0,0.0,0.0,0,,,,,10.93228955,1
publimetro_2015-11-13_20,30,none,,none_color,docling_easyocr,llama,4,0,0,0,4,0.0,0.0,0.0,0,,,,,80.009013479,1
publimetro_2015-11-13_20,30,none,,none_color,docling_rapidocr,llama,4,0,0,0,4,0.0,0.0,0.0,0,,,,,18.597890918,1
publimetro_2015-11-13_20,30,none,,none_grayscale,docling_easyocr,llama,4,0,0,0,4,0.0,0.0,0.0,0,,,,,80.060284513,1
publimetro_2015-11-13_20,30,none,,none_grayscale,docling_rapidocr,llama,4,0,0,0,4,0.0,0.0,0.0,0,,,,,22.098159212,1
publimetro_2015-11-13_20,30,none,,otsu,docling_easyocr,llama,4,0,0,0,4,0.0,0.0,0.0,0,,,,,69.834268137,1
publimetro_2015-11-13_20,30,none,,otsu,docling_rapidocr,llama,4,0,0,0,4,0.0,0.0,0.0,0,,,,,16.328762336,1
publimetro_2015-11-13_20,31,none,,adaptive_gaussian,docling_easyocr,llama,4,0,0,0,4,0.0,0.0,0.0,0,,,,,78.962755785,1
publimetro_2015-11-13_20,31,none,,adaptive_gaussian,docling_rapidocr,llama,4,0,0,0,4,0.0,0.0,0.0,0,,,,,11.87175332,1
publimetro_2015-11-13_20,31,none,,adaptive_mean,docling_easyocr,llama,4,0,0,0,4,0.0,0.0,0.0,0,,,,,71.129568796,1
publimetro_2015-11-13_20,31,none,,adaptive_mean,docling_rapidocr,llama,4,0,0,0,4,0.0,0.0,0.0,0,,,,,11.736917715,1
publimetro_2015-11-13_20,31,none,,basic,docling_easyocr,llama,4,0,0,0,4,0.0,0.0,0.0,0,,,,,83.108661197,1
publimetro_2015-11-13_20,31,none,,basic,docling_rapidocr,llama,4,0,0,0,4,0.0,0.0,0.0,0,,,,,19.40353372,1
publimetro_2015-11-13_20,31,none,,niblack,docling_easyocr,llama,4,0,0,0,4,0.0,0.0,0.0,0,,,,,57.54983814,1
publimetro_2015-11-13_20,31,none,,niblack,docling_rapidocr,llama,4,0,0,0,4,0.0,0.0,0.0,0,,,,,11.020956352,1
publimetro_2015-11-13_20,31,none,,none_color,docling_easyocr,llama,4,0,0,0,4,0.0,0.0,0.0,0,,,,,81.54531705,1
publimetro_2015-11-13_20,31,none,,none_color,docling_rapidocr,llama,4,0,0,0,4,0.0,0.0,0.0,0,,,,,19.096552011,1
publimetro_2015-11-13_20,31,none,,none_grayscale,docling_easyocr,llama,4,0,0,0,4,0.0,0.0,0.0,0,,,,,82.254443357,1
publimetro_2015-11-13_20,31,none,,none_grayscale,docling_rapidocr,llama,4,0,0,0,4,0.0,0.0,0.0,0,,,,,22.840370367,1
publimetro_2015-11-13_20,31,none,,otsu,docling_easyocr,llama,4,0,0,0,4,0.0,0.0,0.0,0,,,,,83.79619131,1
publimetro_2015-11-13_20,31,none,,otsu,docling_rapidocr,llama,4,0,0,0,4,0.0,0.0,0.0,0,,,,,21.35556612,1
publimetro_2015-11-13_20,32,none,,adaptive_gaussian,docling_easyocr,llama,4,0,0,0,4,0.0,0.0,0.0,0,,,,,67.025464494,1
publimetro_2015-11-13_20,32,none,,adaptive_gaussian,docling_rapidocr,llama,4,0,0,0,4,0.0,0.0,0.0,0,,,,,12.333613832,1
publimetro_2015-11-13_20,32,none,,adaptive_mean,docling_easyocr,llama,4,0,0,0,4,0.0,0.0,0.0,0,,,,,64.894728641,1
publimetro_2015-11-13_20,32,none,,adaptive_mean,docling_rapidocr,llama,4,0,0,0,4,0.0,0.0,0.0,0,,,,,10.977480869,1
publimetro_2015-11-13_20,32,none,,basic,docling_easyocr,llama,4,0,0,0,4,0.0,0.0,0.0,0,,,,,80.713952087,1
publimetro_2015-11-13_20,32,none,,basic,docling_rapidocr,llama,4,0,0,0,4,0.0,0.0,0.0,0,,,,,15.335410379,1
publimetro_2015-11-13_20,32,none,,niblack,docling_easyocr,llama,4,0,0,0,4,0.0,0.0,0.0,0,,,,,64.232046295,1
publimetro_2015-11-13_20,32,none,,niblack,docling_rapidocr,llama,4,0,0,0,4,0.0,0.0,0.0,0,,,,,11.037029911,1
publimetro_2015-11-13_20,32,none,,none_color,docling_easyocr,llama,4,0,0,0,4,0.0,0.0,0.0,0,,,,,78.382758567,1
publimetro_2015-11-13_20,32,none,,none_color,docling_rapidocr,llama,4,0,0,0,4,0.0,0.0,0.0,0,,,,,20.540057371,1
publimetro_2015-11-13_20,32,none,,none_grayscale,docling_easyocr,llama,4,0,0,0,4,0.0,0.0,0.0,0,,,,,77.605780551,1
publimetro_2015-11-13_20,32,none,,none_grayscale,docling_rapidocr,llama,4,0,0,0,4,0.0,0.0,0.0,0,,,,,21.502278993,1
publimetro_2015-11-13_20,32,none,,otsu,docling_easyocr,llama,4,0,0,0,4,0.0,0.0,0.0,0,,,,,68.679937458,1
publimetro_2015-11-13_20,32,none,,otsu,docling_rapidocr,llama,4,0,0,0,4,0.0,0.0,0.0,0,,,,,17.656179761,1
publimetro_2015-11-13_20,33,none,,adaptive_gaussian,docling_easyocr,llama,4,0,0,0,4,0.0,0.0,0.0,0,,,,,79.689109544,1
publimetro_2015-11-13_20,33,none,,adaptive_gaussian,docling_rapidocr,llama,4,0,0,0,4,0.0,0.0,0.0,0,,,,,15.173158149,1
publimetro_2015-11-13_20,33,none,,adaptive_mean,docling_easyocr,llama,4,0,0,0,4,0.0,0.0,0.0,0,,,,,72.276298763,1
publimetro_2015-11-13_20,33,none,,adaptive_mean,docling_rapidocr,llama,4,0,0,0,4,0.0,0.0,0.0,0,,,,,11.749327423,1
publimetro_2015-11-13_20,33,none,,basic,docling_easyocr,llama,4,0,0,0,4,0.0,0.0,0.0,0,,,,,65.818020864,1
publimetro_2015-11-13_20,33,none,,basic,docling_rapidocr,llama,4,0,0,0,4,0.0,0.0,0.0,0,,,,,17.53593926,1
publimetro_2015-11-13_20,33,none,,niblack,docling_easyocr,llama,4,0,0,0,4,0.0,0.0,0.0,0,,,,,63.48978219,1
publimetro_2015-11-13_20,33,none,,niblack,docling_rapidocr,llama,4,0,0,0,4,0.0,0.0,0.0,0,,,,,11.233530855,1
publimetro_2015-11-13_20,33,none,,none_color,docling_easyocr,llama,4,0,0,0,4,0.0,0.0,0.0,0,,,,,72.466249364,1
publimetro_2015-11-13_20,33,none,,none_color,docling_rapidocr,llama,4,0,0,0,4,0.0,0.0,0.0,0,,,,,22.005523819,1
publimetro_2015-11-13_20,33,none,,none_grayscale,docling_easyocr,llama,4,0,0,0,4,0.0,0.0,0.0,0,,,,,79.871177883,1
publimetro_2015-11-13_20,33,none,,none_grayscale,docling_rapidocr,llama,4,0,0,0,4,0.0,0.0,0.0,0,,,,,22.323441476,1
publimetro_2015-11-13_20,33,none,,otsu,docling_easyocr,llama,4,0,0,0,4,0.0,0.0,0.0,0,,,,,69.681338903,1
publimetro_2015-11-13_20,33,none,,otsu,docling_rapidocr,llama,4,0,0,0,4,0.0,0.0,0.0,0,,,,,21.507205841,1
publimetro_2015-11-13_20,34,none,,adaptive_gaussian,docling_easyocr,llama,4,0,0,0,4,0.0,0.0,0.0,0,,,,,79.972243678,1
publimetro_2015-11-13_20,34,none,,adaptive_gaussian,docling_rapidocr,llama,4,0,0,0,4,0.0,0.0,0.0,0,,,,,13.548813712,1
publimetro_2015-11-13_20,34,none,,adaptive_mean,docling_easyocr,llama,4,0,0,0,4,0.0,0.0,0.0,0,,,,,77.501380927,1
publimetro_2015-11-13_20,34,none,,adaptive_mean,docling_rapidocr,llama,4,0,0,0,4,0.0,0.0,0.0,0,,,,,13.714355713,1
publimetro_2015-11-13_20,34,none,,basic,docling_easyocr,llama,4,0,0,0,4,0.0,0.0,0.0,0,,,,,70.904389906,1
publimetro_2015-11-13_20,34,none,,basic,docling_rapidocr,llama,4,0,0,0,4,0.0,0.0,0.0,0,,,,,22.992551137,1
publimetro_2015-11-13_20,34,none,,niblack,docling_easyocr,llama,4,0,0,0,4,0.0,0.0,0.0,0,,,,,63.736918622,1
publimetro_2015-11-13_20,34,none,,niblack,docling_rapidocr,llama,4,0,0,0,4,0.0,0.0,0.0,0,,,,,10.901992732,1
publimetro_2015-11-13_20,34,none,,none_color,docling_easyocr,llama,4,0,0,0,4,0.0,0.0,0.0,0,,,,,69.423764609,1
publimetro_2015-11-13_20,34,none,,none_color,docling_rapidocr,llama,4,0,0,0,4,0.0,0.0,0.0,0,,,,,20.867967032,1
publimetro_2015-11-13_20,34,none,,none_grayscale,docling_easyocr,llama,4,0,0,0,4,0.0,0.0,0.0,0,,,,,67.787385678,1
publimetro_2015-11-13_20,34,none,,none_grayscale,docling_rapidocr,llama,4,0,0,0,4,0.0,0.0,0.0,0,,,,,22.923348879,1
publimetro_2015-11-13_20,34,none,,otsu,docling_easyocr,llama,4,0,0,0,4,0.0,0.0,0.0,0,,,,,81.508920075,1
publimetro_2015-11-13_20,34,none,,otsu,docling_rapidocr,llama,4,0,0,0,4,0.0,0.0,0.0,0,,,,,22.63192928,1
publimetro_2015-11-13_20,35,none,,adaptive_gaussian,docling_easyocr,llama,4,0,0,0,4,0.0,0.0,0.0,0,,,,,79.100747954,1
publimetro_2015-11-13_20,35,none,,adaptive_gaussian,docling_rapidocr,llama,4,0,0,0,4,0.0,0.0,0.0,0,,,,,15.086375844,1
publimetro_2015-11-13_20,35,none,,adaptive_mean,docling_easyocr,llama,4,0,0,0,4,0.0,0.0,0.0,0,,,,,70.625946839,1
publimetro_2015-11-13_20,35,none,,adaptive_mean,docling_rapidocr,llama,4,0,0,0,4,0.0,0.0,0.0,0,,,,,12.414430697,1
publimetro_2015-11-13_20,35,none,,basic,docling_easyocr,llama,4,0,0,0,4,0.0,0.0,0.0,0,,,,,80.740984965,1
publimetro_2015-11-13_20,35,none,,basic,docling_rapidocr,llama,4,0,0,0,4,0.0,0.0,0.0,0,,,,,13.499740649,1
publimetro_2015-11-13_20,35,none,,niblack,docling_easyocr,llama,4,0,0,0,4,0.0,0.0,0.0,0,,,,,64.411778384,1
publimetro_2015-11-13_20,35,none,,niblack,docling_rapidocr,llama,4,0,0,0,4,0.0,0.0,0.0,0,,,,,11.340545111,1
publimetro_2015-11-13_20,35,none,,none_color,docling_easyocr,llama,4,0,0,0,4,0.0,0.0,0.0,0,,,,,69.403554415,1
publimetro_2015-11-13_20,35,none,,none_color,docling_rapidocr,llama,4,0,0,0,4,0.0,0.0,0.0,0,,,,,19.333986496,1
publimetro_2015-11-13_20,35,none,,none_grayscale,docling_easyocr,llama,4,0,0,0,4,0.0,0.0,0.0,0,,,,,80.63322494,1
publimetro_2015-11-13_20,35,none,,none_grayscale,docling_rapidocr,llama,4,0,0,0,4,0.0,0.0,0.0,0,,,,,20.045454716,1
publimetro_2015-11-13_20,35,none,,otsu,docling_easyocr,llama,4,0,0,0,4,0.0,0.0,0.0,0,,,,,81.490846039,1
publimetro_2015-11-13_20,35,none,,otsu,docling_rapidocr,llama,4,0,0,0,4,0.0,0.0,0.0,0,,,,,21.114714505,1
publimetro_2015-11-13_20,36,none,,adaptive_gaussian,docling_easyocr,llama,4,0,0,0,4,0.0,0.0,0.0,0,,,,,75.074965172,1
publimetro_2015-11-13_20,36,none,,adaptive_gaussian,docling_rapidocr,llama,4,0,0,0,4,0.0,0.0,0.0,0,,,,,12.759897166,1
publimetro_2015-11-13_20,36,none,,adaptive_mean,docling_easyocr,llama,4,0,0,0,4,0.0,0.0,0.0,0,,,,,73.137052346,1
publimetro_2015-11-13_20,36,none,,adaptive_mean,docling_rapidocr,llama,4,0,0,0,4,0.0,0.0,0.0,0,,,,,9.756878186,1
publimetro_2015-11-13_20,36,none,,basic,docling_easyocr,llama,4,0,0,0,4,0.0,0.0,0.0,0,,,,,82.603573651,1
publimetro_2015-11-13_20,36,none,,basic,docling_rapidocr,llama,4,0,0,0,4,0.0,0.0,0.0,0,,,,,17.587831111,1
publimetro_2015-11-13_20,36,none,,niblack,docling_easyocr,llama,4,0,0,0,4,0.0,0.0,0.0,0,,,,,63.3619698,1
publimetro_2015-11-13_20,36,none,,niblack,docling_rapidocr,llama,4,0,0,0,4,0.0,0.0,0.0,0,,,,,10.967699141,1
publimetro_2015-11-13_20,36,none,,none_color,docling_easyocr,llama,4,0,0,0,4,0.0,0.0,0.0,0,,,,,81.490085547,1
publimetro_2015-11-13_20,36,none,,none_color,docling_rapidocr,llama,4,0,0,0,4,0.0,0.0,0.0,0,,,,,23.976611321,1
publimetro_2015-11-13_20,36,none,,none_grayscale,docling_easyocr,llama,4,0,0,0,4,0.0,0.0,0.0,0,,,,,81.72400071,1
publimetro_2015-11-13_20,36,none,,none_grayscale,docling_rapidocr,llama,4,0,0,0,4,0.0,0.0,0.0,0,,,,,23.585502642,1
publimetro_2015-11-13_20,36,none,,otsu,docling_easyocr,llama,4,0,0,0,4,0.0,0.0,0.0,0,,,,,81.224133177,1
publimetro_2015-11-13_20,36,none,,otsu,docling_rapidocr,llama,4,0,0,0,4,0.0,0.0,0.0,0,,,,,20.791536017,1
publimetro_2015-11-13_20,37,none,,adaptive_gaussian,docling_easyocr,llama,4,0,0,0,4,0.0,0.0,0.0,0,,,,,69.915076003,1
publimetro_2015-11-13_20,37,none,,adaptive_gaussian,docling_rapidocr,llama,4,0,0,0,4,0.0,0.0,0.0,0,,,,,10.735957846,1
publimetro_2015-11-13_20,37,none,,adaptive_mean,docling_easyocr,llama,4,0,0,0,4,0.0,0.0,0.0,0,,,,,62.541780571,1
publimetro_2015-11-13_20,37,none,,adaptive_mean,docling_rapidocr,llama,4,0,0,0,4,0.0,0.0,0.0,0,,,,,11.957955222,1
publimetro_2015-11-13_20,37,none,,basic,docling_easyocr,llama,4,0,0,0,4,0.0,0.0,0.0,0,,,,,72.973771714,1
publimetro_2015-11-13_20,37,none,,basic,docling_rapidocr,llama,4,0,0,0,4,0.0,0.0,0.0,0,,,,,21.045434378,1
publimetro_2015-11-13_20,37,none,,niblack,docling_easyocr,llama,4,0,0,0,4,0.0,0.0,0.0,0,,,,,62.614417124,1
publimetro_2015-11-13_20,37,none,,niblack,docling_rapidocr,llama,4,0,0,0,4,0.0,0.0,0.0,0,,,,,9.36956935,1
publimetro_2015-11-13_20,37,none,,none_color,docling_easyocr,llama,4,0,0,0,4,0.0,0.0,0.0,0,,,,,82.409775492,1
publimetro_2015-11-13_20,37,none,,none_color,docling_rapidocr,llama,4,0,0,0,4,0.0,0.0,0.0,0,,,,,20.513140437,1
publimetro_2015-11-13_20,37,none,,none_grayscale,docling_easyocr,llama,4,0,0,0,4,0.0,0.0,0.0,0,,,,,82.803481171,1
publimetro_2015-11-13_20,37,none,,none_grayscale,docling_rapidocr,llama,4,0,0,0,4,0.0,0.0,0.0,0,,,,,22.798193762,1
publimetro_2015-11-13_20,37,none,,otsu,docling_easyocr,llama,4,0,0,0,4,0.0,0.0,0.0,0,,,,,73.092367148,1
publimetro_2015-11-13_20,37,none,,otsu,docling_rapidocr,llama,4,0,0,0,4,0.0,0.0,0.0,0,,,,,21.590493178,1
publimetro_2015-11-13_20,38,none,,adaptive_gaussian,docling_easyocr,llama,4,0,0,0,4,0.0,0.0,0.0,0,,,,,76.076173865,1
publimetro_2015-11-13_20,38,none,,adaptive_gaussian,docling_rapidocr,llama,4,0,0,0,4,0.0,0.0,0.0,0,,,,,13.78869375,1
publimetro_2015-11-13_20,38,none,,adaptive_mean,docling_easyocr,llama,4,0,0,0,4,0.0,0.0,0.0,0,,,,,70.552317651,1
publimetro_2015-11-13_20,38,none,,adaptive_mean,docling_rapidocr,llama,4,0,0,0,4,0.0,0.0,0.0,0,,,,,9.524798902,1
publimetro_2015-11-13_20,38,none,,basic,docling_easyocr,llama,4,0,0,0,4,0.0,0.0,0.0,0,,,,,80.914103343,1
publimetro_2015-11-13_20,38,none,,basic,docling_rapidocr,llama,4,0,0,0,4,0.0,0.0,0.0,0,,,,,15.547078445,1
publimetro_2015-11-13_20,38,none,,niblack,docling_easyocr,llama,4,0,0,0,4,0.0,0.0,0.0,0,,,,,63.890613753,1
publimetro_2015-11-13_20,38,none,,niblack,docling_rapidocr,llama,4,0,0,0,4,0.0,0.0,0.0,0,,,,,10.168369491,1
publimetro_2015-11-13_20,38,none,,none_color,docling_easyocr,llama,4,0,0,0,4,0.0,0.0,0.0,0,,,,,81.571943523,1
publimetro_2015-11-13_20,38,none,,none_color,docling_rapidocr,llama,4,0,0,0,4,0.0,0.0,0.0,0,,,,,20.92721367,1
publimetro_2015-11-13_20,38,none,,none_grayscale,docling_easyocr,llama,4,0,0,0,4,0.0,0.0,0.0,0,,,,,79.992560626,1
publimetro_2015-11-13_20,38,none,,none_grayscale,docling_rapidocr,llama,4,0,0,0,4,0.0,0.0,0.0,0,,,,,23.84421301,1
publimetro_2015-11-13_20,38,none,,otsu,docling_easyocr,llama,4,0,0,0,4,0.0,0.0,0.0,0,,,,,78.874575999,1
publimetro_2015-11-13_20,38,none,,otsu,docling_rapidocr,llama,4,0,0,0,4,0.0,0.0,0.0,0,,,,,18.502043155,1
publimetro_2015-11-13_20,39,none,,adaptive_gaussian,docling_easyocr,llama,4,0,0,0,4,0.0,0.0,0.0,0,,,,,110.938479913,1
publimetro_2015-11-13_20,39,none,,adaptive_gaussian,docling_rapidocr,llama,4,0,0,0,4,0.0,0.0,0.0,0,,,,,45.204383624,1
publimetro_2015-11-13_20,39,none,,adaptive_mean,docling_easyocr,llama,4,0,0,0,4,0.0,0.0,0.0,0,,,,,102.154281339,1
publimetro_2015-11-13_20,39,none,,adaptive_mean,docling_rapidocr,llama,4,0,0,0,4,0.0,0.0,0.0,0,,,,,46.593302211,1
publimetro_2015-11-13_20,39,none,,basic,docling_easyocr,llama,4,0,0,0,4,0.0,0.0,0.0,0,,,,,113.357553247,1
publimetro_2015-11-13_20,39,none,,basic,docling_rapidocr,llama,4,0,0,0,4,0.0,0.0,0.0,0,,,,,51.352359059,1
publimetro_2015-11-13_20,39,none,,niblack,docling_easyocr,llama,4,0,0,0,4,0.0,0.0,0.0,0,,,,,86.015690236,1
publimetro_2015-11-13_20,39,none,,niblack,docling_rapidocr,llama,4,0,0,0,4,0.0,0.0,0.0,0,,,,,42.523767142,1
publimetro_2015-11-13_20,39,none,,none_color,docling_easyocr,llama,4,0,0,0,4,0.0,0.0,0.0,0,,,,,115.554724551,1
publimetro_2015-11-13_20,39,none,,none_color,docling_rapidocr,llama,4,0,0,0,4,0.0,0.0,0.0,0,,,,,56.133710004,1
publimetro_2015-11-13_20,39,none,,none_grayscale,docling_easyocr,llama,4,0,0,0,4,0.0,0.0,0.0,0,,,,,113.924328258,1
publimetro_2015-11-13_20,39,none,,none_grayscale,docling_rapidocr,llama,4,0,0,0,4,0.0,0.0,0.0,0,,,,,54.630467345,1
publimetro_2015-11-13_20,39,none,,otsu,docling_easyocr,llama,4,0,0,0,4,0.0,0.0,0.0,0,,,,,113.343911962,1
publimetro_2015-11-13_20,39,none,,otsu,docling_rapidocr,llama,4,0,0,0,4,0.0,0.0,0.0,0,,,,,55.959031419,1
publimetro_2015-11-13_20,40,none,,adaptive_gaussian,docling_easyocr,llama,4,0,0,0,4,0.0,0.0,0.0,0,,,,,88.799787631,1
publimetro_2015-11-13_20,40,none,,adaptive_gaussian,docling_rapidocr,llama,4,0,0,0,4,0.0,0.0,0.0,0,,,,,42.689571967,1
publimetro_2015-11-13_20,40,none,,adaptive_mean,docling_easyocr,llama,4,0,0,0,4,0.0,0.0,0.0,0,,,,,103.649566398,1
publimetro_2015-11-13_20,40,none,,adaptive_mean,docling_rapidocr,llama,4,0,0,0,4,0.0,0.0,0.0,0,,,,,42.866135821,1
publimetro_2015-11-13_20,40,none,,basic,docling_easyocr,llama,4,0,0,0,4,0.0,0.0,0.0,0,,,,,114.52371767,1
publimetro_2015-11-13_20,40,none,,basic,docling_rapidocr,llama,4,0,0,0,4,0.0,0.0,0.0,0,,,,,55.045769958,1
publimetro_2015-11-13_20,40,none,,niblack,docling_easyocr,llama,4,0,0,0,4,0.0,0.0,0.0,0,,,,,95.414711389,1
publimetro_2015-11-13_20,40,none,,niblack,docling_rapidocr,llama,4,0,0,0,4,0.0,0.0,0.0,0,,,,,43.061244163,1
publimetro_2015-11-13_20,40,none,,none_color,docling_easyocr,llama,4,0,0,0,4,0.0,0.0,0.0,0,,,,,112.896569373,1
publimetro_2015-11-13_20,40,none,,none_color,docling_rapidocr,llama,4,0,0,0,4,0.0,0.0,0.0,0,,,,,51.152760627,1
publimetro_2015-11-13_20,40,none,,none_grayscale,docling_easyocr,llama,4,0,0,0,4,0.0,0.0,0.0,0,,,,,103.531635717,1
publimetro_2015-11-13_20,40,none,,none_grayscale,docling_rapidocr,llama,4,0,0,0,4,0.0,0.0,0.0,0,,,,,54.709119514,1
publimetro_2015-11-13_20,40,none,,otsu,docling_easyocr,llama,4,0,0,0,4,0.0,0.0,0.0,0,,,,,115.408714633,1
publimetro_2015-11-13_20,40,none,,otsu,docling_rapidocr,llama,4,0,0,0,4,0.0,0.0,0.0,0,,,,,54.528668504,1
publimetro_2015-11-13_20,41,none,,adaptive_gaussian,docling_easyocr,llama,4,0,0,0,4,0.0,0.0,0.0,0,,,,,100.046647109,1
publimetro_2015-11-13_20,41,none,,adaptive_gaussian,docling_rapidocr,llama,4,0,0,0,4,0.0,0.0,0.0,0,,,,,46.874003448,1
publimetro_2015-11-13_20,41,none,,adaptive_mean,docling_easyocr,llama,4,0,0,0,4,0.0,0.0,0.0,0,,,,,110.570588647,1
publimetro_2015-11-13_20,41,none,,adaptive_mean,docling_rapidocr,llama,4,0,0,0,4,0.0,0.0,0.0,0,,,,,46.797926246,1
publimetro_2015-11-13_20,41,none,,basic,docling_easyocr,llama,4,0,0,0,4,0.0,0.0,0.0,0,,,,,106.097967486,1
publimetro_2015-11-13_20,41,none,,basic,docling_rapidocr,llama,4,0,0,0,4,0.0,0.0,0.0,0,,,,,54.312327724,1
publimetro_2015-11-13_20,41,none,,niblack,docling_easyocr,llama,4,0,0,0,4,0.0,0.0,0.0,0,,,,,95.154286443,1
publimetro_2015-11-13_20,41,none,,niblack,docling_rapidocr,llama,4,0,0,0,4,0.0,0.0,0.0,0,,,,,42.038857041,1
publimetro_2015-11-13_20,41,none,,none_color,docling_easyocr,llama,4,0,0,0,4,0.0,0.0,0.0,0,,,,,105.233243732,1
publimetro_2015-11-13_20,41,none,,none_color,docling_rapidocr,llama,4,0,0,0,4,0.0,0.0,0.0,0,,,,,51.901917247,1
publimetro_2015-11-13_20,41,none,,none_grayscale,docling_easyocr,llama,4,0,0,0,4,0.0,0.0,0.0,0,,,,,116.446475772,1
publimetro_2015-11-13_20,41,none,,none_grayscale,docling_rapidocr,llama,4,0,0,0,4,0.0,0.0,0.0,0,,,,,55.975248603,1
publimetro_2015-11-13_20,41,none,,otsu,docling_easyocr,llama,4,0,0,0,4,0.0,0.0,0.0,0,,,,,113.490821057,1
publimetro_2015-11-13_20,41,none,,otsu,docling_rapidocr,llama,4,0,0,0,4,0.0,0.0,0.0,0,,,,,52.98800891,1
publimetro_2015-11-13_20,42,none,,adaptive_gaussian,docling_easyocr,llama,4,0,0,0,4,0.0,0.0,0.0,0,,,,,65.531025655,1
publimetro_2015-11-13_20,42,none,,adaptive_gaussian,docling_rapidocr,llama,4,0,0,0,4,0.0,0.0,0.0,0,,,,,11.286874063,1
publimetro_2015-11-13_20,42,none,,adaptive_mean,docling_easyocr,llama,4,0,0,0,4,0.0,0.0,0.0,0,,,,,65.077229932,1
publimetro_2015-11-13_20,42,none,,adaptive_mean,docling_rapidocr,llama,4,0,0,0,4,0.0,0.0,0.0,0,,,,,12.200173572,1
publimetro_2015-11-13_20,42,none,,basic,docling_easyocr,llama,4,0,0,0,4,0.0,0.0,0.0,0,,,,,85.708943769,1
publimetro_2015-11-13_20,42,none,,basic,docling_rapidocr,llama,4,0,0,0,4,0.0,0.0,0.0,0,,,,,22.979988977,1
publimetro_2015-11-13_20,42,none,,niblack,docling_easyocr,llama,4,0,0,0,4,0.0,0.0,0.0,0,,,,,53.717733236,1
publimetro_2015-11-13_20,42,none,,niblack,docling_rapidocr,llama,4,0,0,0,4,0.0,0.0,0.0,0,,,,,11.851453872,1
publimetro_2015-11-13_20,42,none,,none_color,docling_easyocr,llama,4,0,0,0,4,0.0,0.0,0.0,0,,,,,83.176307935,1
publimetro_2015-11-13_20,42,none,,none_color,docling_rapidocr,llama,4,0,0,0,4,0.0,0.0,0.0,0,,,,,22.484069604,1
publimetro_2015-11-13_20,42,none,,none_grayscale,docling_easyocr,llama,4,0,0,0,4,0.0,0.0,0.0,0,,,,,72.370010467,1
publimetro_2015-11-13_20,42,none,,none_grayscale,docling_rapidocr,llama,4,0,0,0,4,0.0,0.0,0.0,0,,,,,22.529572101,1
publimetro_2015-11-13_20,42,none,,otsu,docling_easyocr,llama,4,0,0,0,4,0.0,0.0,0.0,0,,,,,75.072324989,1
publimetro_2015-11-13_20,42,none,,otsu,docling_rapidocr,llama,4,0,0,0,4,0.0,0.0,0.0,0,,,,,20.055065153,1
publimetro_2015-11-13_20,43,none,,adaptive_gaussian,docling_easyocr,llama,4,0,0,0,4,0.0,0.0,0.0,0,,,,,56.764106975,1
publimetro_2015-11-13_20,43,none,,adaptive_gaussian,docling_rapidocr,llama,4,0,0,0,4,0.0,0.0,0.0,0,,,,,10.351720319,1
publimetro_2015-11-13_20,43,none,,adaptive_mean,docling_easyocr,llama,4,0,0,0,4,0.0,0.0,0.0,0,,,,,65.110990936,1
publimetro_2015-11-13_20,43,none,,adaptive_mean,docling_rapidocr,llama,4,0,0,0,4,0.0,0.0,0.0,0,,,,,10.530961925,1
publimetro_2015-11-13_20,43,none,,basic,docling_easyocr,llama,4,0,0,0,4,0.0,0.0,0.0,0,,,,,87.212333179,1
publimetro_2015-11-13_20,43,none,,basic,docling_rapidocr,llama,4,0,0,0,4,0.0,0.0,0.0,0,,,,,11.082131124,1
publimetro_2015-11-13_20,43,none,,niblack,docling_easyocr,llama,4,0,0,0,4,0.0,0.0,0.0,0,,,,,62.746868421,1
publimetro_2015-11-13_20,43,none,,niblack,docling_rapidocr,llama,4,0,0,0,4,0.0,0.0,0.0,0,,,,,11.675100376,1
publimetro_2015-11-13_20,43,none,,none_color,docling_easyocr,llama,4,0,0,0,4,0.0,0.0,0.0,0,,,,,86.32705171,1
publimetro_2015-11-13_20,43,none,,none_color,docling_rapidocr,llama,4,0,0,0,4,0.0,0.0,0.0,0,,,,,23.324004959,1
publimetro_2015-11-13_20,43,none,,none_grayscale,docling_easyocr,llama,4,0,0,0,4,0.0,0.0,0.0,0,,,,,87.415984773,1
publimetro_2015-11-13_20,43,none,,none_grayscale,docling_rapidocr,llama,4,0,0,0,4,0.0,0.0,0.0,0,,,,,22.067392015,1
publimetro_2015-11-13_20,43,none,,otsu,docling_easyocr,llama,4,0,0,0,4,0.0,0.0,0.0,0,,,,,85.27466159,1
publimetro_2015-11-13_20,43,none,,otsu,docling_rapidocr,llama,4,0,0,0,4,0.0,0.0,0.0,0,,,,,11.981854011,1
publimetro_2015-11-13_20,44,none,,adaptive_gaussian,docling_easyocr,llama,4,0,0,0,4,0.0,0.0,0.0,0,,,,,64.427214775,1
publimetro_2015-11-13_20,44,none,,adaptive_gaussian,docling_rapidocr,llama,4,0,0,0,4,0.0,0.0,0.0,0,,,,,10.454627428,1
publimetro_2015-11-13_20,44,none,,adaptive_mean,docling_easyocr,llama,4,0,0,0,4,0.0,0.0,0.0,0,,,,,65.636123519,1
publimetro_2015-11-13_20,44,none,,adaptive_mean,docling_rapidocr,llama,4,0,0,0,4,0.0,0.0,0.0,0,,,,,10.750875812,1
publimetro_2015-11-13_20,44,none,,basic,docling_easyocr,llama,4,0,0,0,4,0.0,0.0,0.0,0,,,,,85.049513006,1
publimetro_2015-11-13_20,44,none,,basic,docling_rapidocr,llama,4,0,0,0,4,0.0,0.0,0.0,0,,,,,19.783174181,1
publimetro_2015-11-13_20,44,none,,niblack,docling_easyocr,llama,4,0,0,0,4,0.0,0.0,0.0,0,,,,,62.038107683,1
publimetro_2015-11-13_20,44,none,,niblack,docling_rapidocr,llama,4,0,0,0,4,0.0,0.0,0.0,0,,,,,10.122613956,1
publimetro_2015-11-13_20,44,none,,none_color,docling_easyocr,llama,4,0,0,0,4,0.0,0.0,0.0,0,,,,,82.975590538,1
publimetro_2015-11-13_20,44,none,,none_color,docling_rapidocr,llama,4,0,0,0,4,0.0,0.0,0.0,0,,,,,20.237113546,1
publimetro_2015-11-13_20,44,none,,none_grayscale,docling_easyocr,llama,4,0,0,0,4,0.0,0.0,0.0,0,,,,,82.57258613,1
publimetro_2015-11-13_20,44,none,,none_grayscale,docling_rapidocr,llama,4,0,0,0,4,0.0,0.0,0.0,0,,,,,22.963821958,1
publimetro_2015-11-13_20,44,none,,otsu,docling_easyocr,llama,4,0,0,0,4,0.0,0.0,0.0,0,,,,,75.366238809,1
publimetro_2015-11-13_20,44,none,,otsu,docling_rapidocr,llama,4,0,0,0,4,0.0,0.0,0.0,0,,,,,23.291723943,1
publimetro_2015-11-13_20,45,none,,adaptive_gaussian,docling_easyocr,llama,4,0,0,0,4,0.0,0.0,0.0,0,,,,,62.001338329,1
publimetro_2015-11-13_20,45,none,,adaptive_gaussian,docling_rapidocr,llama,4,0,0,0,4,0.0,0.0,0.0,0,,,,,11.466532316,1
publimetro_2015-11-13_20,45,none,,adaptive_mean,docling_easyocr,llama,4,0,0,0,4,0.0,0.0,0.0,0,,,,,54.174923931,1
publimetro_2015-11-13_20,45,none,,adaptive_mean,docling_rapidocr,llama,4,0,0,0,4,0.0,0.0,0.0,0,,,,,10.625840698,1
publimetro_2015-11-13_20,45,none,,basic,docling_easyocr,llama,4,0,0,0,4,0.0,0.0,0.0,0,,,,,62.827576236,1
publimetro_2015-11-13_20,45,none,,basic,docling_rapidocr,llama,4,0,0,0,4,0.0,0.0,0.0,0,,,,,10.629721479,1
publimetro_2015-11-13_20,45,none,,niblack,docling_easyocr,llama,4,0,0,0,4,0.0,0.0,0.0,0,,,,,54.821911649,1
publimetro_2015-11-13_20,45,none,,none_color,docling_easyocr,llama,4,0,0,0,4,0.0,0.0,0.0,0,,,,,64.160659555,1
publimetro_2015-11-13_20,45,none,,none_grayscale,docling_easyocr,llama,4,0,0,0,4,0.0,0.0,0.0,0,,,,,63.970896724,1
publimetro_2015-11-13_20,45,none,,otsu,docling_easyocr,llama,4,0,0,0,4,0.0,0.0,0.0,0,,,,,63.55373755,1
publimetro_2015-11-13_20,45,none,,otsu,docling_rapidocr,llama,4,0,0,0,4,0.0,0.0,0.0,0,,,,,11.308127075,1
publimetro_2015-11-13_20,45,none,,yannihorne,docling_rapidocr,llama,4,0,0,0,4,0.0,0.0,0.0,0,,,,,11.074638515,1
publimetro_2015-11-13_20,46,none,,adaptive_gaussian,docling_easyocr,llama,4,0,0,0,4,0.0,0.0,0.0,0,,,,,56.337030015,1
publimetro_2015-11-13_20,46,none,,adaptive_gaussian,docling_rapidocr,llama,4,0,0,0,4,0.0,0.0,0.0,0,,,,,11.062612615,1
publimetro_2015-11-13_20,46,none,,adaptive_mean,docling_easyocr,llama,4,0,0,0,4,0.0,0.0,0.0,0,,,,,62.170955688,1
publimetro_2015-11-13_20,46,none,,adaptive_mean,docling_rapidocr,llama,4,0,0,0,4,0.0,0.0,0.0,0,,,,,11.559717447,1
publimetro_2015-11-13_20,46,none,,basic,docling_easyocr,llama,4,0,0,0,4,0.0,0.0,0.0,0,,,,,63.603134943,1
publimetro_2015-11-13_20,46,none,,basic,docling_rapidocr,llama,4,0,0,0,4,0.0,0.0,0.0,0,,,,,11.578694416,1
publimetro_2015-11-13_20,46,none,,none_color,docling_easyocr,llama,4,0,0,0,4,0.0,0.0,0.0,0,,,,,63.930627584,1
publimetro_2015-11-13_20,46,none,,none_grayscale,docling_easyocr,llama,4,0,0,0,4,0.0,0.0,0.0,0,,,,,64.484336614,1
publimetro_2015-11-13_20,46,none,,otsu,docling_easyocr,llama,4,0,0,0,4,0.0,0.0,0.0,0,,,,,55.363169576,1
publimetro_2015-11-13_20,46,none,,otsu,docling_rapidocr,llama,4,0,0,0,4,0.0,0.0,0.0,0,,,,,11.140756752,1
publimetro_2015-11-13_20,46,none,,yannihorne,docling_rapidocr,llama,4,0,0,0,4,0.0,0.0,0.0,0,,,,,11.169005777,1
publimetro_2015-11-13_20,47,none,,adaptive_gaussian,docling_easyocr,llama,4,0,0,0,4,0.0,0.0,0.0,0,,,,,63.462556972,1
publimetro_2015-11-13_20,47,none,,adaptive_gaussian,docling_rapidocr,llama,4,0,0,0,4,0.0,0.0,0.0,0,,,,,11.757203474,1
publimetro_2015-11-13_20,47,none,,adaptive_mean,docling_easyocr,llama,4,0,0,0,4,0.0,0.0,0.0,0,,,,,63.44241222,1
publimetro_2015-11-13_20,47,none,,adaptive_mean,docling_rapidocr,llama,4,0,0,0,4,0.0,0.0,0.0,0,,,,,11.555932127,1
publimetro_2015-11-13_20,47,none,,basic,docling_easyocr,llama,4,0,0,0,4,0.0,0.0,0.0,0,,,,,62.652350788,1
publimetro_2015-11-13_20,47,none,,basic,docling_rapidocr,llama,4,0,0,0,4,0.0,0.0,0.0,0,,,,,11.424239997,1
publimetro_2015-11-13_20,47,none,,niblack,docling_easyocr,llama,4,0,0,0,4,0.0,0.0,0.0,0,,,,,55.673672489,1
publimetro_2015-11-13_20,47,none,,none_color,docling_easyocr,llama,4,0,0,0,4,0.0,0.0,0.0,0,,,,,54.887503437,1
publimetro_2015-11-13_20,47,none,,none_grayscale,docling_easyocr,llama,4,0,0,0,4,0.0,0.0,0.0,0,,,,,64.728366188,1
publimetro_2015-11-13_20,47,none,,otsu,docling_easyocr,llama,4,0,0,0,4,0.0,0.0,0.0,0,,,,,62.596003967,1
publimetro_2015-11-13_20,47,none,,otsu,docling_rapidocr,llama,4,0,0,0,4,0.0,0.0,0.0,0,,,,,11.132834392,1
publimetro_2015-11-13_20,47,none,,yannihorne,docling_rapidocr,llama,4,0,0,0,4,0.0,0.0,0.0,0,,,,,9.842605548,1
publimetro_2015-11-13_20,48,none,,adaptive_gaussian,docling_easyocr,llama,4,0,0,0,4,0.0,0.0,0.0,0,,,,,160.54267225,1
publimetro_2015-11-13_20,48,none,,adaptive_gaussian,docling_rapidocr,llama,4,0,0,0,4,0.0,0.0,0.0,0,,,,,100.289763305,1
publimetro_2015-11-13_20,48,none,,adaptive_mean,docling_easyocr,llama,4,0,0,0,4,0.0,0.0,0.0,0,,,,,159.242457193,1
publimetro_2015-11-13_20,48,none,,adaptive_mean,docling_rapidocr,llama,4,0,0,0,4,0.0,0.0,0.0,0,,,,,99.442257446,1
publimetro_2015-11-13_20,48,none,,basic,docling_easyocr,llama,4,0,0,0,4,0.0,0.0,0.0,0,,,,,168.590015495,1
publimetro_2015-11-13_20,48,none,,basic,docling_rapidocr,llama,4,0,0,0,4,0.0,0.0,0.0,0,,,,,106.648569429,1
publimetro_2015-11-13_20,48,none,,niblack,docling_easyocr,llama,4,0,0,0,4,0.0,0.0,0.0,0,,,,,152.535854475,1
publimetro_2015-11-13_20,48,none,,niblack,docling_rapidocr,llama,4,0,0,0,4,0.0,0.0,0.0,0,,,,,98.348069803,1
publimetro_2015-11-13_20,48,none,,none_color,docling_easyocr,llama,4,0,0,0,4,0.0,0.0,0.0,0,,,,,160.361798774,1
publimetro_2015-11-13_20,48,none,,none_color,docling_rapidocr,llama,4,0,0,0,4,0.0,0.0,0.0,0,,,,,108.389055978,1
publimetro_2015-11-13_20,48,none,,none_grayscale,docling_easyocr,llama,4,0,0,0,4,0.0,0.0,0.0,0,,,,,168.581578027,1
publimetro_2015-11-13_20,48,none,,none_grayscale,docling_rapidocr,llama,4,0,0,0,4,0.0,0.0,0.0,0,,,,,108.174209606,1
publimetro_2015-11-13_20,48,none,,otsu,docling_easyocr,llama,4,0,0,0,4,0.0,0.0,0.0,0,,,,,162.384921945,1
publimetro_2015-11-13_20,48,none,,otsu,docling_rapidocr,llama,4,0,0,0,4,0.0,0.0,0.0,0,,,,,108.458073057,1
publimetro_2015-11-13_20,49,none,,adaptive_gaussian,docling_easyocr,llama,4,0,0,0,4,0.0,0.0,0.0,0,,,,,146.102711036,1
publimetro_2015-11-13_20,49,none,,adaptive_gaussian,docling_rapidocr,llama,4,0,0,0,4,0.0,0.0,0.0,0,,,,,97.612835481,1
publimetro_2015-11-13_20,49,none,,adaptive_mean,docling_easyocr,llama,4,0,0,0,4,0.0,0.0,0.0,0,,,,,156.803867435,1
publimetro_2015-11-13_20,49,none,,adaptive_mean,docling_rapidocr,llama,4,0,0,0,4,0.0,0.0,0.0,0,,,,,98.519099807,1
publimetro_2015-11-13_20,49,none,,basic,docling_easyocr,llama,4,0,0,0,4,0.0,0.0,0.0,0,,,,,170.923472469,1
publimetro_2015-11-13_20,49,none,,basic,docling_rapidocr,llama,4,0,0,0,4,0.0,0.0,0.0,0,,,,,109.970061367,1
publimetro_2015-11-13_20,49,none,,niblack,docling_easyocr,llama,4,0,0,0,4,0.0,0.0,0.0,0,,,,,143.133130708,1
publimetro_2015-11-13_20,49,none,,niblack,docling_rapidocr,llama,4,0,0,0,4,0.0,0.0,0.0,0,,,,,98.755812564,1
publimetro_2015-11-13_20,49,none,,none_color,docling_easyocr,llama,4,0,0,0,4,0.0,0.0,0.0,0,,,,,165.157028905,1
publimetro_2015-11-13_20,49,none,,none_color,docling_rapidocr,llama,4,0,0,0,4,0.0,0.0,0.0,0,,,,,111.34386491,1
publimetro_2015-11-13_20,49,none,,none_grayscale,docling_easyocr,llama,4,0,0,0,4,0.0,0.0,0.0,0,,,,,171.811633579,1
publimetro_2015-11-13_20,49,none,,none_grayscale,docling_rapidocr,llama,4,0,0,0,4,0.0,0.0,0.0,0,,,,,110.143406621,1
publimetro_2015-11-13_20,49,none,,otsu,docling_easyocr,llama,4,0,0,0,4,0.0,0.0,0.0,0,,,,,161.455576318,1
publimetro_2015-11-13_20,49,none,,otsu,docling_rapidocr,llama,4,0,0,0,4,0.0,0.0,0.0,0,,,,,109.784810203,1
publimetro_2015-11-13_20,50,none,,adaptive_gaussian,docling_easyocr,llama,4,0,0,0,4,0.0,0.0,0.0,0,,,,,158.858102825,1
publimetro_2015-11-13_20,50,none,,adaptive_gaussian,docling_rapidocr,llama,4,0,0,0,4,0.0,0.0,0.0,0,,,,,99.688070563,1
publimetro_2015-11-13_20,50,none,,adaptive_mean,docling_easyocr,llama,4,0,0,0,4,0.0,0.0,0.0,0,,,,,149.450056767,1
publimetro_2015-11-13_20,50,none,,adaptive_mean,docling_rapidocr,llama,4,0,0,0,4,0.0,0.0,0.0,0,,,,,100.100925183,1
publimetro_2015-11-13_20,50,none,,basic,docling_easyocr,llama,4,0,0,0,4,0.0,0.0,0.0,0,,,,,168.792349356,1
publimetro_2015-11-13_20,50,none,,basic,docling_rapidocr,llama,4,0,0,0,4,0.0,0.0,0.0,0,,,,,105.038959521,1
publimetro_2015-11-13_20,50,none,,niblack,docling_easyocr,llama,4,0,0,0,4,0.0,0.0,0.0,0,,,,,152.618025133,1
publimetro_2015-11-13_20,50,none,,niblack,docling_rapidocr,llama,4,0,0,0,4,0.0,0.0,0.0,0,,,,,98.449250052,1
publimetro_2015-11-13_20,50,none,,none_color,docling_easyocr,llama,4,0,0,0,4,0.0,0.0,0.0,0,,,,,157.974389975,1
publimetro_2015-11-13_20,50,none,,none_color,docling_rapidocr,llama,4,0,0,0,4,0.0,0.0,0.0,0,,,,,110.751150076,1
publimetro_2015-11-13_20,50,none,,none_grayscale,docling_easyocr,llama,4,0,0,0,4,0.0,0.0,0.0,0,,,,,170.639602368,1
publimetro_2015-11-13_20,50,none,,none_grayscale,docling_rapidocr,llama,4,0,0,0,4,0.0,0.0,0.0,0,,,,,107.906736796,1
publimetro_2015-11-13_20,50,none,,otsu,docling_easyocr,llama,4,0,0,0,4,0.0,0.0,0.0,0,,,,,168.917003483,1
publimetro_2015-11-13_20,50,none,,otsu,docling_rapidocr,llama,4,0,0,0,4,0.0,0.0,0.0,0,,,,,106.499354214,1
publimetro_2015-11-13_20,51,none,,adaptive_gaussian,docling_easyocr,llama,4,0,0,0,4,0.0,0.0,0.0,0,,,,,56.911002632,1
publimetro_2015-11-13_20,51,none,,adaptive_gaussian,docling_rapidocr,llama,4,0,0,0,4,0.0,0.0,0.0,0,,,,,10.897842404,1
publimetro_2015-11-13_20,51,none,,adaptive_mean,docling_easyocr,llama,4,0,0,0,4,0.0,0.0,0.0,0,,,,,71.016037575,1
publimetro_2015-11-13_20,51,none,,adaptive_mean,docling_rapidocr,llama,4,0,0,0,4,0.0,0.0,0.0,0,,,,,11.088798157,1
publimetro_2015-11-13_20,51,none,,basic,docling_easyocr,llama,4,0,0,0,4,0.0,0.0,0.0,0,,,,,82.27762135,1
publimetro_2015-11-13_20,51,none,,basic,docling_rapidocr,llama,4,0,0,0,4,0.0,0.0,0.0,0,,,,,23.616976341,1
publimetro_2015-11-13_20,51,none,,niblack,docling_easyocr,llama,4,0,0,0,4,0.0,0.0,0.0,0,,,,,63.017296974,1
publimetro_2015-11-13_20,51,none,,niblack,docling_rapidocr,llama,4,0,0,0,4,0.0,0.0,0.0,0,,,,,11.466530745,1
publimetro_2015-11-13_20,51,none,,none_color,docling_easyocr,llama,4,0,0,0,4,0.0,0.0,0.0,0,,,,,81.462087639,1
publimetro_2015-11-13_20,51,none,,none_color,docling_rapidocr,llama,4,0,0,0,4,0.0,0.0,0.0,0,,,,,22.433442839,1
publimetro_2015-11-13_20,51,none,,none_grayscale,docling_easyocr,llama,4,0,0,0,4,0.0,0.0,0.0,0,,,,,81.725247463,1
publimetro_2015-11-13_20,51,none,,none_grayscale,docling_rapidocr,llama,4,0,0,0,4,0.0,0.0,0.0,0,,,,,22.828265509,1
publimetro_2015-11-13_20,51,none,,otsu,docling_easyocr,llama,4,0,0,0,4,0.0,0.0,0.0,0,,,,,82.953559147,1
publimetro_2015-11-13_20,51,none,,otsu,docling_rapidocr,llama,4,0,0,0,4,0.0,0.0,0.0,0,,,,,23.09652661,1
publimetro_2015-11-13_20,52,none,,adaptive_gaussian,docling_easyocr,llama,4,0,0,0,4,0.0,0.0,0.0,0,,,,,63.546226187,1
publimetro_2015-11-13_20,52,none,,adaptive_gaussian,docling_rapidocr,llama,4,0,0,0,4,0.0,0.0,0.0,0,,,,,11.43485014,1
publimetro_2015-11-13_20,52,none,,adaptive_mean,docling_easyocr,llama,4,0,0,0,4,0.0,0.0,0.0,0,,,,,64.081169478,1
publimetro_2015-11-13_20,52,none,,adaptive_mean,docling_rapidocr,llama,4,0,0,0,4,0.0,0.0,0.0,0,,,,,11.499858013,1
publimetro_2015-11-13_20,52,none,,basic,docling_easyocr,llama,4,0,0,0,4,0.0,0.0,0.0,0,,,,,85.950895939,1
publimetro_2015-11-13_20,52,none,,basic,docling_rapidocr,llama,4,0,0,0,4,0.0,0.0,0.0,0,,,,,21.068981323,1
publimetro_2015-11-13_20,52,none,,niblack,docling_easyocr,llama,4,0,0,0,4,0.0,0.0,0.0,0,,,,,62.967127838,1
publimetro_2015-11-13_20,52,none,,niblack,docling_rapidocr,llama,4,0,0,0,4,0.0,0.0,0.0,0,,,,,10.332660237,1
publimetro_2015-11-13_20,52,none,,none_color,docling_easyocr,llama,4,0,0,0,4,0.0,0.0,0.0,0,,,,,74.707880266,1
publimetro_2015-11-13_20,52,none,,none_color,docling_rapidocr,llama,4,0,0,0,4,0.0,0.0,0.0,0,,,,,22.205227383,1
publimetro_2015-11-13_20,52,none,,none_grayscale,docling_easyocr,llama,4,0,0,0,4,0.0,0.0,0.0,0,,,,,83.424622378,1
publimetro_2015-11-13_20,52,none,,none_grayscale,docling_rapidocr,llama,4,0,0,0,4,0.0,0.0,0.0,0,,,,,22.365506252,1
publimetro_2015-11-13_20,52,none,,otsu,docling_easyocr,llama,4,0,0,0,4,0.0,0.0,0.0,0,,,,,78.608030783,1
publimetro_2015-11-13_20,52,none,,otsu,docling_rapidocr,llama,4,0,0,0,4,0.0,0.0,0.0,0,,,,,18.627860295,1
publimetro_2015-11-13_20,53,none,,adaptive_gaussian,docling_easyocr,llama,4,0,0,0,4,0.0,0.0,0.0,0,,,,,57.213995142,1
publimetro_2015-11-13_20,53,none,,adaptive_gaussian,docling_rapidocr,llama,4,0,0,0,4,0.0,0.0,0.0,0,,,,,9.072727127,1
publimetro_2015-11-13_20,53,none,,adaptive_mean,docling_easyocr,llama,4,0,0,0,4,0.0,0.0,0.0,0,,,,,69.078121845,1
publimetro_2015-11-13_20,53,none,,adaptive_mean,docling_rapidocr,llama,4,0,0,0,4,0.0,0.0,0.0,0,,,,,11.416235392,1
publimetro_2015-11-13_20,53,none,,basic,docling_easyocr,llama,4,0,0,0,4,0.0,0.0,0.0,0,,,,,83.050185356,1
publimetro_2015-11-13_20,53,none,,basic,docling_rapidocr,llama,4,0,0,0,4,0.0,0.0,0.0,0,,,,,23.446868334,1
publimetro_2015-11-13_20,53,none,,niblack,docling_easyocr,llama,4,0,0,0,4,0.0,0.0,0.0,0,,,,,54.241887608,1
publimetro_2015-11-13_20,53,none,,niblack,docling_rapidocr,llama,4,0,0,0,4,0.0,0.0,0.0,0,,,,,10.214835921,1
publimetro_2015-11-13_20,53,none,,none_color,docling_easyocr,llama,4,0,0,0,4,0.0,0.0,0.0,0,,,,,81.90045031,1
publimetro_2015-11-13_20,53,none,,none_color,docling_rapidocr,llama,4,0,0,0,4,0.0,0.0,0.0,0,,,,,23.236895165,1
publimetro_2015-11-13_20,53,none,,none_grayscale,docling_easyocr,llama,4,0,0,0,4,0.0,0.0,0.0,0,,,,,81.687995276,1
publimetro_2015-11-13_20,53,none,,none_grayscale,docling_rapidocr,llama,4,0,0,0,4,0.0,0.0,0.0,0,,,,,24.105168184,1
publimetro_2015-11-13_20,53,none,,otsu,docling_easyocr,llama,4,0,0,0,4,0.0,0.0,0.0,0,,,,,72.252661215,1
publimetro_2015-11-13_20,53,none,,otsu,docling_rapidocr,llama,4,0,0,0,4,0.0,0.0,0.0,0,,,,,18.696315752,1
publimetro_2016-04-25_5,0,none,,adaptive_gaussian,docling_easyocr,llama,2,0,0,0,2,0.0,0.0,0.0,0,,,,,96.240579079,1
publimetro_2016-04-25_5,0,none,,adaptive_gaussian,docling_rapidocr,llama,2,0,0,0,2,0.0,0.0,0.0,0,,,,,20.759564112,1
publimetro_2016-04-25_5,0,none,,adaptive_mean,docling_easyocr,llama,2,0,0,0,2,0.0,0.0,0.0,0,,,,,93.63522138,1
publimetro_2016-04-25_5,0,none,,adaptive_mean,docling_rapidocr,llama,2,0,0,0,2,0.0,0.0,0.0,0,,,,,18.148049254,1
publimetro_2016-04-25_5,0,none,,basic,docling_easyocr,llama,2,0,0,0,2,0.0,0.0,0.0,0,,,,,71.694028557,1
publimetro_2016-04-25_5,0,none,,basic,docling_rapidocr,llama,2,0,0,0,2,0.0,0.0,0.0,0,,,,,19.063985289,1
publimetro_2016-04-25_5,0,none,,niblack,docling_easyocr,llama,2,0,0,0,2,0.0,0.0,0.0,0,,,,,64.786318792,1
publimetro_2016-04-25_5,0,none,,niblack,docling_rapidocr,llama,2,0,0,0,2,0.0,0.0,0.0,0,,,,,11.37347032,1
publimetro_2016-04-25_5,0,none,,none_color,docling_easyocr,llama,2,0,0,0,2,0.0,0.0,0.0,0,,,,,93.710572277,1
publimetro_2016-04-25_5,0,none,,none_color,docling_rapidocr,llama,2,0,0,0,2,0.0,0.0,0.0,0,,,,,20.268281256,1
publimetro_2016-04-25_5,0,none,,none_grayscale,docling_easyocr,llama,2,0,0,0,2,0.0,0.0,0.0,0,,,,,94.782868015,1
publimetro_2016-04-25_5,0,none,,none_grayscale,docling_rapidocr,llama,2,0,0,0,2,0.0,0.0,0.0,0,,,,,23.932374346,1
publimetro_2016-04-25_5,0,none,,otsu,docling_easyocr,llama,2,0,0,0,2,0.0,0.0,0.0,0,,,,,97.376490845,1
publimetro_2016-04-25_5,0,none,,otsu,docling_rapidocr,llama,2,0,0,0,2,0.0,0.0,0.0,0,,,,,20.264178766,1
publimetro_2016-04-25_5,1,none,,adaptive_gaussian,docling_easyocr,llama,2,0,0,0,2,0.0,0.0,0.0,0,,,,,83.896842077,1
publimetro_2016-04-25_5,1,none,,adaptive_gaussian,docling_rapidocr,llama,2,0,0,0,2,0.0,0.0,0.0,0,,,,,17.951487616,1
publimetro_2016-04-25_5,1,none,,adaptive_mean,docling_easyocr,llama,2,0,0,0,2,0.0,0.0,0.0,0,,,,,94.64530661,1
publimetro_2016-04-25_5,1,none,,adaptive_mean,docling_rapidocr,llama,2,0,0,0,2,0.0,0.0,0.0,0,,,,,18.437143587,1
publimetro_2016-04-25_5,1,none,,basic,docling_easyocr,llama,2,0,0,0,2,0.0,0.0,0.0,0,,,,,95.051652973,1
publimetro_2016-04-25_5,1,none,,basic,docling_rapidocr,llama,2,0,0,0,2,0.0,0.0,0.0,0,,,,,24.375993794,1
publimetro_2016-04-25_5,1,none,,niblack,docling_easyocr,llama,2,0,0,0,2,0.0,0.0,0.0,0,,,,,63.762754868,1
publimetro_2016-04-25_5,1,none,,niblack,docling_rapidocr,llama,2,0,0,0,2,0.0,0.0,0.0,0,,,,,9.637168358,1
publimetro_2016-04-25_5,1,none,,none_color,docling_easyocr,llama,2,0,0,0,2,0.0,0.0,0.0,0,,,,,82.656684796,1
publimetro_2016-04-25_5,1,none,,none_color,docling_rapidocr,llama,2,0,0,0,2,0.0,0.0,0.0,0,,,,,25.226586262,1
publimetro_2016-04-25_5,1,none,,none_grayscale,docling_easyocr,llama,2,0,0,0,2,0.0,0.0,0.0,0,,,,,96.179055445,1
publimetro_2016-04-25_5,1,none,,none_grayscale,docling_rapidocr,llama,2,0,0,0,2,0.0,0.0,0.0,0,,,,,23.623905651,1
publimetro_2016-04-25_5,1,none,,otsu,docling_easyocr,llama,2,0,0,0,2,0.0,0.0,0.0,0,,,,,93.748605866,1
publimetro_2016-04-25_5,1,none,,otsu,docling_rapidocr,llama,2,0,0,0,2,0.0,0.0,0.0,0,,,,,19.139877934,1
publimetro_2016-04-25_5,2,none,,adaptive_gaussian,docling_easyocr,llama,2,0,0,0,2,0.0,0.0,0.0,0,,,,,97.762267187,1
publimetro_2016-04-25_5,2,none,,adaptive_gaussian,docling_rapidocr,llama,2,0,0,0,2,0.0,0.0,0.0,0,,,,,19.922019318,1
publimetro_2016-04-25_5,2,none,,adaptive_mean,docling_easyocr,llama,2,0,0,0,2,0.0,0.0,0.0,0,,,,,93.701268768,1
publimetro_2016-04-25_5,2,none,,adaptive_mean,docling_rapidocr,llama,2,0,0,0,2,0.0,0.0,0.0,0,,,,,17.440697765,1
publimetro_2016-04-25_5,2,none,,basic,docling_easyocr,llama,2,0,0,0,2,0.0,0.0,0.0,0,,,,,89.364160437,1
publimetro_2016-04-25_5,2,none,,basic,docling_rapidocr,llama,2,0,0,0,2,0.0,0.0,0.0,0,,,,,19.37945332,1
publimetro_2016-04-25_5,2,none,,niblack,docling_easyocr,llama,2,0,0,0,2,0.0,0.0,0.0,0,,,,,63.823418257,1
publimetro_2016-04-25_5,2,none,,niblack,docling_rapidocr,llama,2,0,0,0,2,0.0,0.0,0.0,0,,,,,9.278339502,1
publimetro_2016-04-25_5,2,none,,none_color,docling_easyocr,llama,2,0,0,0,2,0.0,0.0,0.0,0,,,,,84.480548447,1
publimetro_2016-04-25_5,2,none,,none_color,docling_rapidocr,llama,2,0,0,0,2,0.0,0.0,0.0,0,,,,,21.014886921,1
publimetro_2016-04-25_5,2,none,,none_grayscale,docling_easyocr,llama,2,0,0,0,2,0.0,0.0,0.0,0,,,,,82.69265229,1
publimetro_2016-04-25_5,2,none,,none_grayscale,docling_rapidocr,llama,2,0,0,0,2,0.0,0.0,0.0,0,,,,,23.675253695,1
publimetro_2016-04-25_5,2,none,,otsu,docling_easyocr,llama,2,0,0,0,2,0.0,0.0,0.0,0,,,,,82.322641821,1
publimetro_2016-04-25_5,2,none,,otsu,docling_rapidocr,llama,2,0,0,0,2,0.0,0.0,0.0,0,,,,,19.788523884,1
publimetro_2016-04-25_5,3,none,,adaptive_gaussian,docling_easyocr,llama,2,0,0,0,2,0.0,0.0,0.0,0,,,,,75.772194647,1
publimetro_2016-04-25_5,3,none,,adaptive_gaussian,docling_rapidocr,llama,2,0,0,0,2,0.0,0.0,0.0,0,,,,,19.259840273,1
publimetro_2016-04-25_5,3,none,,adaptive_mean,docling_easyocr,llama,2,0,0,0,2,0.0,0.0,0.0,0,,,,,66.283544274,1
publimetro_2016-04-25_5,3,none,,adaptive_mean,docling_rapidocr,llama,2,0,0,0,2,0.0,0.0,0.0,0,,,,,11.361252995,1
publimetro_2016-04-25_5,3,none,,basic,docling_easyocr,llama,2,0,0,0,2,0.0,0.0,0.0,0,,,,,72.380894674,1
publimetro_2016-04-25_5,3,none,,basic,docling_rapidocr,llama,2,0,0,0,2,0.0,0.0,0.0,0,,,,,18.975243582,1
publimetro_2016-04-25_5,3,none,,niblack,docling_easyocr,llama,2,0,0,0,2,0.0,0.0,0.0,0,,,,,64.43711192,1
publimetro_2016-04-25_5,3,none,,niblack,docling_rapidocr,llama,2,0,0,0,2,0.0,0.0,0.0,0,,,,,9.55548126,1
publimetro_2016-04-25_5,3,none,,none_color,docling_easyocr,llama,2,0,0,0,2,0.0,0.0,0.0,0,,,,,84.705607283,1
publimetro_2016-04-25_5,3,none,,none_color,docling_rapidocr,llama,2,0,0,0,2,0.0,0.0,0.0,0,,,,,19.347822773,1
publimetro_2016-04-25_5,3,none,,none_grayscale,docling_easyocr,llama,2,0,0,0,2,0.0,0.0,0.0,0,,,,,72.922682942,1
publimetro_2016-04-25_5,3,none,,none_grayscale,docling_rapidocr,llama,2,0,0,0,2,0.0,0.0,0.0,0,,,,,19.361624182,1
publimetro_2016-04-25_5,3,none,,otsu,docling_easyocr,llama,2,0,0,0,2,0.0,0.0,0.0,0,,,,,74.757521788,1
publimetro_2016-04-25_5,3,none,,otsu,docling_rapidocr,llama,2,0,0,0,2,0.0,0.0,0.0,0,,,,,18.867185513,1
publimetro_2016-04-25_5,4,none,,adaptive_gaussian,docling_easyocr,llama,2,0,0,0,2,0.0,0.0,0.0,0,,,,,90.126254357,1
publimetro_2016-04-25_5,4,none,,adaptive_gaussian,docling_rapidocr,llama,2,0,0,0,2,0.0,0.0,0.0,0,,,,,18.614274061,1
publimetro_2016-04-25_5,4,none,,adaptive_mean,docling_easyocr,llama,2,0,0,0,2,0.0,0.0,0.0,0,,,,,73.654531702,1
publimetro_2016-04-25_5,4,none,,adaptive_mean,docling_rapidocr,llama,2,0,0,0,2,0.0,0.0,0.0,0,,,,,12.313633188,1
publimetro_2016-04-25_5,4,none,,basic,docling_easyocr,llama,2,0,0,0,2,0.0,0.0,0.0,0,,,,,94.446074679,1
publimetro_2016-04-25_5,4,none,,basic,docling_rapidocr,llama,2,0,0,0,2,0.0,0.0,0.0,0,,,,,16.935331299,1
publimetro_2016-04-25_5,4,none,,niblack,docling_easyocr,llama,2,0,0,0,2,0.0,0.0,0.0,0,,,,,64.070235258,1
publimetro_2016-04-25_5,4,none,,niblack,docling_rapidocr,llama,2,0,0,0,2,0.0,0.0,0.0,0,,,,,11.504344708,1
publimetro_2016-04-25_5,4,none,,none_color,docling_easyocr,llama,2,0,0,0,2,0.0,0.0,0.0,0,,,,,84.959605265,1
publimetro_2016-04-25_5,4,none,,none_color,docling_rapidocr,llama,2,0,0,0,2,0.0,0.0,0.0,0,,,,,23.746814776,1
publimetro_2016-04-25_5,4,none,,none_grayscale,docling_easyocr,llama,2,0,0,0,2,0.0,0.0,0.0,0,,,,,84.743285538,1
publimetro_2016-04-25_5,4,none,,none_grayscale,docling_rapidocr,llama,2,0,0,0,2,0.0,0.0,0.0,0,,,,,22.45271361,1
publimetro_2016-04-25_5,4,none,,otsu,docling_easyocr,llama,2,0,0,0,2,0.0,0.0,0.0,0,,,,,76.981788901,1
publimetro_2016-04-25_5,4,none,,otsu,docling_rapidocr,llama,2,0,0,0,2,0.0,0.0,0.0,0,,,,,19.306116131,1
publimetro_2016-04-25_5,5,none,,adaptive_gaussian,docling_easyocr,llama,2,0,0,0,2,0.0,0.0,0.0,0,,,,,79.269503174,1
publimetro_2016-04-25_5,5,none,,adaptive_gaussian,docling_rapidocr,llama,2,0,0,0,2,0.0,0.0,0.0,0,,,,,14.963652668,1
publimetro_2016-04-25_5,5,none,,adaptive_mean,docling_easyocr,llama,2,0,0,0,2,0.0,0.0,0.0,0,,,,,66.336330181,1
publimetro_2016-04-25_5,5,none,,adaptive_mean,docling_rapidocr,llama,2,0,0,0,2,0.0,0.0,0.0,0,,,,,10.068847424,1
publimetro_2016-04-25_5,5,none,,basic,docling_easyocr,llama,2,0,0,0,2,0.0,0.0,0.0,0,,,,,58.093374062,1
publimetro_2016-04-25_5,5,none,,basic,docling_rapidocr,llama,2,0,0,0,2,0.0,0.0,0.0,0,,,,,12.248912144,1
publimetro_2016-04-25_5,5,none,,niblack,docling_easyocr,llama,2,0,0,0,2,0.0,0.0,0.0,0,,,,,56.682723124,1
publimetro_2016-04-25_5,5,none,,niblack,docling_rapidocr,llama,2,0,0,0,2,0.0,0.0,0.0,0,,,,,11.465463955,1
publimetro_2016-04-25_5,5,none,,none_color,docling_easyocr,llama,2,0,0,0,2,0.0,0.0,0.0,0,,,,,84.896365214,1
publimetro_2016-04-25_5,5,none,,none_color,docling_rapidocr,llama,2,0,0,0,2,0.0,0.0,0.0,0,,,,,19.228928137,1
publimetro_2016-04-25_5,5,none,,none_grayscale,docling_easyocr,llama,2,0,0,0,2,0.0,0.0,0.0,0,,,,,83.562343334,1
publimetro_2016-04-25_5,5,none,,none_grayscale,docling_rapidocr,llama,2,0,0,0,2,0.0,0.0,0.0,0,,,,,16.845615124,1
publimetro_2016-04-25_5,5,none,,otsu,docling_easyocr,llama,2,0,0,0,2,0.0,0.0,0.0,0,,,,,91.627259136,1
publimetro_2016-04-25_5,5,none,,otsu,docling_rapidocr,llama,2,0,0,0,2,0.0,0.0,0.0,0,,,,,18.462565304,1
publimetro_2016-04-25_5,6,none,,adaptive_gaussian,docling_easyocr,llama,2,0,0,0,2,0.0,0.0,0.0,0,,,,,90.28978451,1
publimetro_2016-04-25_5,6,none,,adaptive_gaussian,docling_rapidocr,llama,2,0,0,0,2,0.0,0.0,0.0,0,,,,,18.295077879,1
publimetro_2016-04-25_5,6,none,,adaptive_mean,docling_easyocr,llama,2,0,0,0,2,0.0,0.0,0.0,0,,,,,71.811161545,1
publimetro_2016-04-25_5,6,none,,adaptive_mean,docling_rapidocr,llama,2,0,0,0,2,0.0,0.0,0.0,0,,,,,11.025141504,1
publimetro_2016-04-25_5,6,none,,basic,docling_easyocr,llama,2,0,0,0,2,0.0,0.0,0.0,0,,,,,95.028686115,1
publimetro_2016-04-25_5,6,none,,basic,docling_rapidocr,llama,2,0,0,0,2,0.0,0.0,0.0,0,,,,,15.354042599,1
publimetro_2016-04-25_5,6,none,,niblack,docling_easyocr,llama,2,0,0,0,2,0.0,0.0,0.0,0,,,,,64.310641741,1
publimetro_2016-04-25_5,6,none,,niblack,docling_rapidocr,llama,2,0,0,0,2,0.0,0.0,0.0,0,,,,,12.051357006,1
publimetro_2016-04-25_5,6,none,,none_color,docling_easyocr,llama,2,0,0,0,2,0.0,0.0,0.0,0,,,,,87.452731772,1
publimetro_2016-04-25_5,6,none,,none_color,docling_rapidocr,llama,2,0,0,0,2,0.0,0.0,0.0,0,,,,,19.490711613,1
publimetro_2016-04-25_5,6,none,,none_grayscale,docling_easyocr,llama,2,0,0,0,2,0.0,0.0,0.0,0,,,,,87.090940949,1
publimetro_2016-04-25_5,6,none,,none_grayscale,docling_rapidocr,llama,2,0,0,0,2,0.0,0.0,0.0,0,,,,,19.583396193,1
publimetro_2016-04-25_5,6,none,,otsu,docling_easyocr,llama,2,0,0,0,2,0.0,0.0,0.0,0,,,,,82.948264263,1
publimetro_2016-04-25_5,6,none,,otsu,docling_rapidocr,llama,2,0,0,0,2,0.0,0.0,0.0,0,,,,,18.219966553,1
publimetro_2016-04-25_5,7,none,,adaptive_gaussian,docling_easyocr,llama,2,0,0,0,2,0.0,0.0,0.0,0,,,,,92.63338839,1
publimetro_2016-04-25_5,7,none,,adaptive_gaussian,docling_rapidocr,llama,2,0,0,0,2,0.0,0.0,0.0,0,,,,,17.627283444,1
publimetro_2016-04-25_5,7,none,,adaptive_mean,docling_easyocr,llama,2,0,0,0,2,0.0,0.0,0.0,0,,,,,89.742917999,1
publimetro_2016-04-25_5,7,none,,adaptive_mean,docling_rapidocr,llama,2,0,0,0,2,0.0,0.0,0.0,0,,,,,15.636744961,1
publimetro_2016-04-25_5,7,none,,basic,docling_easyocr,llama,2,0,0,0,2,0.0,0.0,0.0,0,,,,,84.422898558,1
publimetro_2016-04-25_5,7,none,,basic,docling_rapidocr,llama,2,0,0,0,2,0.0,0.0,0.0,0,,,,,16.276117352,1
publimetro_2016-04-25_5,7,none,,niblack,docling_easyocr,llama,2,0,0,0,2,0.0,0.0,0.0,0,,,,,63.823296553,1
publimetro_2016-04-25_5,7,none,,niblack,docling_rapidocr,llama,2,0,0,0,2,0.0,0.0,0.0,0,,,,,10.752581125,1
publimetro_2016-04-25_5,7,none,,none_color,docling_easyocr,llama,2,0,0,0,2,0.0,0.0,0.0,0,,,,,95.357235552,1
publimetro_2016-04-25_5,7,none,,none_color,docling_rapidocr,llama,2,0,0,0,2,0.0,0.0,0.0,0,,,,,23.471282602,1
publimetro_2016-04-25_5,7,none,,none_grayscale,docling_easyocr,llama,2,0,0,0,2,0.0,0.0,0.0,0,,,,,96.317777588,1
publimetro_2016-04-25_5,7,none,,none_grayscale,docling_rapidocr,llama,2,0,0,0,2,0.0,0.0,0.0,0,,,,,22.031206324,1
publimetro_2016-04-25_5,7,none,,otsu,docling_easyocr,llama,2,0,0,0,2,0.0,0.0,0.0,0,,,,,71.518613915,1
publimetro_2016-04-25_5,7,none,,otsu,docling_rapidocr,llama,2,0,0,0,2,0.0,0.0,0.0,0,,,,,19.481225828,1
publimetro_2016-04-25_5,8,none,,adaptive_gaussian,docling_easyocr,llama,2,0,0,0,2,0.0,0.0,0.0,0,,,,,84.930259928,1
publimetro_2016-04-25_5,8,none,,adaptive_gaussian,docling_rapidocr,llama,2,0,0,0,2,0.0,0.0,0.0,0,,,,,18.390304312,1
publimetro_2016-04-25_5,8,none,,adaptive_mean,docling_easyocr,llama,2,0,0,0,2,0.0,0.0,0.0,0,,,,,67.837889128,1
publimetro_2016-04-25_5,8,none,,adaptive_mean,docling_rapidocr,llama,2,0,0,0,2,0.0,0.0,0.0,0,,,,,11.765443259,1
publimetro_2016-04-25_5,8,none,,basic,docling_easyocr,llama,2,0,0,0,2,0.0,0.0,0.0,0,,,,,70.797177529,1
publimetro_2016-04-25_5,8,none,,basic,docling_rapidocr,llama,2,0,0,0,2,0.0,0.0,0.0,0,,,,,19.402329897,1
publimetro_2016-04-25_5,8,none,,niblack,docling_easyocr,llama,2,0,0,0,2,0.0,0.0,0.0,0,,,,,64.14134531,1
publimetro_2016-04-25_5,8,none,,niblack,docling_rapidocr,llama,2,0,0,0,2,0.0,0.0,0.0,0,,,,,11.11593442,1
publimetro_2016-04-25_5,8,none,,none_color,docling_easyocr,llama,2,0,0,0,2,0.0,0.0,0.0,0,,,,,84.314052723,1
publimetro_2016-04-25_5,8,none,,none_color,docling_rapidocr,llama,2,0,0,0,2,0.0,0.0,0.0,0,,,,,18.504208229,1
publimetro_2016-04-25_5,8,none,,none_grayscale,docling_easyocr,llama,2,0,0,0,2,0.0,0.0,0.0,0,,,,,76.357257031,1
publimetro_2016-04-25_5,8,none,,none_grayscale,docling_rapidocr,llama,2,0,0,0,2,0.0,0.0,0.0,0,,,,,18.642155789,1
publimetro_2016-04-25_5,8,none,,otsu,docling_easyocr,llama,2,0,0,0,2,0.0,0.0,0.0,0,,,,,83.659366894,1
publimetro_2016-04-25_5,8,none,,otsu,docling_rapidocr,llama,2,0,0,0,2,0.0,0.0,0.0,0,,,,,18.754660178,1
publimetro_2016-04-25_5,9,none,,adaptive_gaussian,docling_easyocr,llama,2,0,0,0,2,0.0,0.0,0.0,0,,,,,92.268489771,1
publimetro_2016-04-25_5,9,none,,adaptive_gaussian,docling_rapidocr,llama,2,0,0,0,2,0.0,0.0,0.0,0,,,,,19.161286049,1
publimetro_2016-04-25_5,9,none,,adaptive_mean,docling_easyocr,llama,2,0,0,0,2,0.0,0.0,0.0,0,,,,,85.719420315,1
publimetro_2016-04-25_5,9,none,,adaptive_mean,docling_rapidocr,llama,2,0,0,0,2,0.0,0.0,0.0,0,,,,,18.055060746,1
publimetro_2016-04-25_5,9,none,,basic,docling_easyocr,llama,2,0,0,0,2,0.0,0.0,0.0,0,,,,,88.613584919,1
publimetro_2016-04-25_5,9,none,,basic,docling_rapidocr,llama,2,0,0,0,2,0.0,0.0,0.0,0,,,,,19.074324293,1
publimetro_2016-04-25_5,9,none,,niblack,docling_easyocr,llama,2,0,0,0,2,0.0,0.0,0.0,0,,,,,63.973152468,1
publimetro_2016-04-25_5,9,none,,niblack,docling_rapidocr,llama,2,0,0,0,2,0.0,0.0,0.0,0,,,,,10.895683834,1
publimetro_2016-04-25_5,9,none,,none_color,docling_easyocr,llama,2,0,0,0,2,0.0,0.0,0.0,0,,,,,93.908509749,1
publimetro_2016-04-25_5,9,none,,none_color,docling_rapidocr,llama,2,0,0,0,2,0.0,0.0,0.0,0,,,,,21.722567337,1
publimetro_2016-04-25_5,9,none,,none_grayscale,docling_easyocr,llama,2,0,0,0,2,0.0,0.0,0.0,0,,,,,93.682522055,1
publimetro_2016-04-25_5,9,none,,none_grayscale,docling_rapidocr,llama,2,0,0,0,2,0.0,0.0,0.0,0,,,,,18.495109555,1
publimetro_2016-04-25_5,9,none,,otsu,docling_easyocr,llama,2,0,0,0,2,0.0,0.0,0.0,0,,,,,91.647032734,1
publimetro_2016-04-25_5,9,none,,otsu,docling_rapidocr,llama,2,0,0,0,2,0.0,0.0,0.0,0,,,,,19.3221693,1
publimetro_2016-04-25_5,10,none,,adaptive_gaussian,docling_easyocr,llama,2,0,0,0,2,0.0,0.0,0.0,0,,,,,89.276397835,1
publimetro_2016-04-25_5,10,none,,adaptive_gaussian,docling_rapidocr,llama,2,0,0,0,2,0.0,0.0,0.0,0,,,,,18.849370371,1
publimetro_2016-04-25_5,10,none,,adaptive_mean,docling_easyocr,llama,2,0,0,0,2,0.0,0.0,0.0,0,,,,,83.730593045,1
publimetro_2016-04-25_5,10,none,,adaptive_mean,docling_rapidocr,llama,2,0,0,0,2,0.0,0.0,0.0,0,,,,,18.851772387,1
publimetro_2016-04-25_5,10,none,,basic,docling_easyocr,llama,2,0,0,0,2,0.0,0.0,0.0,0,,,,,85.56669891,1
publimetro_2016-04-25_5,10,none,,basic,docling_rapidocr,llama,2,0,0,0,2,0.0,0.0,0.0,0,,,,,18.986029269,1
publimetro_2016-04-25_5,10,none,,niblack,docling_easyocr,llama,2,0,0,0,2,0.0,0.0,0.0,0,,,,,60.70610812,1
publimetro_2016-04-25_5,10,none,,niblack,docling_rapidocr,llama,2,0,0,0,2,0.0,0.0,0.0,0,,,,,10.540777233,1
publimetro_2016-04-25_5,10,none,,none_color,docling_easyocr,llama,2,0,0,0,2,0.0,0.0,0.0,0,,,,,105.16641066,1
publimetro_2016-04-25_5,10,none,,none_color,docling_rapidocr,llama,2,0,0,0,2,0.0,0.0,0.0,0,,,,,23.144013619,1
publimetro_2016-04-25_5,10,none,,none_grayscale,docling_easyocr,llama,2,0,0,0,2,0.0,0.0,0.0,0,,,,,96.560111332,1
publimetro_2016-04-25_5,10,none,,none_grayscale,docling_rapidocr,llama,2,0,0,0,2,0.0,0.0,0.0,0,,,,,19.930577326,1
publimetro_2016-04-25_5,10,none,,otsu,docling_easyocr,llama,2,0,0,0,2,0.0,0.0,0.0,0,,,,,91.665748312,1
publimetro_2016-04-25_5,10,none,,otsu,docling_rapidocr,llama,2,0,0,0,2,0.0,0.0,0.0,0,,,,,19.864815905,1
publimetro_2016-04-25_5,11,none,,adaptive_gaussian,docling_easyocr,llama,2,0,0,0,2,0.0,0.0,0.0,0,,,,,85.35330008,1
publimetro_2016-04-25_5,11,none,,adaptive_gaussian,docling_rapidocr,llama,2,0,0,0,2,0.0,0.0,0.0,0,,,,,17.440212712,1
publimetro_2016-04-25_5,11,none,,adaptive_mean,docling_easyocr,llama,2,0,0,0,2,0.0,0.0,0.0,0,,,,,72.254213505,1
publimetro_2016-04-25_5,11,none,,adaptive_mean,docling_rapidocr,llama,2,0,0,0,2,0.0,0.0,0.0,0,,,,,17.079387837,1
publimetro_2016-04-25_5,11,none,,basic,docling_easyocr,llama,2,0,0,0,2,0.0,0.0,0.0,0,,,,,65.294656729,1
publimetro_2016-04-25_5,11,none,,basic,docling_rapidocr,llama,2,0,0,0,2,0.0,0.0,0.0,0,,,,,11.267988657,1
publimetro_2016-04-25_5,11,none,,niblack,docling_easyocr,llama,2,0,0,0,2,0.0,0.0,0.0,0,,,,,63.856623366,1
publimetro_2016-04-25_5,11,none,,niblack,docling_rapidocr,llama,2,0,0,0,2,0.0,0.0,0.0,0,,,,,10.67979069,1
publimetro_2016-04-25_5,11,none,,none_color,docling_easyocr,llama,2,0,0,0,2,0.0,0.0,0.0,0,,,,,93.606620453,1
publimetro_2016-04-25_5,11,none,,none_color,docling_rapidocr,llama,2,0,0,0,2,0.0,0.0,0.0,0,,,,,18.172536038,1
publimetro_2016-04-25_5,11,none,,none_grayscale,docling_easyocr,llama,2,0,0,0,2,0.0,0.0,0.0,0,,,,,92.142264269,1
publimetro_2016-04-25_5,11,none,,none_grayscale,docling_rapidocr,llama,2,0,0,0,2,0.0,0.0,0.0,0,,,,,19.307119511,1
publimetro_2016-04-25_5,11,none,,otsu,docling_easyocr,llama,2,0,0,0,2,0.0,0.0,0.0,0,,,,,87.397527504,1
publimetro_2016-04-25_5,11,none,,otsu,docling_rapidocr,llama,2,0,0,0,2,0.0,0.0,0.0,0,,,,,19.056966353,1
publimetro_2016-04-25_5,12,none,,adaptive_gaussian,docling_easyocr,llama,2,0,0,0,2,0.0,0.0,0.0,0,,,,,130.166718032,1
publimetro_2016-04-25_5,12,none,,adaptive_gaussian,docling_rapidocr,llama,2,0,0,0,2,0.0,0.0,0.0,0,,,,,50.655733134,1
publimetro_2016-04-25_5,12,none,,adaptive_mean,docling_easyocr,llama,2,0,0,0,2,0.0,0.0,0.0,0,,,,,125.874958251,1
publimetro_2016-04-25_5,12,none,,adaptive_mean,docling_rapidocr,llama,2,0,0,0,2,0.0,0.0,0.0,0,,,,,50.454235766,1
publimetro_2016-04-25_5,12,none,,basic,docling_easyocr,llama,2,0,0,0,2,0.0,0.0,0.0,0,,,,,113.593020694,1
publimetro_2016-04-25_5,12,none,,basic,docling_rapidocr,llama,2,0,0,0,2,0.0,0.0,0.0,0,,,,,51.141485469,1
publimetro_2016-04-25_5,12,none,,niblack,docling_easyocr,llama,2,0,0,0,2,0.0,0.0,0.0,0,,,,,95.350946017,1
publimetro_2016-04-25_5,12,none,,niblack,docling_rapidocr,llama,2,0,0,0,2,0.0,0.0,0.0,0,,,,,43.415391751,1
publimetro_2016-04-25_5,12,none,,none_color,docling_easyocr,llama,2,0,0,0,2,0.0,0.0,0.0,0,,,,,117.952987542,1
publimetro_2016-04-25_5,12,none,,none_color,docling_rapidocr,llama,2,0,0,0,2,0.0,0.0,0.0,0,,,,,56.28412353,1
publimetro_2016-04-25_5,12,none,,none_grayscale,docling_easyocr,llama,2,0,0,0,2,0.0,0.0,0.0,0,,,,,124.008270684,1
publimetro_2016-04-25_5,12,none,,none_grayscale,docling_rapidocr,llama,2,0,0,0,2,0.0,0.0,0.0,0,,,,,54.435908976,1
publimetro_2016-04-25_5,12,none,,otsu,docling_easyocr,llama,2,0,0,0,2,0.0,0.0,0.0,0,,,,,128.546096175,1
publimetro_2016-04-25_5,12,none,,otsu,docling_rapidocr,llama,2,0,0,0,2,0.0,0.0,0.0,0,,,,,56.569562285,1
publimetro_2016-04-25_5,13,none,,adaptive_gaussian,docling_easyocr,llama,2,0,0,0,2,0.0,0.0,0.0,0,,,,,113.633698483,1
publimetro_2016-04-25_5,13,none,,adaptive_gaussian,docling_rapidocr,llama,2,0,0,0,2,0.0,0.0,0.0,0,,,,,49.141722699,1
publimetro_2016-04-25_5,13,none,,adaptive_mean,docling_easyocr,llama,2,0,0,0,2,0.0,0.0,0.0,0,,,,,126.282489268,1
publimetro_2016-04-25_5,13,none,,adaptive_mean,docling_rapidocr,llama,2,0,0,0,2,0.0,0.0,0.0,0,,,,,48.129861562,1
publimetro_2016-04-25_5,13,none,,basic,docling_easyocr,llama,2,0,0,0,2,0.0,0.0,0.0,0,,,,,127.257051478,1
publimetro_2016-04-25_5,13,none,,basic,docling_rapidocr,llama,2,0,0,0,2,0.0,0.0,0.0,0,,,,,54.173774014,1
publimetro_2016-04-25_5,13,none,,niblack,docling_easyocr,llama,2,0,0,0,2,0.0,0.0,0.0,0,,,,,94.895602692,1
publimetro_2016-04-25_5,13,none,,niblack,docling_rapidocr,llama,2,0,0,0,2,0.0,0.0,0.0,0,,,,,42.731227387,1
publimetro_2016-04-25_5,13,none,,none_color,docling_easyocr,llama,2,0,0,0,2,0.0,0.0,0.0,0,,,,,125.938333854,1
publimetro_2016-04-25_5,13,none,,none_color,docling_rapidocr,llama,2,0,0,0,2,0.0,0.0,0.0,0,,,,,55.12452875,1
publimetro_2016-04-25_5,13,none,,none_grayscale,docling_easyocr,llama,2,0,0,0,2,0.0,0.0,0.0,0,,,,,125.216682134,1
publimetro_2016-04-25_5,13,none,,none_grayscale,docling_rapidocr,llama,2,0,0,0,2,0.0,0.0,0.0,0,,,,,55.755037722,1
publimetro_2016-04-25_5,13,none,,otsu,docling_easyocr,llama,2,0,0,0,2,0.0,0.0,0.0,0,,,,,125.799064481,1
publimetro_2016-04-25_5,13,none,,otsu,docling_rapidocr,llama,2,0,0,0,2,0.0,0.0,0.0,0,,,,,55.329121911,1
publimetro_2016-04-25_5,14,none,,adaptive_gaussian,docling_easyocr,llama,2,0,0,0,2,0.0,0.0,0.0,0,,,,,128.551457803,1
publimetro_2016-04-25_5,14,none,,adaptive_gaussian,docling_rapidocr,llama,2,0,0,0,2,0.0,0.0,0.0,0,,,,,50.805049102,1
publimetro_2016-04-25_5,14,none,,adaptive_mean,docling_easyocr,llama,2,0,0,0,2,0.0,0.0,0.0,0,,,,,116.522454131,1
publimetro_2016-04-25_5,14,none,,adaptive_mean,docling_rapidocr,llama,2,0,0,0,2,0.0,0.0,0.0,0,,,,,48.753815043,1
publimetro_2016-04-25_5,14,none,,basic,docling_easyocr,llama,2,0,0,0,2,0.0,0.0,0.0,0,,,,,122.940303237,1
publimetro_2016-04-25_5,14,none,,basic,docling_rapidocr,llama,2,0,0,0,2,0.0,0.0,0.0,0,,,,,51.156291396,1
publimetro_2016-04-25_5,14,none,,niblack,docling_easyocr,llama,2,0,0,0,2,0.0,0.0,0.0,0,,,,,88.993477307,1
publimetro_2016-04-25_5,14,none,,niblack,docling_rapidocr,llama,2,0,0,0,2,0.0,0.0,0.0,0,,,,,42.648389541,1
publimetro_2016-04-25_5,14,none,,none_color,docling_easyocr,llama,2,0,0,0,2,0.0,0.0,0.0,0,,,,,123.687229949,1
publimetro_2016-04-25_5,14,none,,none_color,docling_rapidocr,llama,2,0,0,0,2,0.0,0.0,0.0,0,,,,,52.638427096,1
publimetro_2016-04-25_5,14,none,,none_grayscale,docling_easyocr,llama,2,0,0,0,2,0.0,0.0,0.0,0,,,,,114.5899957,1
publimetro_2016-04-25_5,14,none,,none_grayscale,docling_rapidocr,llama,2,0,0,0,2,0.0,0.0,0.0,0,,,,,55.861559707,1
publimetro_2016-04-25_5,14,none,,otsu,docling_easyocr,llama,2,0,0,0,2,0.0,0.0,0.0,0,,,,,114.05752085,1
publimetro_2016-04-25_5,14,none,,otsu,docling_rapidocr,llama,2,0,0,0,2,0.0,0.0,0.0,0,,,,,48.830812438,1
publimetro_2016-04-25_5,15,none,,adaptive_gaussian,docling_easyocr,llama,2,0,0,0,2,0.0,0.0,0.0,0,,,,,65.404285603,1
publimetro_2016-04-25_5,15,none,,adaptive_gaussian,docling_rapidocr,llama,2,0,0,0,2,0.0,0.0,0.0,0,,,,,10.193612986,1
publimetro_2016-04-25_5,15,none,,adaptive_mean,docling_easyocr,llama,2,0,0,0,2,0.0,0.0,0.0,0,,,,,66.038499953,1
publimetro_2016-04-25_5,15,none,,adaptive_mean,docling_rapidocr,llama,2,0,0,0,2,0.0,0.0,0.0,0,,,,,10.589639546,1
publimetro_2016-04-25_5,15,none,,basic,docling_easyocr,llama,2,0,0,0,2,0.0,0.0,0.0,0,,,,,94.820295974,1
publimetro_2016-04-25_5,15,none,,basic,docling_rapidocr,llama,2,0,0,0,2,0.0,0.0,0.0,0,,,,,24.680447265,1
publimetro_2016-04-25_5,15,none,,niblack,docling_easyocr,llama,2,0,0,0,2,0.0,0.0,0.0,0,,,,,61.744768668,1
publimetro_2016-04-25_5,15,none,,niblack,docling_rapidocr,llama,2,0,0,0,2,0.0,0.0,0.0,0,,,,,11.948659468,1
publimetro_2016-04-25_5,15,none,,none_color,docling_easyocr,llama,2,0,0,0,2,0.0,0.0,0.0,0,,,,,94.667361993,1
publimetro_2016-04-25_5,15,none,,none_color,docling_rapidocr,llama,2,0,0,0,2,0.0,0.0,0.0,0,,,,,24.331747073,1
publimetro_2016-04-25_5,15,none,,none_grayscale,docling_easyocr,llama,2,0,0,0,2,0.0,0.0,0.0,0,,,,,90.578149171,1
publimetro_2016-04-25_5,15,none,,none_grayscale,docling_rapidocr,llama,2,0,0,0,2,0.0,0.0,0.0,0,,,,,22.579025597,1
publimetro_2016-04-25_5,15,none,,otsu,docling_easyocr,llama,2,0,0,0,2,0.0,0.0,0.0,0,,,,,80.894787547,1
publimetro_2016-04-25_5,15,none,,otsu,docling_rapidocr,llama,2,0,0,0,2,0.0,0.0,0.0,0,,,,,23.815036771,1
publimetro_2016-04-25_5,16,none,,adaptive_gaussian,docling_easyocr,llama,2,0,0,0,2,0.0,0.0,0.0,0,,,,,64.512242863,1
publimetro_2016-04-25_5,16,none,,adaptive_gaussian,docling_rapidocr,llama,2,0,0,0,2,0.0,0.0,0.0,0,,,,,10.708486387,1
publimetro_2016-04-25_5,16,none,,adaptive_mean,docling_easyocr,llama,2,0,0,0,2,0.0,0.0,0.0,0,,,,,64.659756201,1
publimetro_2016-04-25_5,16,none,,adaptive_mean,docling_rapidocr,llama,2,0,0,0,2,0.0,0.0,0.0,0,,,,,11.009048479,1
publimetro_2016-04-25_5,16,none,,basic,docling_easyocr,llama,2,0,0,0,2,0.0,0.0,0.0,0,,,,,94.397113144,1
publimetro_2016-04-25_5,16,none,,basic,docling_rapidocr,llama,2,0,0,0,2,0.0,0.0,0.0,0,,,,,24.248306333,1
publimetro_2016-04-25_5,16,none,,niblack,docling_easyocr,llama,2,0,0,0,2,0.0,0.0,0.0,0,,,,,63.170400274,1
publimetro_2016-04-25_5,16,none,,niblack,docling_rapidocr,llama,2,0,0,0,2,0.0,0.0,0.0,0,,,,,11.880019319,1
publimetro_2016-04-25_5,16,none,,none_color,docling_easyocr,llama,2,0,0,0,2,0.0,0.0,0.0,0,,,,,93.889712009,1
publimetro_2016-04-25_5,16,none,,none_color,docling_rapidocr,llama,2,0,0,0,2,0.0,0.0,0.0,0,,,,,24.776648674,1
publimetro_2016-04-25_5,16,none,,none_grayscale,docling_easyocr,llama,2,0,0,0,2,0.0,0.0,0.0,0,,,,,98.102502809,1
publimetro_2016-04-25_5,16,none,,none_grayscale,docling_rapidocr,llama,2,0,0,0,2,0.0,0.0,0.0,0,,,,,23.635149227,1
publimetro_2016-04-25_5,16,none,,otsu,docling_easyocr,llama,2,0,0,0,2,0.0,0.0,0.0,0,,,,,95.545769346,1
publimetro_2016-04-25_5,16,none,,otsu,docling_rapidocr,llama,2,0,0,0,2,0.0,0.0,0.0,0,,,,,24.65141548,1
publimetro_2016-04-25_5,17,none,,adaptive_gaussian,docling_easyocr,llama,2,0,0,0,2,0.0,0.0,0.0,0,,,,,65.693581888,1
publimetro_2016-04-25_5,17,none,,adaptive_gaussian,docling_rapidocr,llama,2,0,0,0,2,0.0,0.0,0.0,0,,,,,10.64922125,1
publimetro_2016-04-25_5,17,none,,adaptive_mean,docling_easyocr,llama,2,0,0,0,2,0.0,0.0,0.0,0,,,,,66.035435455,1
publimetro_2016-04-25_5,17,none,,adaptive_mean,docling_rapidocr,llama,2,0,0,0,2,0.0,0.0,0.0,0,,,,,11.886713045,1
publimetro_2016-04-25_5,17,none,,basic,docling_easyocr,llama,2,0,0,0,2,0.0,0.0,0.0,0,,,,,86.822813093,1
publimetro_2016-04-25_5,17,none,,basic,docling_rapidocr,llama,2,0,0,0,2,0.0,0.0,0.0,0,,,,,20.810231029,1
publimetro_2016-04-25_5,17,none,,niblack,docling_easyocr,llama,2,0,0,0,2,0.0,0.0,0.0,0,,,,,61.759569828,1
publimetro_2016-04-25_5,17,none,,niblack,docling_rapidocr,llama,2,0,0,0,2,0.0,0.0,0.0,0,,,,,11.434201185,1
publimetro_2016-04-25_5,17,none,,none_color,docling_easyocr,llama,2,0,0,0,2,0.0,0.0,0.0,0,,,,,88.492498384,1
publimetro_2016-04-25_5,17,none,,none_color,docling_rapidocr,llama,2,0,0,0,2,0.0,0.0,0.0,0,,,,,20.338301884,1
publimetro_2016-04-25_5,17,none,,none_grayscale,docling_easyocr,llama,2,0,0,0,2,0.0,0.0,0.0,0,,,,,97.332091795,1
publimetro_2016-04-25_5,17,none,,none_grayscale,docling_rapidocr,llama,2,0,0,0,2,0.0,0.0,0.0,0,,,,,24.089234339,1
publimetro_2016-04-25_5,17,none,,otsu,docling_easyocr,llama,2,0,0,0,2,0.0,0.0,0.0,0,,,,,84.666159523,1
publimetro_2016-04-25_5,17,none,,otsu,docling_rapidocr,llama,2,0,0,0,2,0.0,0.0,0.0,0,,,,,23.626007212,1
publimetro_2016-04-25_5,18,none,,adaptive_gaussian,docling_easyocr,llama,2,0,0,0,2,0.0,0.0,0.0,0,,,,,62.081353285,1
publimetro_2016-04-25_5,18,none,,adaptive_gaussian,docling_rapidocr,llama,2,0,0,0,2,0.0,0.0,0.0,0,,,,,10.881712534,1
publimetro_2016-04-25_5,18,none,,adaptive_mean,docling_easyocr,llama,2,0,0,0,2,0.0,0.0,0.0,0,,,,,54.895406126,1
publimetro_2016-04-25_5,18,none,,adaptive_mean,docling_rapidocr,llama,2,0,0,0,2,0.0,0.0,0.0,0,,,,,12.288640856,1
publimetro_2016-04-25_5,18,none,,basic,docling_easyocr,llama,2,0,0,0,2,0.0,0.0,0.0,0,,,,,62.258678596,1
publimetro_2016-04-25_5,18,none,,basic,docling_rapidocr,llama,2,0,0,0,2,0.0,0.0,0.0,0,,,,,11.404562395,1
publimetro_2016-04-25_5,18,none,,niblack,docling_easyocr,llama,2,0,0,0,2,0.0,0.0,0.0,0,,,,,63.657717026,1
publimetro_2016-04-25_5,18,none,,otsu,docling_easyocr,llama,2,0,0,0,2,0.0,0.0,0.0,0,,,,,62.864213461,1
publimetro_2016-04-25_5,18,none,,otsu,docling_rapidocr,llama,2,0,0,0,2,0.0,0.0,0.0,0,,,,,11.333950991,1
publimetro_2016-04-25_5,18,none,,yannihorne,docling_rapidocr,llama,2,0,0,0,2,0.0,0.0,0.0,0,,,,,11.638736481,1
publimetro_2016-04-25_5,19,none,,adaptive_gaussian,docling_easyocr,llama,2,0,0,0,2,0.0,0.0,0.0,0,,,,,57.902904991,1
publimetro_2016-04-25_5,19,none,,adaptive_gaussian,docling_rapidocr,llama,2,0,0,0,2,0.0,0.0,0.0,0,,,,,11.152630571,1
publimetro_2016-04-25_5,19,none,,adaptive_mean,docling_easyocr,llama,2,0,0,0,2,0.0,0.0,0.0,0,,,,,61.197099876,1
publimetro_2016-04-25_5,19,none,,adaptive_mean,docling_rapidocr,llama,2,0,0,0,2,0.0,0.0,0.0,0,,,,,10.971135092,1
publimetro_2016-04-25_5,19,none,,basic,docling_easyocr,llama,2,0,0,0,2,0.0,0.0,0.0,0,,,,,61.943504804,1
publimetro_2016-04-25_5,19,none,,basic,docling_rapidocr,llama,2,0,0,0,2,0.0,0.0,0.0,0,,,,,11.312194103,1
publimetro_2016-04-25_5,19,none,,niblack,docling_easyocr,llama,2,0,0,0,2,0.0,0.0,0.0,0,,,,,63.749657833,1
publimetro_2016-04-25_5,19,none,,otsu,docling_easyocr,llama,2,0,0,0,2,0.0,0.0,0.0,0,,,,,62.269750662,1
publimetro_2016-04-25_5,19,none,,otsu,docling_rapidocr,llama,2,0,0,0,2,0.0,0.0,0.0,0,,,,,12.122399158,1
publimetro_2016-04-25_5,19,none,,yannihorne,docling_rapidocr,llama,2,0,0,0,2,0.0,0.0,0.0,0,,,,,11.271480865,1
publimetro_2016-04-25_5,20,none,,adaptive_gaussian,docling_easyocr,llama,2,0,0,0,2,0.0,0.0,0.0,0,,,,,54.985181851,1
publimetro_2016-04-25_5,20,none,,adaptive_gaussian,docling_rapidocr,llama,2,0,0,0,2,0.0,0.0,0.0,0,,,,,11.016964478,1
publimetro_2016-04-25_5,20,none,,adaptive_mean,docling_easyocr,llama,2,0,0,0,2,0.0,0.0,0.0,0,,,,,62.97168738,1
publimetro_2016-04-25_5,20,none,,adaptive_mean,docling_rapidocr,llama,2,0,0,0,2,0.0,0.0,0.0,0,,,,,10.929853026,1
publimetro_2016-04-25_5,20,none,,basic,docling_easyocr,llama,2,0,0,0,2,0.0,0.0,0.0,0,,,,,53.32197939,1
publimetro_2016-04-25_5,20,none,,basic,docling_rapidocr,llama,2,0,0,0,2,0.0,0.0,0.0,0,,,,,11.387108431,1
publimetro_2016-04-25_5,20,none,,niblack,docling_easyocr,llama,2,0,0,0,2,0.0,0.0,0.0,0,,,,,56.550987816,1
publimetro_2016-04-25_5,20,none,,otsu,docling_easyocr,llama,2,0,0,0,2,0.0,0.0,0.0,0,,,,,63.383920848,1
publimetro_2016-04-25_5,20,none,,otsu,docling_rapidocr,llama,2,0,0,0,2,0.0,0.0,0.0,0,,,,,10.890944659,1
publimetro_2016-04-25_5,20,none,,yannihorne,docling_rapidocr,llama,2,0,0,0,2,0.0,0.0,0.0,0,,,,,11.483695685,1
publimetro_2016-04-25_5,21,none,,adaptive_gaussian,docling_easyocr,llama,2,0,0,0,2,0.0,0.0,0.0,0,,,,,172.488627995,1
publimetro_2016-04-25_5,21,none,,adaptive_gaussian,docling_rapidocr,llama,2,0,0,0,2,0.0,0.0,0.0,0,,,,,106.644495333,1
publimetro_2016-04-25_5,21,none,,adaptive_mean,docling_easyocr,llama,2,0,0,0,2,0.0,0.0,0.0,0,,,,,180.430871592,1
publimetro_2016-04-25_5,21,none,,adaptive_mean,docling_rapidocr,llama,2,0,0,0,2,0.0,0.0,0.0,0,,,,,106.301202641,1
publimetro_2016-04-25_5,21,none,,basic,docling_easyocr,llama,2,0,0,0,2,0.0,0.0,0.0,0,,,,,162.146052912,1
publimetro_2016-04-25_5,21,none,,basic,docling_rapidocr,llama,2,0,0,0,2,0.0,0.0,0.0,0,,,,,105.370864466,1
publimetro_2016-04-25_5,21,none,,niblack,docling_easyocr,llama,2,0,0,0,2,0.0,0.0,0.0,0,,,,,154.034707995,1
publimetro_2016-04-25_5,21,none,,niblack,docling_rapidocr,llama,2,0,0,0,2,0.0,0.0,0.0,0,,,,,99.75198886,1
publimetro_2016-04-25_5,21,none,,none_color,docling_easyocr,llama,2,0,0,0,2,0.0,0.0,0.0,0,,,,,184.107388261,1
publimetro_2016-04-25_5,21,none,,none_color,docling_rapidocr,llama,2,0,0,0,2,0.0,0.0,0.0,0,,,,,108.651848557,1
publimetro_2016-04-25_5,21,none,,none_grayscale,docling_easyocr,llama,2,0,0,0,2,0.0,0.0,0.0,0,,,,,182.737165215,1
publimetro_2016-04-25_5,21,none,,none_grayscale,docling_rapidocr,llama,2,0,0,0,2,0.0,0.0,0.0,0,,,,,109.229594233,1
publimetro_2016-04-25_5,21,none,,otsu,docling_easyocr,llama,2,0,0,0,2,0.0,0.0,0.0,0,,,,,182.840085654,1
publimetro_2016-04-25_5,21,none,,otsu,docling_rapidocr,llama,2,0,0,0,2,0.0,0.0,0.0,0,,,,,106.84967175,1
publimetro_2016-04-25_5,22,none,,adaptive_gaussian,docling_easyocr,llama,2,0,0,0,2,0.0,0.0,0.0,0,,,,,166.741523873,1
publimetro_2016-04-25_5,22,none,,adaptive_gaussian,docling_rapidocr,llama,2,0,0,0,2,0.0,0.0,0.0,0,,,,,105.883503806,1
publimetro_2016-04-25_5,22,none,,adaptive_mean,docling_easyocr,llama,2,0,0,0,2,0.0,0.0,0.0,0,,,,,165.181983073,1
publimetro_2016-04-25_5,22,none,,adaptive_mean,docling_rapidocr,llama,2,0,0,0,2,0.0,0.0,0.0,0,,,,,106.05474766,1
publimetro_2016-04-25_5,22,none,,basic,docling_easyocr,llama,2,0,0,0,2,0.0,0.0,0.0,0,,,,,170.96590786,1
publimetro_2016-04-25_5,22,none,,basic,docling_rapidocr,llama,2,0,0,0,2,0.0,0.0,0.0,0,,,,,104.891975451,1
publimetro_2016-04-25_5,22,none,,niblack,docling_easyocr,llama,2,0,0,0,2,0.0,0.0,0.0,0,,,,,144.047758151,1
publimetro_2016-04-25_5,22,none,,niblack,docling_rapidocr,llama,2,0,0,0,2,0.0,0.0,0.0,0,,,,,99.332912493,1
publimetro_2016-04-25_5,22,none,,none_color,docling_easyocr,llama,2,0,0,0,2,0.0,0.0,0.0,0,,,,,182.982460713,1
publimetro_2016-04-25_5,22,none,,none_color,docling_rapidocr,llama,2,0,0,0,2,0.0,0.0,0.0,0,,,,,111.893959021,1
publimetro_2016-04-25_5,22,none,,none_grayscale,docling_easyocr,llama,2,0,0,0,2,0.0,0.0,0.0,0,,,,,182.533930516,1
publimetro_2016-04-25_5,22,none,,none_grayscale,docling_rapidocr,llama,2,0,0,0,2,0.0,0.0,0.0,0,,,,,110.755146002,1
publimetro_2016-04-25_5,22,none,,otsu,docling_easyocr,llama,2,0,0,0,2,0.0,0.0,0.0,0,,,,,184.334891202,1
publimetro_2016-04-25_5,22,none,,otsu,docling_rapidocr,llama,2,0,0,0,2,0.0,0.0,0.0,0,,,,,105.262377383,1
publimetro_2016-04-25_5,23,none,,adaptive_gaussian,docling_easyocr,llama,2,0,0,0,2,0.0,0.0,0.0,0,,,,,173.026975135,1
publimetro_2016-04-25_5,23,none,,adaptive_gaussian,docling_rapidocr,llama,2,0,0,0,2,0.0,0.0,0.0,0,,,,,107.683711508,1
publimetro_2016-04-25_5,23,none,,adaptive_mean,docling_easyocr,llama,2,0,0,0,2,0.0,0.0,0.0,0,,,,,179.334354329,1
publimetro_2016-04-25_5,23,none,,adaptive_mean,docling_rapidocr,llama,2,0,0,0,2,0.0,0.0,0.0,0,,,,,107.069147753,1
publimetro_2016-04-25_5,23,none,,basic,docling_easyocr,llama,2,0,0,0,2,0.0,0.0,0.0,0,,,,,156.43909499,1
publimetro_2016-04-25_5,23,none,,basic,docling_rapidocr,llama,2,0,0,0,2,0.0,0.0,0.0,0,,,,,101.338291615,1
publimetro_2016-04-25_5,23,none,,niblack,docling_easyocr,llama,2,0,0,0,2,0.0,0.0,0.0,0,,,,,152.913194367,1
publimetro_2016-04-25_5,23,none,,niblack,docling_rapidocr,llama,2,0,0,0,2,0.0,0.0,0.0,0,,,,,98.722325036,1
publimetro_2016-04-25_5,23,none,,none_color,docling_easyocr,llama,2,0,0,0,2,0.0,0.0,0.0,0,,,,,182.715007991,1
publimetro_2016-04-25_5,23,none,,none_color,docling_rapidocr,llama,2,0,0,0,2,0.0,0.0,0.0,0,,,,,110.731689662,1
publimetro_2016-04-25_5,23,none,,none_grayscale,docling_easyocr,llama,2,0,0,0,2,0.0,0.0,0.0,0,,,,,183.474805491,1
publimetro_2016-04-25_5,23,none,,none_grayscale,docling_rapidocr,llama,2,0,0,0,2,0.0,0.0,0.0,0,,,,,110.517028706,1
publimetro_2016-04-25_5,23,none,,otsu,docling_easyocr,llama,2,0,0,0,2,0.0,0.0,0.0,0,,,,,169.764111561,1
publimetro_2016-04-25_5,23,none,,otsu,docling_rapidocr,llama,2,0,0,0,2,0.0,0.0,0.0,0,,,,,107.125589175,1
publimetro_2016-04-25_5,24,none,,adaptive_gaussian,docling_easyocr,llama,2,0,0,0,2,0.0,0.0,0.0,0,,,,,81.100986947,1
publimetro_2016-04-25_5,24,none,,adaptive_gaussian,docling_rapidocr,llama,2,0,0,0,2,0.0,0.0,0.0,0,,,,,18.4618616,1
publimetro_2016-04-25_5,24,none,,adaptive_mean,docling_easyocr,llama,2,0,0,0,2,0.0,0.0,0.0,0,,,,,94.134089335,1
publimetro_2016-04-25_5,24,none,,adaptive_mean,docling_rapidocr,llama,2,0,0,0,2,0.0,0.0,0.0,0,,,,,18.819986685,1
publimetro_2016-04-25_5,24,none,,basic,docling_easyocr,llama,2,0,0,0,2,0.0,0.0,0.0,0,,,,,95.81754246,1
publimetro_2016-04-25_5,24,none,,basic,docling_rapidocr,llama,2,0,0,0,2,0.0,0.0,0.0,0,,,,,23.773167756,1
publimetro_2016-04-25_5,24,none,,niblack,docling_easyocr,llama,2,0,0,0,2,0.0,0.0,0.0,0,,,,,64.793886807,1
publimetro_2016-04-25_5,24,none,,niblack,docling_rapidocr,llama,2,0,0,0,2,0.0,0.0,0.0,0,,,,,10.968751576,1
publimetro_2016-04-25_5,24,none,,none_color,docling_easyocr,llama,2,0,0,0,2,0.0,0.0,0.0,0,,,,,97.625743151,1
publimetro_2016-04-25_5,24,none,,none_color,docling_rapidocr,llama,2,0,0,0,2,0.0,0.0,0.0,0,,,,,23.561776877,1
publimetro_2016-04-25_5,24,none,,none_grayscale,docling_easyocr,llama,2,0,0,0,2,0.0,0.0,0.0,0,,,,,82.749754885,1
publimetro_2016-04-25_5,24,none,,none_grayscale,docling_rapidocr,llama,2,0,0,0,2,0.0,0.0,0.0,0,,,,,24.145906428,1
publimetro_2016-04-25_5,24,none,,otsu,docling_easyocr,llama,2,0,0,0,2,0.0,0.0,0.0,0,,,,,95.532906989,1
publimetro_2016-04-25_5,24,none,,otsu,docling_rapidocr,llama,2,0,0,0,2,0.0,0.0,0.0,0,,,,,24.111872653,1
publimetro_2016-04-25_5,25,none,,adaptive_gaussian,docling_easyocr,llama,2,0,0,0,2,0.0,0.0,0.0,0,,,,,90.977848096,1
publimetro_2016-04-25_5,25,none,,adaptive_gaussian,docling_rapidocr,llama,2,0,0,0,2,0.0,0.0,0.0,0,,,,,16.958099646,1
publimetro_2016-04-25_5,25,none,,adaptive_mean,docling_easyocr,llama,2,0,0,0,2,0.0,0.0,0.0,0,,,,,90.119569293,1
publimetro_2016-04-25_5,25,none,,adaptive_mean,docling_rapidocr,llama,2,0,0,0,2,0.0,0.0,0.0,0,,,,,14.020451775,1
publimetro_2016-04-25_5,25,none,,basic,docling_easyocr,llama,2,0,0,0,2,0.0,0.0,0.0,0,,,,,84.505260667,1
publimetro_2016-04-25_5,25,none,,basic,docling_rapidocr,llama,2,0,0,0,2,0.0,0.0,0.0,0,,,,,20.942832192,1
publimetro_2016-04-25_5,25,none,,niblack,docling_easyocr,llama,2,0,0,0,2,0.0,0.0,0.0,0,,,,,54.527590909,1
publimetro_2016-04-25_5,25,none,,niblack,docling_rapidocr,llama,2,0,0,0,2,0.0,0.0,0.0,0,,,,,10.7901899,1
publimetro_2016-04-25_5,25,none,,none_color,docling_easyocr,llama,2,0,0,0,2,0.0,0.0,0.0,0,,,,,96.302380616,1
publimetro_2016-04-25_5,25,none,,none_color,docling_rapidocr,llama,2,0,0,0,2,0.0,0.0,0.0,0,,,,,19.450681979,1
publimetro_2016-04-25_5,25,none,,none_grayscale,docling_easyocr,llama,2,0,0,0,2,0.0,0.0,0.0,0,,,,,94.43919576,1
publimetro_2016-04-25_5,25,none,,none_grayscale,docling_rapidocr,llama,2,0,0,0,2,0.0,0.0,0.0,0,,,,,23.597912438,1
publimetro_2016-04-25_5,25,none,,otsu,docling_easyocr,llama,2,0,0,0,2,0.0,0.0,0.0,0,,,,,95.126847777,1
publimetro_2016-04-25_5,25,none,,otsu,docling_rapidocr,llama,2,0,0,0,2,0.0,0.0,0.0,0,,,,,24.570437941,1
publimetro_2016-04-25_5,26,none,,adaptive_gaussian,docling_easyocr,llama,2,0,0,0,2,0.0,0.0,0.0,0,,,,,81.365430398,1
publimetro_2016-04-25_5,26,none,,adaptive_gaussian,docling_rapidocr,llama,2,0,0,0,2,0.0,0.0,0.0,0,,,,,18.92981915,1
publimetro_2016-04-25_5,26,none,,adaptive_mean,docling_easyocr,llama,2,0,0,0,2,0.0,0.0,0.0,0,,,,,92.91095344,1
publimetro_2016-04-25_5,26,none,,adaptive_mean,docling_rapidocr,llama,2,0,0,0,2,0.0,0.0,0.0,0,,,,,18.539051451,1
publimetro_2016-04-25_5,26,none,,basic,docling_easyocr,llama,2,0,0,0,2,0.0,0.0,0.0,0,,,,,86.214598378,1
publimetro_2016-04-25_5,26,none,,basic,docling_rapidocr,llama,2,0,0,0,2,0.0,0.0,0.0,0,,,,,19.568062504,1
publimetro_2016-04-25_5,26,none,,niblack,docling_easyocr,llama,2,0,0,0,2,0.0,0.0,0.0,0,,,,,58.514057389,1
publimetro_2016-04-25_5,26,none,,niblack,docling_rapidocr,llama,2,0,0,0,2,0.0,0.0,0.0,0,,,,,10.435294142,1
publimetro_2016-04-25_5,26,none,,none_color,docling_easyocr,llama,2,0,0,0,2,0.0,0.0,0.0,0,,,,,95.135435946,1
publimetro_2016-04-25_5,26,none,,none_color,docling_rapidocr,llama,2,0,0,0,2,0.0,0.0,0.0,0,,,,,23.871336348,1
publimetro_2016-04-25_5,26,none,,none_grayscale,docling_easyocr,llama,2,0,0,0,2,0.0,0.0,0.0,0,,,,,95.216354497,1
publimetro_2016-04-25_5,26,none,,none_grayscale,docling_rapidocr,llama,2,0,0,0,2,0.0,0.0,0.0,0,,,,,21.650006421,1
publimetro_2016-04-25_5,26,none,,otsu,docling_easyocr,llama,2,0,0,0,2,0.0,0.0,0.0,0,,,,,82.010674748,1
publimetro_2016-04-25_5,26,none,,otsu,docling_rapidocr,llama,2,0,0,0,2,0.0,0.0,0.0,0,,,,,24.591115508,1
publimetro_2016-04-25_5,27,none,,adaptive_gaussian,docling_easyocr,llama,2,0,0,0,2,0.0,0.0,0.0,0,,,,,95.034188813,1
publimetro_2016-04-25_5,27,none,,adaptive_gaussian,docling_rapidocr,llama,2,0,0,0,2,0.0,0.0,0.0,0,,,,,19.920837468,1
publimetro_2016-04-25_5,27,none,,adaptive_mean,docling_easyocr,llama,2,0,0,0,2,0.0,0.0,0.0,0,,,,,79.360018267,1
publimetro_2016-04-25_5,27,none,,adaptive_mean,docling_rapidocr,llama,2,0,0,0,2,0.0,0.0,0.0,0,,,,,18.493479027,1
publimetro_2016-04-25_5,27,none,,basic,docling_easyocr,llama,2,0,0,0,2,0.0,0.0,0.0,0,,,,,89.530110177,1
publimetro_2016-04-25_5,27,none,,basic,docling_rapidocr,llama,2,0,0,0,2,0.0,0.0,0.0,0,,,,,22.890769299,1
publimetro_2016-04-25_5,27,none,,niblack,docling_easyocr,llama,2,0,0,0,2,0.0,0.0,0.0,0,,,,,65.69175931,1
publimetro_2016-04-25_5,27,none,,niblack,docling_rapidocr,llama,2,0,0,0,2,0.0,0.0,0.0,0,,,,,11.029855691,1
publimetro_2016-04-25_5,27,none,,none_color,docling_easyocr,llama,2,0,0,0,2,0.0,0.0,0.0,0,,,,,92.572037369,1
publimetro_2016-04-25_5,27,none,,none_color,docling_rapidocr,llama,2,0,0,0,2,0.0,0.0,0.0,0,,,,,24.694075972,1
publimetro_2016-04-25_5,27,none,,none_grayscale,docling_easyocr,llama,2,0,0,0,2,0.0,0.0,0.0,0,,,,,91.837053044,1
publimetro_2016-04-25_5,27,none,,none_grayscale,docling_rapidocr,llama,2,0,0,0,2,0.0,0.0,0.0,0,,,,,22.892847522,1
publimetro_2016-04-25_5,27,none,,otsu,docling_easyocr,llama,2,0,0,0,2,0.0,0.0,0.0,0,,,,,81.107126364,1
publimetro_2016-04-25_5,27,none,,otsu,docling_rapidocr,llama,2,0,0,0,2,0.0,0.0,0.0,0,,,,,24.472717175,1
publimetro_2016-04-25_5,28,none,,adaptive_gaussian,docling_easyocr,llama,2,0,0,0,2,0.0,0.0,0.0,0,,,,,86.660018736,1
publimetro_2016-04-25_5,28,none,,adaptive_gaussian,docling_rapidocr,llama,2,0,0,0,2,0.0,0.0,0.0,0,,,,,11.970958048,1
publimetro_2016-04-25_5,28,none,,adaptive_mean,docling_easyocr,llama,2,0,0,0,2,0.0,0.0,0.0,0,,,,,92.375735928,1
publimetro_2016-04-25_5,28,none,,adaptive_mean,docling_rapidocr,llama,2,0,0,0,2,0.0,0.0,0.0,0,,,,,17.542244841,1
publimetro_2016-04-25_5,28,none,,basic,docling_easyocr,llama,2,0,0,0,2,0.0,0.0,0.0,0,,,,,95.847570152,1
publimetro_2016-04-25_5,28,none,,basic,docling_rapidocr,llama,2,0,0,0,2,0.0,0.0,0.0,0,,,,,21.716448278,1
publimetro_2016-04-25_5,28,none,,niblack,docling_easyocr,llama,2,0,0,0,2,0.0,0.0,0.0,0,,,,,64.05808165,1
publimetro_2016-04-25_5,28,none,,niblack,docling_rapidocr,llama,2,0,0,0,2,0.0,0.0,0.0,0,,,,,10.002705358,1
publimetro_2016-04-25_5,28,none,,none_color,docling_easyocr,llama,2,0,0,0,2,0.0,0.0,0.0,0,,,,,94.368336504,1
publimetro_2016-04-25_5,28,none,,none_color,docling_rapidocr,llama,2,0,0,0,2,0.0,0.0,0.0,0,,,,,23.840035503,1
publimetro_2016-04-25_5,28,none,,none_grayscale,docling_easyocr,llama,2,0,0,0,2,0.0,0.0,0.0,0,,,,,80.66107406,1
publimetro_2016-04-25_5,28,none,,none_grayscale,docling_rapidocr,llama,2,0,0,0,2,0.0,0.0,0.0,0,,,,,19.993465084,1
publimetro_2016-04-25_5,28,none,,otsu,docling_easyocr,llama,2,0,0,0,2,0.0,0.0,0.0,0,,,,,95.281441732,1
publimetro_2016-04-25_5,28,none,,otsu,docling_rapidocr,llama,2,0,0,0,2,0.0,0.0,0.0,0,,,,,24.210773035,1
publimetro_2016-04-25_5,29,none,,adaptive_gaussian,docling_easyocr,llama,2,0,0,0,2,0.0,0.0,0.0,0,,,,,93.453492477,1
publimetro_2016-04-25_5,29,none,,adaptive_gaussian,docling_rapidocr,llama,2,0,0,0,2,0.0,0.0,0.0,0,,,,,19.709949091,1
publimetro_2016-04-25_5,29,none,,adaptive_mean,docling_easyocr,llama,2,0,0,0,2,0.0,0.0,0.0,0,,,,,93.740490936,1
publimetro_2016-04-25_5,29,none,,adaptive_mean,docling_rapidocr,llama,2,0,0,0,2,0.0,0.0,0.0,0,,,,,19.331404232,1
publimetro_2016-04-25_5,29,none,,basic,docling_easyocr,llama,2,0,0,0,2,0.0,0.0,0.0,0,,,,,84.317303722,1
publimetro_2016-04-25_5,29,none,,basic,docling_rapidocr,llama,2,0,0,0,2,0.0,0.0,0.0,0,,,,,16.59091193,1
publimetro_2016-04-25_5,29,none,,niblack,docling_easyocr,llama,2,0,0,0,2,0.0,0.0,0.0,0,,,,,63.96468792,1
publimetro_2016-04-25_5,29,none,,niblack,docling_rapidocr,llama,2,0,0,0,2,0.0,0.0,0.0,0,,,,,11.12234745,1
publimetro_2016-04-25_5,29,none,,none_color,docling_easyocr,llama,2,0,0,0,2,0.0,0.0,0.0,0,,,,,91.812224142,1
publimetro_2016-04-25_5,29,none,,none_color,docling_rapidocr,llama,2,0,0,0,2,0.0,0.0,0.0,0,,,,,22.619041912,1
publimetro_2016-04-25_5,29,none,,none_grayscale,docling_easyocr,llama,2,0,0,0,2,0.0,0.0,0.0,0,,,,,78.982323162,1
publimetro_2016-04-25_5,29,none,,none_grayscale,docling_rapidocr,llama,2,0,0,0,2,0.0,0.0,0.0,0,,,,,23.619338266,1
publimetro_2016-04-25_5,29,none,,otsu,docling_easyocr,llama,2,0,0,0,2,0.0,0.0,0.0,0,,,,,95.066217798,1
publimetro_2016-04-25_5,29,none,,otsu,docling_rapidocr,llama,2,0,0,0,2,0.0,0.0,0.0,0,,,,,24.312035221,1
publimetro_2016-04-25_5,30,none,,adaptive_gaussian,docling_easyocr,llama,2,0,0,0,2,0.0,0.0,0.0,0,,,,,87.897508551,1
publimetro_2016-04-25_5,30,none,,adaptive_gaussian,docling_rapidocr,llama,2,0,0,0,2,0.0,0.0,0.0,0,,,,,15.093898941,1
publimetro_2016-04-25_5,30,none,,adaptive_mean,docling_easyocr,llama,2,0,0,0,2,0.0,0.0,0.0,0,,,,,66.440218969,1
publimetro_2016-04-25_5,30,none,,adaptive_mean,docling_rapidocr,llama,2,0,0,0,2,0.0,0.0,0.0,0,,,,,11.555151745,1
publimetro_2016-04-25_5,30,none,,basic,docling_easyocr,llama,2,0,0,0,2,0.0,0.0,0.0,0,,,,,95.936631838,1
publimetro_2016-04-25_5,30,none,,basic,docling_rapidocr,llama,2,0,0,0,2,0.0,0.0,0.0,0,,,,,19.25500218,1
publimetro_2016-04-25_5,30,none,,niblack,docling_easyocr,llama,2,0,0,0,2,0.0,0.0,0.0,0,,,,,66.164332455,1
publimetro_2016-04-25_5,30,none,,niblack,docling_rapidocr,llama,2,0,0,0,2,0.0,0.0,0.0,0,,,,,11.217493837,1
publimetro_2016-04-25_5,30,none,,none_color,docling_easyocr,llama,2,0,0,0,2,0.0,0.0,0.0,0,,,,,74.671174063,1
publimetro_2016-04-25_5,30,none,,none_color,docling_rapidocr,llama,2,0,0,0,2,0.0,0.0,0.0,0,,,,,20.116026653,1
publimetro_2016-04-25_5,30,none,,none_grayscale,docling_easyocr,llama,2,0,0,0,2,0.0,0.0,0.0,0,,,,,75.19225296,1
publimetro_2016-04-25_5,30,none,,none_grayscale,docling_rapidocr,llama,2,0,0,0,2,0.0,0.0,0.0,0,,,,,18.783682194,1
publimetro_2016-04-25_5,30,none,,otsu,docling_easyocr,llama,2,0,0,0,2,0.0,0.0,0.0,0,,,,,73.986163132,1
publimetro_2016-04-25_5,30,none,,otsu,docling_rapidocr,llama,2,0,0,0,2,0.0,0.0,0.0,0,,,,,18.357253782,1
publimetro_2016-04-25_5,31,none,,adaptive_gaussian,docling_easyocr,llama,2,0,0,0,2,0.0,0.0,0.0,0,,,,,90.779182011,1
publimetro_2016-04-25_5,31,none,,adaptive_gaussian,docling_rapidocr,llama,2,0,0,0,2,0.0,0.0,0.0,0,,,,,18.985736662,1
publimetro_2016-04-25_5,31,none,,adaptive_mean,docling_easyocr,llama,2,0,0,0,2,0.0,0.0,0.0,0,,,,,66.444052221,1
publimetro_2016-04-25_5,31,none,,adaptive_mean,docling_rapidocr,llama,2,0,0,0,2,0.0,0.0,0.0,0,,,,,10.620098593,1
publimetro_2016-04-25_5,31,none,,basic,docling_easyocr,llama,2,0,0,0,2,0.0,0.0,0.0,0,,,,,92.145906254,1
publimetro_2016-04-25_5,31,none,,basic,docling_rapidocr,llama,2,0,0,0,2,0.0,0.0,0.0,0,,,,,16.776710793,1
publimetro_2016-04-25_5,31,none,,niblack,docling_easyocr,llama,2,0,0,0,2,0.0,0.0,0.0,0,,,,,65.067025923,1
publimetro_2016-04-25_5,31,none,,niblack,docling_rapidocr,llama,2,0,0,0,2,0.0,0.0,0.0,0,,,,,12.272043251,1
publimetro_2016-04-25_5,31,none,,none_color,docling_easyocr,llama,2,0,0,0,2,0.0,0.0,0.0,0,,,,,75.740885157,1
publimetro_2016-04-25_5,31,none,,none_color,docling_rapidocr,llama,2,0,0,0,2,0.0,0.0,0.0,0,,,,,22.708529848,1
publimetro_2016-04-25_5,31,none,,none_grayscale,docling_easyocr,llama,2,0,0,0,2,0.0,0.0,0.0,0,,,,,84.564497442,1
publimetro_2016-04-25_5,31,none,,none_grayscale,docling_rapidocr,llama,2,0,0,0,2,0.0,0.0,0.0,0,,,,,19.557265015,1
publimetro_2016-04-25_5,31,none,,otsu,docling_easyocr,llama,2,0,0,0,2,0.0,0.0,0.0,0,,,,,90.656020519,1
publimetro_2016-04-25_5,31,none,,otsu,docling_rapidocr,llama,2,0,0,0,2,0.0,0.0,0.0,0,,,,,20.795022366,1
publimetro_2016-04-25_5,32,none,,adaptive_gaussian,docling_easyocr,llama,2,0,0,0,2,0.0,0.0,0.0,0,,,,,75.437531503,1
publimetro_2016-04-25_5,32,none,,adaptive_gaussian,docling_rapidocr,llama,2,0,0,0,2,0.0,0.0,0.0,0,,,,,18.163439544,1
publimetro_2016-04-25_5,32,none,,adaptive_mean,docling_easyocr,llama,2,0,0,0,2,0.0,0.0,0.0,0,,,,,66.541288118,1
publimetro_2016-04-25_5,32,none,,adaptive_mean,docling_rapidocr,llama,2,0,0,0,2,0.0,0.0,0.0,0,,,,,10.632095079,1
publimetro_2016-04-25_5,32,none,,basic,docling_easyocr,llama,2,0,0,0,2,0.0,0.0,0.0,0,,,,,82.261070512,1
publimetro_2016-04-25_5,32,none,,basic,docling_rapidocr,llama,2,0,0,0,2,0.0,0.0,0.0,0,,,,,15.977923892,1
publimetro_2016-04-25_5,32,none,,niblack,docling_easyocr,llama,2,0,0,0,2,0.0,0.0,0.0,0,,,,,57.069414928,1
publimetro_2016-04-25_5,32,none,,niblack,docling_rapidocr,llama,2,0,0,0,2,0.0,0.0,0.0,0,,,,,11.615325286,1
publimetro_2016-04-25_5,32,none,,none_color,docling_easyocr,llama,2,0,0,0,2,0.0,0.0,0.0,0,,,,,85.235920928,1
publimetro_2016-04-25_5,32,none,,none_color,docling_rapidocr,llama,2,0,0,0,2,0.0,0.0,0.0,0,,,,,19.485439323,1
publimetro_2016-04-25_5,32,none,,none_grayscale,docling_easyocr,llama,2,0,0,0,2,0.0,0.0,0.0,0,,,,,83.482537219,1
publimetro_2016-04-25_5,32,none,,none_grayscale,docling_rapidocr,llama,2,0,0,0,2,0.0,0.0,0.0,0,,,,,18.537602136,1
publimetro_2016-04-25_5,32,none,,otsu,docling_easyocr,llama,2,0,0,0,2,0.0,0.0,0.0,0,,,,,88.3607553,1
publimetro_2016-04-25_5,32,none,,otsu,docling_rapidocr,llama,2,0,0,0,2,0.0,0.0,0.0,0,,,,,18.365645503,1
publimetro_2016-04-25_5,33,none,,adaptive_gaussian,docling_easyocr,llama,2,0,0,0,2,0.0,0.0,0.0,0,,,,,90.4889612,1
publimetro_2016-04-25_5,33,none,,adaptive_gaussian,docling_rapidocr,llama,2,0,0,0,2,0.0,0.0,0.0,0,,,,,16.298045139,1
publimetro_2016-04-25_5,33,none,,adaptive_mean,docling_easyocr,llama,2,0,0,0,2,0.0,0.0,0.0,0,,,,,73.146592618,1
publimetro_2016-04-25_5,33,none,,adaptive_mean,docling_rapidocr,llama,2,0,0,0,2,0.0,0.0,0.0,0,,,,,12.416712047,1
publimetro_2016-04-25_5,33,none,,basic,docling_easyocr,llama,2,0,0,0,2,0.0,0.0,0.0,0,,,,,90.317781015,1
publimetro_2016-04-25_5,33,none,,basic,docling_rapidocr,llama,2,0,0,0,2,0.0,0.0,0.0,0,,,,,19.380647941,1
publimetro_2016-04-25_5,33,none,,niblack,docling_easyocr,llama,2,0,0,0,2,0.0,0.0,0.0,0,,,,,63.936775375,1
publimetro_2016-04-25_5,33,none,,niblack,docling_rapidocr,llama,2,0,0,0,2,0.0,0.0,0.0,0,,,,,11.356675554,1
publimetro_2016-04-25_5,33,none,,none_color,docling_easyocr,llama,2,0,0,0,2,0.0,0.0,0.0,0,,,,,76.862316745,1
publimetro_2016-04-25_5,33,none,,none_color,docling_rapidocr,llama,2,0,0,0,2,0.0,0.0,0.0,0,,,,,20.790447372,1
publimetro_2016-04-25_5,33,none,,none_grayscale,docling_easyocr,llama,2,0,0,0,2,0.0,0.0,0.0,0,,,,,87.188293428,1
publimetro_2016-04-25_5,33,none,,none_grayscale,docling_rapidocr,llama,2,0,0,0,2,0.0,0.0,0.0,0,,,,,19.983976097,1
publimetro_2016-04-25_5,33,none,,otsu,docling_easyocr,llama,2,0,0,0,2,0.0,0.0,0.0,0,,,,,82.668070909,1
publimetro_2016-04-25_5,33,none,,otsu,docling_rapidocr,llama,2,0,0,0,2,0.0,0.0,0.0,0,,,,,19.308090803,1
publimetro_2016-04-25_5,34,none,,adaptive_gaussian,docling_easyocr,llama,2,0,0,0,2,0.0,0.0,0.0,0,,,,,81.601569829,1
publimetro_2016-04-25_5,34,none,,adaptive_gaussian,docling_rapidocr,llama,2,0,0,0,2,0.0,0.0,0.0,0,,,,,16.187513767,1
publimetro_2016-04-25_5,34,none,,adaptive_mean,docling_easyocr,llama,2,0,0,0,2,0.0,0.0,0.0,0,,,,,92.276203281,1
publimetro_2016-04-25_5,34,none,,adaptive_mean,docling_rapidocr,llama,2,0,0,0,2,0.0,0.0,0.0,0,,,,,18.582070953,1
publimetro_2016-04-25_5,34,none,,basic,docling_easyocr,llama,2,0,0,0,2,0.0,0.0,0.0,0,,,,,71.788999486,1
publimetro_2016-04-25_5,34,none,,basic,docling_rapidocr,llama,2,0,0,0,2,0.0,0.0,0.0,0,,,,,19.465283084,1
publimetro_2016-04-25_5,34,none,,niblack,docling_easyocr,llama,2,0,0,0,2,0.0,0.0,0.0,0,,,,,65.653086383,1
publimetro_2016-04-25_5,34,none,,niblack,docling_rapidocr,llama,2,0,0,0,2,0.0,0.0,0.0,0,,,,,10.959599931,1
publimetro_2016-04-25_5,34,none,,none_color,docling_easyocr,llama,2,0,0,0,2,0.0,0.0,0.0,0,,,,,83.631597303,1
publimetro_2016-04-25_5,34,none,,none_color,docling_rapidocr,llama,2,0,0,0,2,0.0,0.0,0.0,0,,,,,24.421697877,1
publimetro_2016-04-25_5,34,none,,none_grayscale,docling_easyocr,llama,2,0,0,0,2,0.0,0.0,0.0,0,,,,,83.565994596,1
publimetro_2016-04-25_5,34,none,,none_grayscale,docling_rapidocr,llama,2,0,0,0,2,0.0,0.0,0.0,0,,,,,22.290646886,1
publimetro_2016-04-25_5,34,none,,otsu,docling_easyocr,llama,2,0,0,0,2,0.0,0.0,0.0,0,,,,,81.734587432,1
publimetro_2016-04-25_5,34,none,,otsu,docling_rapidocr,llama,2,0,0,0,2,0.0,0.0,0.0,0,,,,,20.45796466,1
publimetro_2016-04-25_5,35,none,,adaptive_gaussian,docling_easyocr,llama,2,0,0,0,2,0.0,0.0,0.0,0,,,,,90.057003126,1
publimetro_2016-04-25_5,35,none,,adaptive_gaussian,docling_rapidocr,llama,2,0,0,0,2,0.0,0.0,0.0,0,,,,,17.915759429,1
publimetro_2016-04-25_5,35,none,,adaptive_mean,docling_easyocr,llama,2,0,0,0,2,0.0,0.0,0.0,0,,,,,70.970148616,1
publimetro_2016-04-25_5,35,none,,adaptive_mean,docling_rapidocr,llama,2,0,0,0,2,0.0,0.0,0.0,0,,,,,11.860830121,1
publimetro_2016-04-25_5,35,none,,basic,docling_easyocr,llama,2,0,0,0,2,0.0,0.0,0.0,0,,,,,95.772391342,1
publimetro_2016-04-25_5,35,none,,basic,docling_rapidocr,llama,2,0,0,0,2,0.0,0.0,0.0,0,,,,,17.488161825,1
publimetro_2016-04-25_5,35,none,,niblack,docling_easyocr,llama,2,0,0,0,2,0.0,0.0,0.0,0,,,,,66.233628679,1
publimetro_2016-04-25_5,35,none,,niblack,docling_rapidocr,llama,2,0,0,0,2,0.0,0.0,0.0,0,,,,,11.413268018,1
publimetro_2016-04-25_5,35,none,,none_color,docling_easyocr,llama,2,0,0,0,2,0.0,0.0,0.0,0,,,,,85.958614133,1
publimetro_2016-04-25_5,35,none,,none_color,docling_rapidocr,llama,2,0,0,0,2,0.0,0.0,0.0,0,,,,,17.450088285,1
publimetro_2016-04-25_5,35,none,,none_grayscale,docling_easyocr,llama,2,0,0,0,2,0.0,0.0,0.0,0,,,,,85.20285704,1
publimetro_2016-04-25_5,35,none,,none_grayscale,docling_rapidocr,llama,2,0,0,0,2,0.0,0.0,0.0,0,,,,,18.922735475,1
publimetro_2016-04-25_5,35,none,,otsu,docling_easyocr,llama,2,0,0,0,2,0.0,0.0,0.0,0,,,,,71.295076227,1
publimetro_2016-04-25_5,35,none,,otsu,docling_rapidocr,llama,2,0,0,0,2,0.0,0.0,0.0,0,,,,,18.023047542,1
publimetro_2016-04-25_5,36,none,,adaptive_gaussian,docling_easyocr,llama,2,0,0,0,2,0.0,0.0,0.0,0,,,,,91.13567458,1
publimetro_2016-04-25_5,36,none,,adaptive_gaussian,docling_rapidocr,llama,2,0,0,0,2,0.0,0.0,0.0,0,,,,,15.823798283,1
publimetro_2016-04-25_5,36,none,,adaptive_mean,docling_easyocr,llama,2,0,0,0,2,0.0,0.0,0.0,0,,,,,80.729151063,1
publimetro_2016-04-25_5,36,none,,adaptive_mean,docling_rapidocr,llama,2,0,0,0,2,0.0,0.0,0.0,0,,,,,16.552859597,1
publimetro_2016-04-25_5,36,none,,basic,docling_easyocr,llama,2,0,0,0,2,0.0,0.0,0.0,0,,,,,93.473563289,1
publimetro_2016-04-25_5,36,none,,basic,docling_rapidocr,llama,2,0,0,0,2,0.0,0.0,0.0,0,,,,,19.226778125,1
publimetro_2016-04-25_5,36,none,,niblack,docling_easyocr,llama,2,0,0,0,2,0.0,0.0,0.0,0,,,,,63.741770009,1
publimetro_2016-04-25_5,36,none,,niblack,docling_rapidocr,llama,2,0,0,0,2,0.0,0.0,0.0,0,,,,,9.8871846,1
publimetro_2016-04-25_5,36,none,,none_color,docling_easyocr,llama,2,0,0,0,2,0.0,0.0,0.0,0,,,,,90.423635743,1
publimetro_2016-04-25_5,36,none,,none_color,docling_rapidocr,llama,2,0,0,0,2,0.0,0.0,0.0,0,,,,,22.469656012,1
publimetro_2016-04-25_5,36,none,,none_grayscale,docling_easyocr,llama,2,0,0,0,2,0.0,0.0,0.0,0,,,,,77.571911357,1
publimetro_2016-04-25_5,36,none,,none_grayscale,docling_rapidocr,llama,2,0,0,0,2,0.0,0.0,0.0,0,,,,,24.276408933,1
publimetro_2016-04-25_5,36,none,,otsu,docling_easyocr,llama,2,0,0,0,2,0.0,0.0,0.0,0,,,,,93.508253503,1
publimetro_2016-04-25_5,36,none,,otsu,docling_rapidocr,llama,2,0,0,0,2,0.0,0.0,0.0,0,,,,,18.395684886,1
publimetro_2016-04-25_5,37,none,,adaptive_gaussian,docling_easyocr,llama,2,0,0,0,2,0.0,0.0,0.0,0,,,,,78.626228394,1
publimetro_2016-04-25_5,37,none,,adaptive_gaussian,docling_rapidocr,llama,2,0,0,0,2,0.0,0.0,0.0,0,,,,,12.692787232,1
publimetro_2016-04-25_5,37,none,,adaptive_mean,docling_easyocr,llama,2,0,0,0,2,0.0,0.0,0.0,0,,,,,81.990053353,1
publimetro_2016-04-25_5,37,none,,adaptive_mean,docling_rapidocr,llama,2,0,0,0,2,0.0,0.0,0.0,0,,,,,17.011750398,1
publimetro_2016-04-25_5,37,none,,basic,docling_easyocr,llama,2,0,0,0,2,0.0,0.0,0.0,0,,,,,83.876975039,1
publimetro_2016-04-25_5,37,none,,basic,docling_rapidocr,llama,2,0,0,0,2,0.0,0.0,0.0,0,,,,,19.424890498,1
publimetro_2016-04-25_5,37,none,,niblack,docling_easyocr,llama,2,0,0,0,2,0.0,0.0,0.0,0,,,,,63.723524125,1
publimetro_2016-04-25_5,37,none,,niblack,docling_rapidocr,llama,2,0,0,0,2,0.0,0.0,0.0,0,,,,,11.250185521,1
publimetro_2016-04-25_5,37,none,,none_color,docling_easyocr,llama,2,0,0,0,2,0.0,0.0,0.0,0,,,,,96.753968551,1
publimetro_2016-04-25_5,37,none,,none_color,docling_rapidocr,llama,2,0,0,0,2,0.0,0.0,0.0,0,,,,,24.062843635,1
publimetro_2016-04-25_5,37,none,,none_grayscale,docling_easyocr,llama,2,0,0,0,2,0.0,0.0,0.0,0,,,,,84.964275267,1
publimetro_2016-04-25_5,37,none,,none_grayscale,docling_rapidocr,llama,2,0,0,0,2,0.0,0.0,0.0,0,,,,,21.094817546,1
publimetro_2016-04-25_5,37,none,,otsu,docling_easyocr,llama,2,0,0,0,2,0.0,0.0,0.0,0,,,,,103.22119432,1
publimetro_2016-04-25_5,37,none,,otsu,docling_rapidocr,llama,2,0,0,0,2,0.0,0.0,0.0,0,,,,,21.157849364,1
publimetro_2016-04-25_5,38,none,,adaptive_gaussian,docling_easyocr,llama,2,0,0,0,2,0.0,0.0,0.0,0,,,,,91.703455054,1
publimetro_2016-04-25_5,38,none,,adaptive_gaussian,docling_rapidocr,llama,2,0,0,0,2,0.0,0.0,0.0,0,,,,,18.793176734,1
publimetro_2016-04-25_5,38,none,,adaptive_mean,docling_easyocr,llama,2,0,0,0,2,0.0,0.0,0.0,0,,,,,68.086960658,1
publimetro_2016-04-25_5,38,none,,adaptive_mean,docling_rapidocr,llama,2,0,0,0,2,0.0,0.0,0.0,0,,,,,16.445295915,1
publimetro_2016-04-25_5,38,none,,basic,docling_easyocr,llama,2,0,0,0,2,0.0,0.0,0.0,0,,,,,83.479370263,1
publimetro_2016-04-25_5,38,none,,basic,docling_rapidocr,llama,2,0,0,0,2,0.0,0.0,0.0,0,,,,,18.797703412,1
publimetro_2016-04-25_5,38,none,,niblack,docling_easyocr,llama,2,0,0,0,2,0.0,0.0,0.0,0,,,,,65.256475377,1
publimetro_2016-04-25_5,38,none,,niblack,docling_rapidocr,llama,2,0,0,0,2,0.0,0.0,0.0,0,,,,,9.940037179,1
publimetro_2016-04-25_5,38,none,,none_color,docling_easyocr,llama,2,0,0,0,2,0.0,0.0,0.0,0,,,,,91.336897042,1
publimetro_2016-04-25_5,38,none,,none_color,docling_rapidocr,llama,2,0,0,0,2,0.0,0.0,0.0,0,,,,,19.298499492,1
publimetro_2016-04-25_5,38,none,,none_grayscale,docling_easyocr,llama,2,0,0,0,2,0.0,0.0,0.0,0,,,,,78.061803414,1
publimetro_2016-04-25_5,38,none,,none_grayscale,docling_rapidocr,llama,2,0,0,0,2,0.0,0.0,0.0,0,,,,,22.012288882,1
publimetro_2016-04-25_5,38,none,,otsu,docling_easyocr,llama,2,0,0,0,2,0.0,0.0,0.0,0,,,,,78.098503093,1
publimetro_2016-04-25_5,38,none,,otsu,docling_rapidocr,llama,2,0,0,0,2,0.0,0.0,0.0,0,,,,,18.806544284,1
publimetro_2016-04-25_5,39,none,,adaptive_gaussian,docling_easyocr,llama,2,0,0,0,2,0.0,0.0,0.0,0,,,,,126.111458249,1
publimetro_2016-04-25_5,39,none,,adaptive_gaussian,docling_rapidocr,llama,2,0,0,0,2,0.0,0.0,0.0,0,,,,,51.579392142,1
publimetro_2016-04-25_5,39,none,,adaptive_mean,docling_easyocr,llama,2,0,0,0,2,0.0,0.0,0.0,0,,,,,123.527629582,1
publimetro_2016-04-25_5,39,none,,adaptive_mean,docling_rapidocr,llama,2,0,0,0,2,0.0,0.0,0.0,0,,,,,49.897800652,1
publimetro_2016-04-25_5,39,none,,basic,docling_easyocr,llama,2,0,0,0,2,0.0,0.0,0.0,0,,,,,107.008933316,1
publimetro_2016-04-25_5,39,none,,basic,docling_rapidocr,llama,2,0,0,0,2,0.0,0.0,0.0,0,,,,,51.494814645,1
publimetro_2016-04-25_5,39,none,,niblack,docling_easyocr,llama,2,0,0,0,2,0.0,0.0,0.0,0,,,,,86.223789204,1
publimetro_2016-04-25_5,39,none,,niblack,docling_rapidocr,llama,2,0,0,0,2,0.0,0.0,0.0,0,,,,,42.480457534,1
publimetro_2016-04-25_5,39,none,,none_color,docling_easyocr,llama,2,0,0,0,2,0.0,0.0,0.0,0,,,,,123.170852765,1
publimetro_2016-04-25_5,39,none,,none_color,docling_rapidocr,llama,2,0,0,0,2,0.0,0.0,0.0,0,,,,,57.267689332,1
publimetro_2016-04-25_5,39,none,,none_grayscale,docling_easyocr,llama,2,0,0,0,2,0.0,0.0,0.0,0,,,,,122.860726533,1
publimetro_2016-04-25_5,39,none,,none_grayscale,docling_rapidocr,llama,2,0,0,0,2,0.0,0.0,0.0,0,,,,,56.465217767,1
publimetro_2016-04-25_5,39,none,,otsu,docling_easyocr,llama,2,0,0,0,2,0.0,0.0,0.0,0,,,,,130.258297049,1
publimetro_2016-04-25_5,39,none,,otsu,docling_rapidocr,llama,2,0,0,0,2,0.0,0.0,0.0,0,,,,,53.540662848,1
publimetro_2016-04-25_5,40,none,,adaptive_gaussian,docling_easyocr,llama,2,0,0,0,2,0.0,0.0,0.0,0,,,,,114.846680099,1
publimetro_2016-04-25_5,40,none,,adaptive_gaussian,docling_rapidocr,llama,2,0,0,0,2,0.0,0.0,0.0,0,,,,,43.947274143,1
publimetro_2016-04-25_5,40,none,,adaptive_mean,docling_easyocr,llama,2,0,0,0,2,0.0,0.0,0.0,0,,,,,123.483973863,1
publimetro_2016-04-25_5,40,none,,adaptive_mean,docling_rapidocr,llama,2,0,0,0,2,0.0,0.0,0.0,0,,,,,49.336378219,1
publimetro_2016-04-25_5,40,none,,basic,docling_easyocr,llama,2,0,0,0,2,0.0,0.0,0.0,0,,,,,127.186629459,1
publimetro_2016-04-25_5,40,none,,basic,docling_rapidocr,llama,2,0,0,0,2,0.0,0.0,0.0,0,,,,,51.740044996,1
publimetro_2016-04-25_5,40,none,,niblack,docling_easyocr,llama,2,0,0,0,2,0.0,0.0,0.0,0,,,,,97.237601091,1
publimetro_2016-04-25_5,40,none,,niblack,docling_rapidocr,llama,2,0,0,0,2,0.0,0.0,0.0,0,,,,,43.220798065,1
publimetro_2016-04-25_5,40,none,,none_color,docling_easyocr,llama,2,0,0,0,2,0.0,0.0,0.0,0,,,,,126.342993755,1
publimetro_2016-04-25_5,40,none,,none_color,docling_rapidocr,llama,2,0,0,0,2,0.0,0.0,0.0,0,,,,,56.980639238,1
publimetro_2016-04-25_5,40,none,,none_grayscale,docling_easyocr,llama,2,0,0,0,2,0.0,0.0,0.0,0,,,,,125.926569792,1
publimetro_2016-04-25_5,40,none,,none_grayscale,docling_rapidocr,llama,2,0,0,0,2,0.0,0.0,0.0,0,,,,,55.584546419,1
publimetro_2016-04-25_5,40,none,,otsu,docling_easyocr,llama,2,0,0,0,2,0.0,0.0,0.0,0,,,,,126.265863893,1
publimetro_2016-04-25_5,40,none,,otsu,docling_rapidocr,llama,2,0,0,0,2,0.0,0.0,0.0,0,,,,,56.259599207,1
publimetro_2016-04-25_5,41,none,,adaptive_gaussian,docling_easyocr,llama,2,0,0,0,2,0.0,0.0,0.0,0,,,,,125.409530905,1
publimetro_2016-04-25_5,41,none,,adaptive_gaussian,docling_rapidocr,llama,2,0,0,0,2,0.0,0.0,0.0,0,,,,,50.264173057,1
publimetro_2016-04-25_5,41,none,,adaptive_mean,docling_easyocr,llama,2,0,0,0,2,0.0,0.0,0.0,0,,,,,116.370428133,1
publimetro_2016-04-25_5,41,none,,adaptive_mean,docling_rapidocr,llama,2,0,0,0,2,0.0,0.0,0.0,0,,,,,50.564902353,1
publimetro_2016-04-25_5,41,none,,basic,docling_easyocr,llama,2,0,0,0,2,0.0,0.0,0.0,0,,,,,117.862155454,1
publimetro_2016-04-25_5,41,none,,basic,docling_rapidocr,llama,2,0,0,0,2,0.0,0.0,0.0,0,,,,,52.053582685,1
publimetro_2016-04-25_5,41,none,,niblack,docling_easyocr,llama,2,0,0,0,2,0.0,0.0,0.0,0,,,,,95.60416641,1
publimetro_2016-04-25_5,41,none,,niblack,docling_rapidocr,llama,2,0,0,0,2,0.0,0.0,0.0,0,,,,,43.005666397,1
publimetro_2016-04-25_5,41,none,,none_color,docling_easyocr,llama,2,0,0,0,2,0.0,0.0,0.0,0,,,,,123.641012852,1
publimetro_2016-04-25_5,41,none,,none_color,docling_rapidocr,llama,2,0,0,0,2,0.0,0.0,0.0,0,,,,,55.939562265,1
publimetro_2016-04-25_5,41,none,,none_grayscale,docling_easyocr,llama,2,0,0,0,2,0.0,0.0,0.0,0,,,,,123.86040682,1
publimetro_2016-04-25_5,41,none,,none_grayscale,docling_rapidocr,llama,2,0,0,0,2,0.0,0.0,0.0,0,,,,,52.494072859,1
publimetro_2016-04-25_5,41,none,,otsu,docling_easyocr,llama,2,0,0,0,2,0.0,0.0,0.0,0,,,,,124.551474422,1
publimetro_2016-04-25_5,41,none,,otsu,docling_rapidocr,llama,2,0,0,0,2,0.0,0.0,0.0,0,,,,,54.186860889,1
publimetro_2016-04-25_5,42,none,,adaptive_gaussian,docling_easyocr,llama,2,0,0,0,2,0.0,0.0,0.0,0,,,,,74.56898348,1
publimetro_2016-04-25_5,42,none,,adaptive_gaussian,docling_rapidocr,llama,2,0,0,0,2,0.0,0.0,0.0,0,,,,,10.76279895,1
publimetro_2016-04-25_5,42,none,,adaptive_mean,docling_easyocr,llama,2,0,0,0,2,0.0,0.0,0.0,0,,,,,80.118217176,1
publimetro_2016-04-25_5,42,none,,adaptive_mean,docling_rapidocr,llama,2,0,0,0,2,0.0,0.0,0.0,0,,,,,9.975807613,1
publimetro_2016-04-25_5,42,none,,basic,docling_easyocr,llama,2,0,0,0,2,0.0,0.0,0.0,0,,,,,96.364827787,1
publimetro_2016-04-25_5,42,none,,basic,docling_rapidocr,llama,2,0,0,0,2,0.0,0.0,0.0,0,,,,,24.049829399,1
publimetro_2016-04-25_5,42,none,,niblack,docling_easyocr,llama,2,0,0,0,2,0.0,0.0,0.0,0,,,,,54.047844398,1
publimetro_2016-04-25_5,42,none,,niblack,docling_rapidocr,llama,2,0,0,0,2,0.0,0.0,0.0,0,,,,,11.64695524,1
publimetro_2016-04-25_5,42,none,,none_color,docling_easyocr,llama,2,0,0,0,2,0.0,0.0,0.0,0,,,,,96.229655752,1
publimetro_2016-04-25_5,42,none,,none_color,docling_rapidocr,llama,2,0,0,0,2,0.0,0.0,0.0,0,,,,,23.123497972,1
publimetro_2016-04-25_5,42,none,,none_grayscale,docling_easyocr,llama,2,0,0,0,2,0.0,0.0,0.0,0,,,,,95.620766483,1
publimetro_2016-04-25_5,42,none,,none_grayscale,docling_rapidocr,llama,2,0,0,0,2,0.0,0.0,0.0,0,,,,,20.42098888,1
publimetro_2016-04-25_5,42,none,,otsu,docling_easyocr,llama,2,0,0,0,2,0.0,0.0,0.0,0,,,,,84.588662851,1
publimetro_2016-04-25_5,42,none,,otsu,docling_rapidocr,llama,2,0,0,0,2,0.0,0.0,0.0,0,,,,,23.19285487,1
publimetro_2016-04-25_5,43,none,,adaptive_gaussian,docling_easyocr,llama,2,0,0,0,2,0.0,0.0,0.0,0,,,,,58.322686006,1
publimetro_2016-04-25_5,43,none,,adaptive_gaussian,docling_rapidocr,llama,2,0,0,0,2,0.0,0.0,0.0,0,,,,,10.776452591,1
publimetro_2016-04-25_5,43,none,,adaptive_mean,docling_easyocr,llama,2,0,0,0,2,0.0,0.0,0.0,0,,,,,66.267014025,1
publimetro_2016-04-25_5,43,none,,adaptive_mean,docling_rapidocr,llama,2,0,0,0,2,0.0,0.0,0.0,0,,,,,11.153066871,1
publimetro_2016-04-25_5,43,none,,basic,docling_easyocr,llama,2,0,0,0,2,0.0,0.0,0.0,0,,,,,88.455123941,1
publimetro_2016-04-25_5,43,none,,basic,docling_rapidocr,llama,2,0,0,0,2,0.0,0.0,0.0,0,,,,,10.51789407,1
publimetro_2016-04-25_5,43,none,,niblack,docling_easyocr,llama,2,0,0,0,2,0.0,0.0,0.0,0,,,,,61.929386541,1
publimetro_2016-04-25_5,43,none,,niblack,docling_rapidocr,llama,2,0,0,0,2,0.0,0.0,0.0,0,,,,,11.638055965,1
publimetro_2016-04-25_5,43,none,,none_color,docling_easyocr,llama,2,0,0,0,2,0.0,0.0,0.0,0,,,,,88.820990696,1
publimetro_2016-04-25_5,43,none,,none_color,docling_rapidocr,llama,2,0,0,0,2,0.0,0.0,0.0,0,,,,,23.637078657,1
publimetro_2016-04-25_5,43,none,,none_grayscale,docling_easyocr,llama,2,0,0,0,2,0.0,0.0,0.0,0,,,,,85.412780491,1
publimetro_2016-04-25_5,43,none,,none_grayscale,docling_rapidocr,llama,2,0,0,0,2,0.0,0.0,0.0,0,,,,,22.88715407,1
publimetro_2016-04-25_5,43,none,,otsu,docling_easyocr,llama,2,0,0,0,2,0.0,0.0,0.0,0,,,,,98.2515217,1
publimetro_2016-04-25_5,43,none,,otsu,docling_rapidocr,llama,2,0,0,0,2,0.0,0.0,0.0,0,,,,,11.240285747,1
publimetro_2016-04-25_5,44,none,,adaptive_gaussian,docling_easyocr,llama,2,0,0,0,2,0.0,0.0,0.0,0,,,,,77.716879237,1
publimetro_2016-04-25_5,44,none,,adaptive_gaussian,docling_rapidocr,llama,2,0,0,0,2,0.0,0.0,0.0,0,,,,,10.644799102,1
publimetro_2016-04-25_5,44,none,,adaptive_mean,docling_easyocr,llama,2,0,0,0,2,0.0,0.0,0.0,0,,,,,81.125508841,1
publimetro_2016-04-25_5,44,none,,adaptive_mean,docling_rapidocr,llama,2,0,0,0,2,0.0,0.0,0.0,0,,,,,10.721500453,1
publimetro_2016-04-25_5,44,none,,basic,docling_easyocr,llama,2,0,0,0,2,0.0,0.0,0.0,0,,,,,79.741247441,1
publimetro_2016-04-25_5,44,none,,basic,docling_rapidocr,llama,2,0,0,0,2,0.0,0.0,0.0,0,,,,,23.818476226,1
publimetro_2016-04-25_5,44,none,,niblack,docling_easyocr,llama,2,0,0,0,2,0.0,0.0,0.0,0,,,,,62.779820426,1
publimetro_2016-04-25_5,44,none,,niblack,docling_rapidocr,llama,2,0,0,0,2,0.0,0.0,0.0,0,,,,,10.908473475,1
publimetro_2016-04-25_5,44,none,,none_color,docling_easyocr,llama,2,0,0,0,2,0.0,0.0,0.0,0,,,,,97.211422397,1
publimetro_2016-04-25_5,44,none,,none_color,docling_rapidocr,llama,2,0,0,0,2,0.0,0.0,0.0,0,,,,,21.941175176,1
publimetro_2016-04-25_5,44,none,,none_grayscale,docling_easyocr,llama,2,0,0,0,2,0.0,0.0,0.0,0,,,,,98.873445702,1
publimetro_2016-04-25_5,44,none,,none_grayscale,docling_rapidocr,llama,2,0,0,0,2,0.0,0.0,0.0,0,,,,,21.087170077,1
publimetro_2016-04-25_5,44,none,,otsu,docling_easyocr,llama,2,0,0,0,2,0.0,0.0,0.0,0,,,,,99.329507449,1
publimetro_2016-04-25_5,44,none,,otsu,docling_rapidocr,llama,2,0,0,0,2,0.0,0.0,0.0,0,,,,,24.113364556,1
publimetro_2016-04-25_5,45,none,,adaptive_gaussian,docling_easyocr,llama,2,0,0,0,2,0.0,0.0,0.0,0,,,,,62.700867602,1
publimetro_2016-04-25_5,45,none,,adaptive_gaussian,docling_rapidocr,llama,2,0,0,0,2,0.0,0.0,0.0,0,,,,,11.61220617,1
publimetro_2016-04-25_5,45,none,,adaptive_mean,docling_easyocr,llama,2,0,0,0,2,0.0,0.0,0.0,0,,,,,54.581436604,1
publimetro_2016-04-25_5,45,none,,adaptive_mean,docling_rapidocr,llama,2,0,0,0,2,0.0,0.0,0.0,0,,,,,10.912358254,1
publimetro_2016-04-25_5,45,none,,basic,docling_easyocr,llama,2,0,0,0,2,0.0,0.0,0.0,0,,,,,53.305387032,1
publimetro_2016-04-25_5,45,none,,basic,docling_rapidocr,llama,2,0,0,0,2,0.0,0.0,0.0,0,,,,,11.630449307,1
publimetro_2016-04-25_5,45,none,,niblack,docling_easyocr,llama,2,0,0,0,2,0.0,0.0,0.0,0,,,,,63.886090985,1
publimetro_2016-04-25_5,45,none,,none_color,docling_easyocr,llama,2,0,0,0,2,0.0,0.0,0.0,0,,,,,64.913858426,1
publimetro_2016-04-25_5,45,none,,none_grayscale,docling_easyocr,llama,2,0,0,0,2,0.0,0.0,0.0,0,,,,,64.08465594,1
publimetro_2016-04-25_5,45,none,,otsu,docling_easyocr,llama,2,0,0,0,2,0.0,0.0,0.0,0,,,,,63.310491647,1
publimetro_2016-04-25_5,45,none,,otsu,docling_rapidocr,llama,2,0,0,0,2,0.0,0.0,0.0,0,,,,,10.220706786,1
publimetro_2016-04-25_5,45,none,,yannihorne,docling_rapidocr,llama,2,0,0,0,2,0.0,0.0,0.0,0,,,,,10.783663834,1
publimetro_2016-04-25_5,46,none,,adaptive_gaussian,docling_easyocr,llama,2,0,0,0,2,0.0,0.0,0.0,0,,,,,62.967307641,1
publimetro_2016-04-25_5,46,none,,adaptive_gaussian,docling_rapidocr,llama,2,0,0,0,2,0.0,0.0,0.0,0,,,,,11.13464482,1
publimetro_2016-04-25_5,46,none,,adaptive_mean,docling_easyocr,llama,2,0,0,0,2,0.0,0.0,0.0,0,,,,,63.074348544,1
publimetro_2016-04-25_5,46,none,,adaptive_mean,docling_rapidocr,llama,2,0,0,0,2,0.0,0.0,0.0,0,,,,,11.212618445,1
publimetro_2016-04-25_5,46,none,,basic,docling_easyocr,llama,2,0,0,0,2,0.0,0.0,0.0,0,,,,,56.058145421,1
publimetro_2016-04-25_5,46,none,,basic,docling_rapidocr,llama,2,0,0,0,2,0.0,0.0,0.0,0,,,,,11.243677275,1
publimetro_2016-04-25_5,46,none,,niblack,docling_easyocr,llama,2,0,0,0,2,0.0,0.0,0.0,0,,,,,64.580110925,1
publimetro_2016-04-25_5,46,none,,otsu,docling_easyocr,llama,2,0,0,0,2,0.0,0.0,0.0,0,,,,,53.562187165,1
publimetro_2016-04-25_5,46,none,,otsu,docling_rapidocr,llama,2,0,0,0,2,0.0,0.0,0.0,0,,,,,11.010886639,1
publimetro_2016-04-25_5,46,none,,yannihorne,docling_easyocr,llama,2,0,0,0,2,0.0,0.0,0.0,0,,,,,54.67650339,1
publimetro_2016-04-25_5,47,none,,adaptive_gaussian,docling_easyocr,llama,2,0,0,0,2,0.0,0.0,0.0,0,,,,,62.468642266,1
publimetro_2016-04-25_5,47,none,,adaptive_gaussian,docling_rapidocr,llama,2,0,0,0,2,0.0,0.0,0.0,0,,,,,11.387408526,1
publimetro_2016-04-25_5,47,none,,adaptive_mean,docling_easyocr,llama,2,0,0,0,2,0.0,0.0,0.0,0,,,,,54.452487687,1
publimetro_2016-04-25_5,47,none,,adaptive_mean,docling_rapidocr,llama,2,0,0,0,2,0.0,0.0,0.0,0,,,,,12.315525988,1
publimetro_2016-04-25_5,47,none,,basic,docling_easyocr,llama,2,0,0,0,2,0.0,0.0,0.0,0,,,,,62.891007922,1
publimetro_2016-04-25_5,47,none,,basic,docling_rapidocr,llama,2,0,0,0,2,0.0,0.0,0.0,0,,,,,10.906493924,1
publimetro_2016-04-25_5,47,none,,niblack,docling_easyocr,llama,2,0,0,0,2,0.0,0.0,0.0,0,,,,,62.763497187,1
publimetro_2016-04-25_5,47,none,,none_color,docling_easyocr,llama,2,0,0,0,2,0.0,0.0,0.0,0,,,,,65.233829686,1
publimetro_2016-04-25_5,47,none,,none_grayscale,docling_easyocr,llama,2,0,0,0,2,0.0,0.0,0.0,0,,,,,63.935462186,1
publimetro_2016-04-25_5,47,none,,otsu,docling_easyocr,llama,2,0,0,0,2,0.0,0.0,0.0,0,,,,,62.831084822,1
publimetro_2016-04-25_5,47,none,,otsu,docling_rapidocr,llama,2,0,0,0,2,0.0,0.0,0.0,0,,,,,11.347880219,1
publimetro_2016-04-25_5,47,none,,yannihorne,docling_rapidocr,llama,2,0,0,0,2,0.0,0.0,0.0,0,,,,,11.001050328,1
publimetro_2016-04-25_5,48,none,,adaptive_gaussian,docling_easyocr,llama,2,0,0,0,2,0.0,0.0,0.0,0,,,,,181.304095035,1
publimetro_2016-04-25_5,48,none,,adaptive_gaussian,docling_rapidocr,llama,2,0,0,0,2,0.0,0.0,0.0,0,,,,,106.213071351,1
publimetro_2016-04-25_5,48,none,,adaptive_mean,docling_easyocr,llama,2,0,0,0,2,0.0,0.0,0.0,0,,,,,175.075271321,1
publimetro_2016-04-25_5,48,none,,adaptive_mean,docling_rapidocr,llama,2,0,0,0,2,0.0,0.0,0.0,0,,,,,105.778093768,1
publimetro_2016-04-25_5,48,none,,basic,docling_easyocr,llama,2,0,0,0,2,0.0,0.0,0.0,0,,,,,170.596859689,1
publimetro_2016-04-25_5,48,none,,basic,docling_rapidocr,llama,2,0,0,0,2,0.0,0.0,0.0,0,,,,,106.045553441,1
publimetro_2016-04-25_5,48,none,,niblack,docling_easyocr,llama,2,0,0,0,2,0.0,0.0,0.0,0,,,,,153.218971559,1
publimetro_2016-04-25_5,48,none,,niblack,docling_rapidocr,llama,2,0,0,0,2,0.0,0.0,0.0,0,,,,,99.119301148,1
publimetro_2016-04-25_5,48,none,,none_color,docling_easyocr,llama,2,0,0,0,2,0.0,0.0,0.0,0,,,,,167.702042741,1
publimetro_2016-04-25_5,48,none,,none_color,docling_rapidocr,llama,2,0,0,0,2,0.0,0.0,0.0,0,,,,,111.64868967,1
publimetro_2016-04-25_5,48,none,,none_grayscale,docling_easyocr,llama,2,0,0,0,2,0.0,0.0,0.0,0,,,,,179.871705455,1
publimetro_2016-04-25_5,48,none,,none_grayscale,docling_rapidocr,llama,2,0,0,0,2,0.0,0.0,0.0,0,,,,,108.857257289,1
publimetro_2016-04-25_5,48,none,,otsu,docling_easyocr,llama,2,0,0,0,2,0.0,0.0,0.0,0,,,,,179.663870641,1
publimetro_2016-04-25_5,48,none,,otsu,docling_rapidocr,llama,2,0,0,0,2,0.0,0.0,0.0,0,,,,,107.036524364,1
publimetro_2016-04-25_5,49,none,,adaptive_gaussian,docling_easyocr,llama,2,0,0,0,2,0.0,0.0,0.0,0,,,,,176.48474578,1
publimetro_2016-04-25_5,49,none,,adaptive_gaussian,docling_rapidocr,llama,2,0,0,0,2,0.0,0.0,0.0,0,,,,,103.851851026,1
publimetro_2016-04-25_5,49,none,,adaptive_mean,docling_easyocr,llama,2,0,0,0,2,0.0,0.0,0.0,0,,,,,175.114202964,1
publimetro_2016-04-25_5,49,none,,adaptive_mean,docling_rapidocr,llama,2,0,0,0,2,0.0,0.0,0.0,0,,,,,104.946173179,1
publimetro_2016-04-25_5,49,none,,basic,docling_easyocr,llama,2,0,0,0,2,0.0,0.0,0.0,0,,,,,185.855597049,1
publimetro_2016-04-25_5,49,none,,basic,docling_rapidocr,llama,2,0,0,0,2,0.0,0.0,0.0,0,,,,,107.760773927,1
publimetro_2016-04-25_5,49,none,,niblack,docling_easyocr,llama,2,0,0,0,2,0.0,0.0,0.0,0,,,,,153.042325505,1
publimetro_2016-04-25_5,49,none,,niblack,docling_rapidocr,llama,2,0,0,0,2,0.0,0.0,0.0,0,,,,,98.950228223,1
publimetro_2016-04-25_5,49,none,,none_color,docling_easyocr,llama,2,0,0,0,2,0.0,0.0,0.0,0,,,,,179.888564067,1
publimetro_2016-04-25_5,49,none,,none_color,docling_rapidocr,llama,2,0,0,0,2,0.0,0.0,0.0,0,,,,,111.97492619,1
publimetro_2016-04-25_5,49,none,,none_grayscale,docling_easyocr,llama,2,0,0,0,2,0.0,0.0,0.0,0,,,,,179.623794513,1
publimetro_2016-04-25_5,49,none,,none_grayscale,docling_rapidocr,llama,2,0,0,0,2,0.0,0.0,0.0,0,,,,,109.167886453,1
publimetro_2016-04-25_5,49,none,,otsu,docling_easyocr,llama,2,0,0,0,2,0.0,0.0,0.0,0,,,,,182.918016059,1
publimetro_2016-04-25_5,49,none,,otsu,docling_rapidocr,llama,2,0,0,0,2,0.0,0.0,0.0,0,,,,,107.672128064,1
publimetro_2016-04-25_5,50,none,,adaptive_gaussian,docling_easyocr,llama,2,0,0,0,2,0.0,0.0,0.0,0,,,,,165.577898706,1
publimetro_2016-04-25_5,50,none,,adaptive_gaussian,docling_rapidocr,llama,2,0,0,0,2,0.0,0.0,0.0,0,,,,,105.622476781,1
publimetro_2016-04-25_5,50,none,,adaptive_mean,docling_easyocr,llama,2,0,0,0,2,0.0,0.0,0.0,0,,,,,172.708435044,1
publimetro_2016-04-25_5,50,none,,adaptive_mean,docling_rapidocr,llama,2,0,0,0,2,0.0,0.0,0.0,0,,,,,104.295107827,1
publimetro_2016-04-25_5,50,none,,basic,docling_easyocr,llama,2,0,0,0,2,0.0,0.0,0.0,0,,,,,171.996760562,1
publimetro_2016-04-25_5,50,none,,basic,docling_rapidocr,llama,2,0,0,0,2,0.0,0.0,0.0,0,,,,,106.400563672,1
publimetro_2016-04-25_5,50,none,,niblack,docling_easyocr,llama,2,0,0,0,2,0.0,0.0,0.0,0,,,,,152.877028037,1
publimetro_2016-04-25_5,50,none,,niblack,docling_rapidocr,llama,2,0,0,0,2,0.0,0.0,0.0,0,,,,,99.022254277,1
publimetro_2016-04-25_5,50,none,,none_color,docling_easyocr,llama,2,0,0,0,2,0.0,0.0,0.0,0,,,,,181.567152621,1
publimetro_2016-04-25_5,50,none,,none_color,docling_rapidocr,llama,2,0,0,0,2,0.0,0.0,0.0,0,,,,,110.236452224,1
publimetro_2016-04-25_5,50,none,,none_grayscale,docling_easyocr,llama,2,0,0,0,2,0.0,0.0,0.0,0,,,,,179.54260123,1
publimetro_2016-04-25_5,50,none,,none_grayscale,docling_rapidocr,llama,2,0,0,0,2,0.0,0.0,0.0,0,,,,,111.791171672,1
publimetro_2016-04-25_5,50,none,,otsu,docling_easyocr,llama,2,0,0,0,2,0.0,0.0,0.0,0,,,,,179.660592584,1
publimetro_2016-04-25_5,50,none,,otsu,docling_rapidocr,llama,2,0,0,0,2,0.0,0.0,0.0,0,,,,,106.482512502,1
publimetro_2016-04-25_5,51,none,,adaptive_gaussian,docling_easyocr,llama,2,0,0,0,2,0.0,0.0,0.0,0,,,,,75.619458024,1
publimetro_2016-04-25_5,51,none,,adaptive_gaussian,docling_rapidocr,llama,2,0,0,0,2,0.0,0.0,0.0,0,,,,,11.782745425,1
publimetro_2016-04-25_5,51,none,,adaptive_mean,docling_easyocr,llama,2,0,0,0,2,0.0,0.0,0.0,0,,,,,92.438124835,1
publimetro_2016-04-25_5,51,none,,adaptive_mean,docling_rapidocr,llama,2,0,0,0,2,0.0,0.0,0.0,0,,,,,17.350563943,1
publimetro_2016-04-25_5,51,none,,basic,docling_easyocr,llama,2,0,0,0,2,0.0,0.0,0.0,0,,,,,94.547837955,1
publimetro_2016-04-25_5,51,none,,basic,docling_rapidocr,llama,2,0,0,0,2,0.0,0.0,0.0,0,,,,,23.632631761,1
publimetro_2016-04-25_5,51,none,,niblack,docling_easyocr,llama,2,0,0,0,2,0.0,0.0,0.0,0,,,,,63.879196988,1
publimetro_2016-04-25_5,51,none,,niblack,docling_rapidocr,llama,2,0,0,0,2,0.0,0.0,0.0,0,,,,,10.832525359,1
publimetro_2016-04-25_5,51,none,,none_color,docling_easyocr,llama,2,0,0,0,2,0.0,0.0,0.0,0,,,,,80.441694097,1
publimetro_2016-04-25_5,51,none,,none_color,docling_rapidocr,llama,2,0,0,0,2,0.0,0.0,0.0,0,,,,,20.026864604,1
publimetro_2016-04-25_5,51,none,,none_grayscale,docling_easyocr,llama,2,0,0,0,2,0.0,0.0,0.0,0,,,,,81.702299266,1
publimetro_2016-04-25_5,51,none,,none_grayscale,docling_rapidocr,llama,2,0,0,0,2,0.0,0.0,0.0,0,,,,,24.022447496,1
publimetro_2016-04-25_5,51,none,,otsu,docling_easyocr,llama,2,0,0,0,2,0.0,0.0,0.0,0,,,,,94.596705968,1
publimetro_2016-04-25_5,51,none,,otsu,docling_rapidocr,llama,2,0,0,0,2,0.0,0.0,0.0,0,,,,,24.398050601,1
publimetro_2016-04-25_5,52,none,,adaptive_gaussian,docling_easyocr,llama,2,0,0,0,2,0.0,0.0,0.0,0,,,,,80.745829966,1
publimetro_2016-04-25_5,52,none,,adaptive_gaussian,docling_rapidocr,llama,2,0,0,0,2,0.0,0.0,0.0,0,,,,,16.480744745,1
publimetro_2016-04-25_5,52,none,,adaptive_mean,docling_easyocr,llama,2,0,0,0,2,0.0,0.0,0.0,0,,,,,95.628430533,1
publimetro_2016-04-25_5,52,none,,adaptive_mean,docling_rapidocr,llama,2,0,0,0,2,0.0,0.0,0.0,0,,,,,16.384890007,1
publimetro_2016-04-25_5,52,none,,basic,docling_easyocr,llama,2,0,0,0,2,0.0,0.0,0.0,0,,,,,95.939404146,1
publimetro_2016-04-25_5,52,none,,basic,docling_rapidocr,llama,2,0,0,0,2,0.0,0.0,0.0,0,,,,,23.624662535,1
publimetro_2016-04-25_5,52,none,,niblack,docling_easyocr,llama,2,0,0,0,2,0.0,0.0,0.0,0,,,,,55.170836615,1
publimetro_2016-04-25_5,52,none,,niblack,docling_rapidocr,llama,2,0,0,0,2,0.0,0.0,0.0,0,,,,,10.60471003,1
publimetro_2016-04-25_5,52,none,,none_color,docling_easyocr,llama,2,0,0,0,2,0.0,0.0,0.0,0,,,,,93.149734726,1
publimetro_2016-04-25_5,52,none,,none_color,docling_rapidocr,llama,2,0,0,0,2,0.0,0.0,0.0,0,,,,,21.079266777,1
publimetro_2016-04-25_5,52,none,,none_grayscale,docling_easyocr,llama,2,0,0,0,2,0.0,0.0,0.0,0,,,,,85.194886509,1
publimetro_2016-04-25_5,52,none,,none_grayscale,docling_rapidocr,llama,2,0,0,0,2,0.0,0.0,0.0,0,,,,,21.127250019,1
publimetro_2016-04-25_5,52,none,,otsu,docling_easyocr,llama,2,0,0,0,2,0.0,0.0,0.0,0,,,,,96.525357931,1
publimetro_2016-04-25_5,52,none,,otsu,docling_rapidocr,llama,2,0,0,0,2,0.0,0.0,0.0,0,,,,,23.856108873,1
publimetro_2016-04-25_5,53,none,,adaptive_gaussian,docling_easyocr,llama,2,0,0,0,2,0.0,0.0,0.0,0,,,,,75.842202715,1
publimetro_2016-04-25_5,53,none,,adaptive_gaussian,docling_rapidocr,llama,2,0,0,0,2,0.0,0.0,0.0,0,,,,,14.48730307,1
publimetro_2016-04-25_5,53,none,,adaptive_mean,docling_easyocr,llama,2,0,0,0,2,0.0,0.0,0.0,0,,,,,78.31499815,1
publimetro_2016-04-25_5,53,none,,adaptive_mean,docling_rapidocr,llama,2,0,0,0,2,0.0,0.0,0.0,0,,,,,17.433889151,1
publimetro_2016-04-25_5,53,none,,basic,docling_easyocr,llama,2,0,0,0,2,0.0,0.0,0.0,0,,,,,94.013799709,1
publimetro_2016-04-25_5,53,none,,basic,docling_rapidocr,llama,2,0,0,0,2,0.0,0.0,0.0,0,,,,,21.364603085,1
publimetro_2016-04-25_5,53,none,,niblack,docling_easyocr,llama,2,0,0,0,2,0.0,0.0,0.0,0,,,,,63.574145504,1
publimetro_2016-04-25_5,53,none,,niblack,docling_rapidocr,llama,2,0,0,0,2,0.0,0.0,0.0,0,,,,,10.526996084,1
publimetro_2016-04-25_5,53,none,,none_color,docling_easyocr,llama,2,0,0,0,2,0.0,0.0,0.0,0,,,,,93.070994347,1
publimetro_2016-04-25_5,53,none,,none_color,docling_rapidocr,llama,2,0,0,0,2,0.0,0.0,0.0,0,,,,,24.42213723,1
publimetro_2016-04-25_5,53,none,,none_grayscale,docling_easyocr,llama,2,0,0,0,2,0.0,0.0,0.0,0,,,,,93.983775585,1
publimetro_2016-04-25_5,53,none,,none_grayscale,docling_rapidocr,llama,2,0,0,0,2,0.0,0.0,0.0,0,,,,,24.628187626,1
publimetro_2016-04-25_5,53,none,,otsu,docling_easyocr,llama,2,0,0,0,2,0.0,0.0,0.0,0,,,,,95.137477989,1
publimetro_2016-04-25_5,53,none,,otsu,docling_rapidocr,llama,2,0,0,0,2,0.0,0.0,0.0,0,,,,,21.673332806,1
publimetro_2017-07-27_16,0,none,,adaptive_gaussian,docling_easyocr,llama,4,0,0,0,4,0.0,0.0,0.0,0,,,,,81.396703377,1
publimetro_2017-07-27_16,0,none,,adaptive_gaussian,docling_rapidocr,llama,4,0,0,0,4,0.0,0.0,0.0,0,,,,,14.903578892,1
publimetro_2017-07-27_16,0,none,,adaptive_mean,docling_easyocr,llama,4,0,0,0,4,0.0,0.0,0.0,0,,,,,79.960791908,1
publimetro_2017-07-27_16,0,none,,adaptive_mean,docling_rapidocr,llama,4,0,0,0,4,0.0,0.0,0.0,0,,,,,15.704743706,1
publimetro_2017-07-27_16,0,none,,basic,docling_easyocr,llama,4,0,0,0,4,0.0,0.0,0.0,0,,,,,82.51027978,1
publimetro_2017-07-27_16,0,none,,basic,docling_rapidocr,llama,4,0,0,0,4,0.0,0.0,0.0,0,,,,,21.209440594,1
publimetro_2017-07-27_16,0,none,,niblack,docling_easyocr,llama,4,0,0,0,4,0.0,0.0,0.0,0,,,,,65.220362331,1
publimetro_2017-07-27_16,0,none,,niblack,docling_rapidocr,llama,4,0,0,0,4,0.0,0.0,0.0,0,,,,,11.621079113,1
publimetro_2017-07-27_16,0,none,,none_color,docling_easyocr,llama,4,0,0,0,4,0.0,0.0,0.0,0,,,,,82.205972174,1
publimetro_2017-07-27_16,0,none,,none_color,docling_rapidocr,llama,4,0,0,0,4,0.0,0.0,0.0,0,,,,,21.045428255,1
publimetro_2017-07-27_16,0,none,,none_grayscale,docling_easyocr,llama,4,0,0,0,4,0.0,0.0,0.0,0,,,,,81.680127911,1
publimetro_2017-07-27_16,0,none,,none_grayscale,docling_rapidocr,llama,4,0,0,0,4,0.0,0.0,0.0,0,,,,,20.044869951,1
publimetro_2017-07-27_16,0,none,,otsu,docling_easyocr,llama,4,0,0,0,4,0.0,0.0,0.0,0,,,,,70.778457123,1
publimetro_2017-07-27_16,0,none,,otsu,docling_rapidocr,llama,4,0,0,0,4,0.0,0.0,0.0,0,,,,,20.590089995,1
publimetro_2017-07-27_16,1,none,,adaptive_gaussian,docling_easyocr,llama,4,0,0,0,4,0.0,0.0,0.0,0,,,,,78.124103161,1
publimetro_2017-07-27_16,1,none,,adaptive_gaussian,docling_rapidocr,llama,4,0,0,0,4,0.0,0.0,0.0,0,,,,,14.706022354,1
publimetro_2017-07-27_16,1,none,,adaptive_mean,docling_easyocr,llama,4,0,0,0,4,0.0,0.0,0.0,0,,,,,78.683846037,1
publimetro_2017-07-27_16,1,none,,adaptive_mean,docling_rapidocr,llama,4,0,0,0,4,0.0,0.0,0.0,0,,,,,15.204998057,1
publimetro_2017-07-27_16,1,none,,basic,docling_easyocr,llama,4,0,0,0,4,0.0,0.0,0.0,0,,,,,82.797597729,1
publimetro_2017-07-27_16,1,none,,basic,docling_rapidocr,llama,4,0,0,0,4,0.0,0.0,0.0,0,,,,,20.956094347,1
publimetro_2017-07-27_16,1,none,,niblack,docling_easyocr,llama,4,0,0,0,4,0.0,0.0,0.0,0,,,,,65.059107313,1
publimetro_2017-07-27_16,1,none,,niblack,docling_rapidocr,llama,4,0,0,0,4,0.0,0.0,0.0,0,,,,,11.281946907,1
publimetro_2017-07-27_16,1,none,,none_color,docling_easyocr,llama,4,0,0,0,4,0.0,0.0,0.0,0,,,,,82.5492565,1
publimetro_2017-07-27_16,1,none,,none_color,docling_rapidocr,llama,4,0,0,0,4,0.0,0.0,0.0,0,,,,,20.176611599,1
publimetro_2017-07-27_16,1,none,,none_grayscale,docling_easyocr,llama,4,0,0,0,4,0.0,0.0,0.0,0,,,,,70.557686339,1
publimetro_2017-07-27_16,1,none,,none_grayscale,docling_rapidocr,llama,4,0,0,0,4,0.0,0.0,0.0,0,,,,,20.98354722,1
publimetro_2017-07-27_16,1,none,,otsu,docling_easyocr,llama,4,0,0,0,4,0.0,0.0,0.0,0,,,,,71.082398092,1
publimetro_2017-07-27_16,1,none,,otsu,docling_rapidocr,llama,4,0,0,0,4,0.0,0.0,0.0,0,,,,,20.545157349,1
publimetro_2017-07-27_16,2,none,,adaptive_gaussian,docling_easyocr,llama,4,0,0,0,4,0.0,0.0,0.0,0,,,,,80.841937676,1
publimetro_2017-07-27_16,2,none,,adaptive_gaussian,docling_rapidocr,llama,4,0,0,0,4,0.0,0.0,0.0,0,,,,,15.90297927,1
publimetro_2017-07-27_16,2,none,,adaptive_mean,docling_easyocr,llama,4,0,0,0,4,0.0,0.0,0.0,0,,,,,79.980392777,1
publimetro_2017-07-27_16,2,none,,adaptive_mean,docling_rapidocr,llama,4,0,0,0,4,0.0,0.0,0.0,0,,,,,14.855998837,1
publimetro_2017-07-27_16,2,none,,basic,docling_easyocr,llama,4,0,0,0,4,0.0,0.0,0.0,0,,,,,74.621432429,1
publimetro_2017-07-27_16,2,none,,basic,docling_rapidocr,llama,4,0,0,0,4,0.0,0.0,0.0,0,,,,,21.129480963,1
publimetro_2017-07-27_16,2,none,,niblack,docling_easyocr,llama,4,0,0,0,4,0.0,0.0,0.0,0,,,,,65.056878806,1
publimetro_2017-07-27_16,2,none,,niblack,docling_rapidocr,llama,4,0,0,0,4,0.0,0.0,0.0,0,,,,,10.425559521,1
publimetro_2017-07-27_16,2,none,,none_color,docling_easyocr,llama,4,0,0,0,4,0.0,0.0,0.0,0,,,,,82.649055295,1
publimetro_2017-07-27_16,2,none,,none_color,docling_rapidocr,llama,4,0,0,0,4,0.0,0.0,0.0,0,,,,,20.889998727,1
publimetro_2017-07-27_16,2,none,,none_grayscale,docling_easyocr,llama,4,0,0,0,4,0.0,0.0,0.0,0,,,,,82.291230969,1
publimetro_2017-07-27_16,2,none,,none_grayscale,docling_rapidocr,llama,4,0,0,0,4,0.0,0.0,0.0,0,,,,,18.272103123,1
publimetro_2017-07-27_16,2,none,,otsu,docling_easyocr,llama,4,0,0,0,4,0.0,0.0,0.0,0,,,,,83.862964827,1
publimetro_2017-07-27_16,2,none,,otsu,docling_rapidocr,llama,4,0,0,0,4,0.0,0.0,0.0,0,,,,,20.718542534,1
publimetro_2017-07-27_16,3,none,,adaptive_gaussian,docling_easyocr,llama,4,0,0,0,4,0.0,0.0,0.0,0,,,,,75.664502558,1
publimetro_2017-07-27_16,3,none,,adaptive_gaussian,docling_rapidocr,llama,4,0,0,0,4,0.0,0.0,0.0,0,,,,,12.437138734,1
publimetro_2017-07-27_16,3,none,,adaptive_mean,docling_easyocr,llama,4,0,0,0,4,0.0,0.0,0.0,0,,,,,67.730543811,1
publimetro_2017-07-27_16,3,none,,adaptive_mean,docling_rapidocr,llama,4,0,0,0,4,0.0,0.0,0.0,0,,,,,11.822832781,1
publimetro_2017-07-27_16,3,none,,basic,docling_easyocr,llama,4,0,0,0,4,0.0,0.0,0.0,0,,,,,60.357436896,1
publimetro_2017-07-27_16,3,none,,basic,docling_rapidocr,llama,4,0,0,0,4,0.0,0.0,0.0,0,,,,,15.505465985,1
publimetro_2017-07-27_16,3,none,,niblack,docling_easyocr,llama,4,0,0,0,4,0.0,0.0,0.0,0,,,,,57.20715103,1
publimetro_2017-07-27_16,3,none,,niblack,docling_rapidocr,llama,4,0,0,0,4,0.0,0.0,0.0,0,,,,,12.142410849,1
publimetro_2017-07-27_16,3,none,,none_color,docling_easyocr,llama,4,0,0,0,4,0.0,0.0,0.0,0,,,,,84.977459525,1
publimetro_2017-07-27_16,3,none,,none_color,docling_rapidocr,llama,4,0,0,0,4,0.0,0.0,0.0,0,,,,,20.211932276,1
publimetro_2017-07-27_16,3,none,,none_grayscale,docling_easyocr,llama,4,0,0,0,4,0.0,0.0,0.0,0,,,,,71.97868793,1
publimetro_2017-07-27_16,3,none,,none_grayscale,docling_rapidocr,llama,4,0,0,0,4,0.0,0.0,0.0,0,,,,,20.166047024,1
publimetro_2017-07-27_16,3,none,,otsu,docling_easyocr,llama,4,0,0,0,4,0.0,0.0,0.0,0,,,,,80.324554755,1
publimetro_2017-07-27_16,3,none,,otsu,docling_rapidocr,llama,4,0,0,0,4,0.0,0.0,0.0,0,,,,,14.99237044,1
publimetro_2017-07-27_16,4,none,,adaptive_gaussian,docling_easyocr,llama,4,0,0,0,4,0.0,0.0,0.0,0,,,,,66.590024678,1
publimetro_2017-07-27_16,4,none,,adaptive_gaussian,docling_rapidocr,llama,4,0,0,0,4,0.0,0.0,0.0,0,,,,,14.717219082,1
publimetro_2017-07-27_16,4,none,,adaptive_mean,docling_easyocr,llama,4,0,0,0,4,0.0,0.0,0.0,0,,,,,69.338133895,1
publimetro_2017-07-27_16,4,none,,adaptive_mean,docling_rapidocr,llama,4,0,0,0,4,0.0,0.0,0.0,0,,,,,11.767972075,1
publimetro_2017-07-27_16,4,none,,basic,docling_easyocr,llama,4,0,0,0,4,0.0,0.0,0.0,0,,,,,86.588734585,1
publimetro_2017-07-27_16,4,none,,basic,docling_rapidocr,llama,4,0,0,0,4,0.0,0.0,0.0,0,,,,,19.896494347,1
publimetro_2017-07-27_16,4,none,,niblack,docling_easyocr,llama,4,0,0,0,4,0.0,0.0,0.0,0,,,,,66.541319733,1
publimetro_2017-07-27_16,4,none,,niblack,docling_rapidocr,llama,4,0,0,0,4,0.0,0.0,0.0,0,,,,,10.734454518,1
publimetro_2017-07-27_16,4,none,,none_color,docling_easyocr,llama,4,0,0,0,4,0.0,0.0,0.0,0,,,,,86.00415235,1
publimetro_2017-07-27_16,4,none,,none_color,docling_rapidocr,llama,4,0,0,0,4,0.0,0.0,0.0,0,,,,,20.67956572,1
publimetro_2017-07-27_16,4,none,,none_grayscale,docling_easyocr,llama,4,0,0,0,4,0.0,0.0,0.0,0,,,,,77.335142022,1
publimetro_2017-07-27_16,4,none,,none_grayscale,docling_rapidocr,llama,4,0,0,0,4,0.0,0.0,0.0,0,,,,,20.695616131,1
publimetro_2017-07-27_16,4,none,,otsu,docling_easyocr,llama,4,0,0,0,4,0.0,0.0,0.0,0,,,,,72.920578988,1
publimetro_2017-07-27_16,4,none,,otsu,docling_rapidocr,llama,4,0,0,0,4,0.0,0.0,0.0,0,,,,,17.036340268,1
publimetro_2017-07-27_16,5,none,,adaptive_gaussian,docling_easyocr,llama,4,0,0,0,4,0.0,0.0,0.0,0,,,,,76.984987963,1
publimetro_2017-07-27_16,5,none,,adaptive_gaussian,docling_rapidocr,llama,4,0,0,0,4,0.0,0.0,0.0,0,,,,,11.178052891,1
publimetro_2017-07-27_16,5,none,,adaptive_mean,docling_easyocr,llama,4,0,0,0,4,0.0,0.0,0.0,0,,,,,68.782814274,1
publimetro_2017-07-27_16,5,none,,adaptive_mean,docling_rapidocr,llama,4,0,0,0,4,0.0,0.0,0.0,0,,,,,10.89269949,1
publimetro_2017-07-27_16,5,none,,basic,docling_easyocr,llama,4,0,0,0,4,0.0,0.0,0.0,0,,,,,59.993032984,1
publimetro_2017-07-27_16,5,none,,basic,docling_rapidocr,llama,4,0,0,0,4,0.0,0.0,0.0,0,,,,,10.902902655,1
publimetro_2017-07-27_16,5,none,,niblack,docling_easyocr,llama,4,0,0,0,4,0.0,0.0,0.0,0,,,,,67.588651709,1
publimetro_2017-07-27_16,5,none,,niblack,docling_rapidocr,llama,4,0,0,0,4,0.0,0.0,0.0,0,,,,,10.614842705,1
publimetro_2017-07-27_16,5,none,,none_color,docling_easyocr,llama,4,0,0,0,4,0.0,0.0,0.0,0,,,,,85.466496447,1
publimetro_2017-07-27_16,5,none,,none_color,docling_rapidocr,llama,4,0,0,0,4,0.0,0.0,0.0,0,,,,,18.967384318,1
publimetro_2017-07-27_16,5,none,,none_grayscale,docling_easyocr,llama,4,0,0,0,4,0.0,0.0,0.0,0,,,,,85.061001996,1
publimetro_2017-07-27_16,5,none,,none_grayscale,docling_rapidocr,llama,4,0,0,0,4,0.0,0.0,0.0,0,,,,,18.79752324,1
publimetro_2017-07-27_16,5,none,,otsu,docling_easyocr,llama,4,0,0,0,4,0.0,0.0,0.0,0,,,,,82.689406043,1
publimetro_2017-07-27_16,5,none,,otsu,docling_rapidocr,llama,4,0,0,0,4,0.0,0.0,0.0,0,,,,,12.888865119,1
publimetro_2017-07-27_16,6,none,,adaptive_gaussian,docling_easyocr,llama,4,0,0,0,4,0.0,0.0,0.0,0,,,,,77.447277675,1
publimetro_2017-07-27_16,6,none,,adaptive_gaussian,docling_rapidocr,llama,4,0,0,0,4,0.0,0.0,0.0,0,,,,,12.31487597,1
publimetro_2017-07-27_16,6,none,,adaptive_mean,docling_easyocr,llama,4,0,0,0,4,0.0,0.0,0.0,0,,,,,60.434451253,1
publimetro_2017-07-27_16,6,none,,adaptive_mean,docling_rapidocr,llama,4,0,0,0,4,0.0,0.0,0.0,0,,,,,10.595293911,1
publimetro_2017-07-27_16,6,none,,basic,docling_easyocr,llama,4,0,0,0,4,0.0,0.0,0.0,0,,,,,87.8708138,1
publimetro_2017-07-27_16,6,none,,basic,docling_rapidocr,llama,4,0,0,0,4,0.0,0.0,0.0,0,,,,,18.786651804,1
publimetro_2017-07-27_16,6,none,,niblack,docling_easyocr,llama,4,0,0,0,4,0.0,0.0,0.0,0,,,,,56.92559843,1
publimetro_2017-07-27_16,6,none,,niblack,docling_rapidocr,llama,4,0,0,0,4,0.0,0.0,0.0,0,,,,,11.239550876,1
publimetro_2017-07-27_16,6,none,,none_color,docling_easyocr,llama,4,0,0,0,4,0.0,0.0,0.0,0,,,,,85.452059316,1
publimetro_2017-07-27_16,6,none,,none_color,docling_rapidocr,llama,4,0,0,0,4,0.0,0.0,0.0,0,,,,,20.448738145,1
publimetro_2017-07-27_16,6,none,,none_grayscale,docling_easyocr,llama,4,0,0,0,4,0.0,0.0,0.0,0,,,,,73.11819923,1
publimetro_2017-07-27_16,6,none,,none_grayscale,docling_rapidocr,llama,4,0,0,0,4,0.0,0.0,0.0,0,,,,,20.055806995,1
publimetro_2017-07-27_16,6,none,,otsu,docling_easyocr,llama,4,0,0,0,4,0.0,0.0,0.0,0,,,,,70.84880903,1
publimetro_2017-07-27_16,6,none,,otsu,docling_rapidocr,llama,4,0,0,0,4,0.0,0.0,0.0,0,,,,,15.14330199,1
publimetro_2017-07-27_16,7,none,,adaptive_gaussian,docling_easyocr,llama,4,0,0,0,4,0.0,0.0,0.0,0,,,,,80.558584684,1
publimetro_2017-07-27_16,7,none,,adaptive_gaussian,docling_rapidocr,llama,4,0,0,0,4,0.0,0.0,0.0,0,,,,,13.822859758,1
publimetro_2017-07-27_16,7,none,,adaptive_mean,docling_easyocr,llama,4,0,0,0,4,0.0,0.0,0.0,0,,,,,74.865059318,1
publimetro_2017-07-27_16,7,none,,adaptive_mean,docling_rapidocr,llama,4,0,0,0,4,0.0,0.0,0.0,0,,,,,11.942728939,1
publimetro_2017-07-27_16,7,none,,basic,docling_easyocr,llama,4,0,0,0,4,0.0,0.0,0.0,0,,,,,83.38518873,1
publimetro_2017-07-27_16,7,none,,basic,docling_rapidocr,llama,4,0,0,0,4,0.0,0.0,0.0,0,,,,,16.244088323,1
publimetro_2017-07-27_16,7,none,,niblack,docling_easyocr,llama,4,0,0,0,4,0.0,0.0,0.0,0,,,,,65.832323795,1
publimetro_2017-07-27_16,7,none,,niblack,docling_rapidocr,llama,4,0,0,0,4,0.0,0.0,0.0,0,,,,,11.19634295,1
publimetro_2017-07-27_16,7,none,,none_color,docling_easyocr,llama,4,0,0,0,4,0.0,0.0,0.0,0,,,,,83.980289299,1
publimetro_2017-07-27_16,7,none,,none_color,docling_rapidocr,llama,4,0,0,0,4,0.0,0.0,0.0,0,,,,,20.963172037,1
publimetro_2017-07-27_16,7,none,,none_grayscale,docling_easyocr,llama,4,0,0,0,4,0.0,0.0,0.0,0,,,,,74.739133747,1
publimetro_2017-07-27_16,7,none,,none_grayscale,docling_rapidocr,llama,4,0,0,0,4,0.0,0.0,0.0,0,,,,,20.225853117,1
publimetro_2017-07-27_16,7,none,,otsu,docling_easyocr,llama,4,0,0,0,4,0.0,0.0,0.0,0,,,,,83.106534538,1
publimetro_2017-07-27_16,7,none,,otsu,docling_rapidocr,llama,4,0,0,0,4,0.0,0.0,0.0,0,,,,,19.143096027,1
publimetro_2017-07-27_16,8,none,,adaptive_gaussian,docling_easyocr,llama,4,0,0,0,4,0.0,0.0,0.0,0,,,,,78.080050317,1
publimetro_2017-07-27_16,8,none,,adaptive_gaussian,docling_rapidocr,llama,4,0,0,0,4,0.0,0.0,0.0,0,,,,,13.97484502,1
publimetro_2017-07-27_16,8,none,,adaptive_mean,docling_easyocr,llama,4,0,0,0,4,0.0,0.0,0.0,0,,,,,69.392593586,1
publimetro_2017-07-27_16,8,none,,adaptive_mean,docling_rapidocr,llama,4,0,0,0,4,0.0,0.0,0.0,0,,,,,11.790938818,1
publimetro_2017-07-27_16,8,none,,basic,docling_easyocr,llama,4,0,0,0,4,0.0,0.0,0.0,0,,,,,75.661783939,1
publimetro_2017-07-27_16,8,none,,basic,docling_rapidocr,llama,4,0,0,0,4,0.0,0.0,0.0,0,,,,,14.870298152,1
publimetro_2017-07-27_16,8,none,,niblack,docling_easyocr,llama,4,0,0,0,4,0.0,0.0,0.0,0,,,,,68.172211746,1
publimetro_2017-07-27_16,8,none,,niblack,docling_rapidocr,llama,4,0,0,0,4,0.0,0.0,0.0,0,,,,,11.08711181,1
publimetro_2017-07-27_16,8,none,,none_color,docling_easyocr,llama,4,0,0,0,4,0.0,0.0,0.0,0,,,,,74.748314552,1
publimetro_2017-07-27_16,8,none,,none_color,docling_rapidocr,llama,4,0,0,0,4,0.0,0.0,0.0,0,,,,,17.561514549,1
publimetro_2017-07-27_16,8,none,,none_grayscale,docling_easyocr,llama,4,0,0,0,4,0.0,0.0,0.0,0,,,,,83.313332729,1
publimetro_2017-07-27_16,8,none,,none_grayscale,docling_rapidocr,llama,4,0,0,0,4,0.0,0.0,0.0,0,,,,,16.593833856,1
publimetro_2017-07-27_16,8,none,,otsu,docling_easyocr,llama,4,0,0,0,4,0.0,0.0,0.0,0,,,,,82.154762346,1
publimetro_2017-07-27_16,8,none,,otsu,docling_rapidocr,llama,4,0,0,0,4,0.0,0.0,0.0,0,,,,,15.581994611,1
publimetro_2017-07-27_16,9,none,,adaptive_gaussian,docling_easyocr,llama,4,0,0,0,4,0.0,0.0,0.0,0,,,,,78.36208769,1
publimetro_2017-07-27_16,9,none,,adaptive_gaussian,docling_rapidocr,llama,4,0,0,0,4,0.0,0.0,0.0,0,,,,,13.890269481,1
publimetro_2017-07-27_16,9,none,,adaptive_mean,docling_easyocr,llama,4,0,0,0,4,0.0,0.0,0.0,0,,,,,73.769247682,1
publimetro_2017-07-27_16,9,none,,adaptive_mean,docling_rapidocr,llama,4,0,0,0,4,0.0,0.0,0.0,0,,,,,11.794754179,1
publimetro_2017-07-27_16,9,none,,basic,docling_easyocr,llama,4,0,0,0,4,0.0,0.0,0.0,0,,,,,84.965421154,1
publimetro_2017-07-27_16,9,none,,basic,docling_rapidocr,llama,4,0,0,0,4,0.0,0.0,0.0,0,,,,,18.900216772,1
publimetro_2017-07-27_16,9,none,,niblack,docling_easyocr,llama,4,0,0,0,4,0.0,0.0,0.0,0,,,,,66.544547533,1
publimetro_2017-07-27_16,9,none,,niblack,docling_rapidocr,llama,4,0,0,0,4,0.0,0.0,0.0,0,,,,,11.697572683,1
publimetro_2017-07-27_16,9,none,,none_color,docling_easyocr,llama,4,0,0,0,4,0.0,0.0,0.0,0,,,,,89.690100956,1
publimetro_2017-07-27_16,9,none,,none_color,docling_rapidocr,llama,4,0,0,0,4,0.0,0.0,0.0,0,,,,,21.011357832,1
publimetro_2017-07-27_16,9,none,,none_grayscale,docling_easyocr,llama,4,0,0,0,4,0.0,0.0,0.0,0,,,,,91.879621625,1
publimetro_2017-07-27_16,9,none,,none_grayscale,docling_rapidocr,llama,4,0,0,0,4,0.0,0.0,0.0,0,,,,,20.59334147,1
publimetro_2017-07-27_16,9,none,,otsu,docling_easyocr,llama,4,0,0,0,4,0.0,0.0,0.0,0,,,,,82.187073972,1
publimetro_2017-07-27_16,9,none,,otsu,docling_rapidocr,llama,4,0,0,0,4,0.0,0.0,0.0,0,,,,,15.669522073,1
publimetro_2017-07-27_16,10,none,,adaptive_gaussian,docling_easyocr,llama,4,0,0,0,4,0.0,0.0,0.0,0,,,,,69.698780811,1
publimetro_2017-07-27_16,10,none,,adaptive_gaussian,docling_rapidocr,llama,4,0,0,0,4,0.0,0.0,0.0,0,,,,,12.760145224,1
publimetro_2017-07-27_16,10,none,,adaptive_mean,docling_easyocr,llama,4,0,0,0,4,0.0,0.0,0.0,0,,,,,68.66890119,1
publimetro_2017-07-27_16,10,none,,adaptive_mean,docling_rapidocr,llama,4,0,0,0,4,0.0,0.0,0.0,0,,,,,11.424811825,1
publimetro_2017-07-27_16,10,none,,basic,docling_easyocr,llama,4,0,0,0,4,0.0,0.0,0.0,0,,,,,86.03468087,1
publimetro_2017-07-27_16,10,none,,basic,docling_rapidocr,llama,4,0,0,0,4,0.0,0.0,0.0,0,,,,,16.987825897,1
publimetro_2017-07-27_16,10,none,,niblack,docling_easyocr,llama,4,0,0,0,4,0.0,0.0,0.0,0,,,,,66.024773407,1
publimetro_2017-07-27_16,10,none,,niblack,docling_rapidocr,llama,4,0,0,0,4,0.0,0.0,0.0,0,,,,,10.79776125,1
publimetro_2017-07-27_16,10,none,,none_color,docling_easyocr,llama,4,0,0,0,4,0.0,0.0,0.0,0,,,,,85.35148728,1
publimetro_2017-07-27_16,10,none,,none_color,docling_rapidocr,llama,4,0,0,0,4,0.0,0.0,0.0,0,,,,,20.637175442,1
publimetro_2017-07-27_16,10,none,,none_grayscale,docling_easyocr,llama,4,0,0,0,4,0.0,0.0,0.0,0,,,,,83.276824905,1
publimetro_2017-07-27_16,10,none,,none_grayscale,docling_rapidocr,llama,4,0,0,0,4,0.0,0.0,0.0,0,,,,,20.259247257,1
publimetro_2017-07-27_16,10,none,,otsu,docling_easyocr,llama,4,0,0,0,4,0.0,0.0,0.0,0,,,,,80.525956968,1
publimetro_2017-07-27_16,10,none,,otsu,docling_rapidocr,llama,4,0,0,0,4,0.0,0.0,0.0,0,,,,,14.801678518,1
publimetro_2017-07-27_16,11,none,,adaptive_gaussian,docling_easyocr,llama,4,0,0,0,4,0.0,0.0,0.0,0,,,,,76.226170193,1
publimetro_2017-07-27_16,11,none,,adaptive_gaussian,docling_rapidocr,llama,4,0,0,0,4,0.0,0.0,0.0,0,,,,,14.893468033,1
publimetro_2017-07-27_16,11,none,,adaptive_mean,docling_easyocr,llama,4,0,0,0,4,0.0,0.0,0.0,0,,,,,71.427865107,1
publimetro_2017-07-27_16,11,none,,adaptive_mean,docling_rapidocr,llama,4,0,0,0,4,0.0,0.0,0.0,0,,,,,11.348522265,1
publimetro_2017-07-27_16,11,none,,basic,docling_easyocr,llama,4,0,0,0,4,0.0,0.0,0.0,0,,,,,71.310639978,1
publimetro_2017-07-27_16,11,none,,basic,docling_rapidocr,llama,4,0,0,0,4,0.0,0.0,0.0,0,,,,,12.760988356,1
publimetro_2017-07-27_16,11,none,,niblack,docling_easyocr,llama,4,0,0,0,4,0.0,0.0,0.0,0,,,,,65.811335756,1
publimetro_2017-07-27_16,11,none,,niblack,docling_rapidocr,llama,4,0,0,0,4,0.0,0.0,0.0,0,,,,,9.967796995,1
publimetro_2017-07-27_16,11,none,,none_color,docling_easyocr,llama,4,0,0,0,4,0.0,0.0,0.0,0,,,,,86.519113112,1
publimetro_2017-07-27_16,11,none,,none_color,docling_rapidocr,llama,4,0,0,0,4,0.0,0.0,0.0,0,,,,,19.948084164,1
publimetro_2017-07-27_16,11,none,,none_grayscale,docling_easyocr,llama,4,0,0,0,4,0.0,0.0,0.0,0,,,,,87.967998791,1
publimetro_2017-07-27_16,11,none,,none_grayscale,docling_rapidocr,llama,4,0,0,0,4,0.0,0.0,0.0,0,,,,,19.381008196,1
publimetro_2017-07-27_16,11,none,,otsu,docling_easyocr,llama,4,0,0,0,4,0.0,0.0,0.0,0,,,,,81.713479235,1
publimetro_2017-07-27_16,11,none,,otsu,docling_rapidocr,llama,4,0,0,0,4,0.0,0.0,0.0,0,,,,,15.051630213,1
publimetro_2017-07-27_16,12,none,,adaptive_gaussian,docling_easyocr,llama,4,0,0,0,4,0.0,0.0,0.0,0,,,,,111.905093601,1
publimetro_2017-07-27_16,12,none,,adaptive_gaussian,docling_rapidocr,llama,4,0,0,0,4,0.0,0.0,0.0,0,,,,,43.891207388,1
publimetro_2017-07-27_16,12,none,,adaptive_mean,docling_easyocr,llama,4,0,0,0,4,0.0,0.0,0.0,0,,,,,111.108158396,1
publimetro_2017-07-27_16,12,none,,adaptive_mean,docling_rapidocr,llama,4,0,0,0,4,0.0,0.0,0.0,0,,,,,45.504095362,1
publimetro_2017-07-27_16,12,none,,basic,docling_easyocr,llama,4,0,0,0,4,0.0,0.0,0.0,0,,,,,113.617827576,1
publimetro_2017-07-27_16,12,none,,basic,docling_rapidocr,llama,4,0,0,0,4,0.0,0.0,0.0,0,,,,,50.840790909,1
publimetro_2017-07-27_16,12,none,,niblack,docling_easyocr,llama,4,0,0,0,4,0.0,0.0,0.0,0,,,,,93.390874018,1
publimetro_2017-07-27_16,12,none,,niblack,docling_rapidocr,llama,4,0,0,0,4,0.0,0.0,0.0,0,,,,,41.241987337,1
publimetro_2017-07-27_16,12,none,,none_color,docling_easyocr,llama,4,0,0,0,4,0.0,0.0,0.0,0,,,,,113.542915598,1
publimetro_2017-07-27_16,12,none,,none_color,docling_rapidocr,llama,4,0,0,0,4,0.0,0.0,0.0,0,,,,,48.39328076,1
publimetro_2017-07-27_16,12,none,,none_grayscale,docling_easyocr,llama,4,0,0,0,4,0.0,0.0,0.0,0,,,,,111.046301214,1
publimetro_2017-07-27_16,12,none,,none_grayscale,docling_rapidocr,llama,4,0,0,0,4,0.0,0.0,0.0,0,,,,,48.211075155,1
publimetro_2017-07-27_16,12,none,,otsu,docling_easyocr,llama,4,0,0,0,4,0.0,0.0,0.0,0,,,,,112.652435535,1
publimetro_2017-07-27_16,12,none,,otsu,docling_rapidocr,llama,4,0,0,0,4,0.0,0.0,0.0,0,,,,,50.392166132,1
publimetro_2017-07-27_16,13,none,,adaptive_gaussian,docling_easyocr,llama,4,0,0,0,4,0.0,0.0,0.0,0,,,,,106.043662359,1
publimetro_2017-07-27_16,13,none,,adaptive_gaussian,docling_rapidocr,llama,4,0,0,0,4,0.0,0.0,0.0,0,,,,,42.699657013,1
publimetro_2017-07-27_16,13,none,,adaptive_mean,docling_easyocr,llama,4,0,0,0,4,0.0,0.0,0.0,0,,,,,113.844926045,1
publimetro_2017-07-27_16,13,none,,adaptive_mean,docling_rapidocr,llama,4,0,0,0,4,0.0,0.0,0.0,0,,,,,44.194583103,1
publimetro_2017-07-27_16,13,none,,basic,docling_easyocr,llama,4,0,0,0,4,0.0,0.0,0.0,0,,,,,113.13693742,1
publimetro_2017-07-27_16,13,none,,basic,docling_rapidocr,llama,4,0,0,0,4,0.0,0.0,0.0,0,,,,,50.875220577,1
publimetro_2017-07-27_16,13,none,,niblack,docling_easyocr,llama,4,0,0,0,4,0.0,0.0,0.0,0,,,,,94.695297064,1
publimetro_2017-07-27_16,13,none,,niblack,docling_rapidocr,llama,4,0,0,0,4,0.0,0.0,0.0,0,,,,,40.919917406,1
publimetro_2017-07-27_16,13,none,,none_color,docling_easyocr,llama,4,0,0,0,4,0.0,0.0,0.0,0,,,,,115.264428272,1
publimetro_2017-07-27_16,13,none,,none_color,docling_rapidocr,llama,4,0,0,0,4,0.0,0.0,0.0,0,,,,,50.104554787,1
publimetro_2017-07-27_16,13,none,,none_grayscale,docling_easyocr,llama,4,0,0,0,4,0.0,0.0,0.0,0,,,,,112.73133227,1
publimetro_2017-07-27_16,13,none,,none_grayscale,docling_rapidocr,llama,4,0,0,0,4,0.0,0.0,0.0,0,,,,,50.294457165,1
publimetro_2017-07-27_16,13,none,,otsu,docling_easyocr,llama,4,0,0,0,4,0.0,0.0,0.0,0,,,,,114.930632227,1
publimetro_2017-07-27_16,13,none,,otsu,docling_rapidocr,llama,4,0,0,0,4,0.0,0.0,0.0,0,,,,,50.530407065,1
publimetro_2017-07-27_16,14,none,,adaptive_gaussian,docling_easyocr,llama,4,0,0,0,4,0.0,0.0,0.0,0,,,,,111.991445718,1
publimetro_2017-07-27_16,14,none,,adaptive_gaussian,docling_rapidocr,llama,4,0,0,0,4,0.0,0.0,0.0,0,,,,,45.482277093,1
publimetro_2017-07-27_16,14,none,,adaptive_mean,docling_easyocr,llama,4,0,0,0,4,0.0,0.0,0.0,0,,,,,110.592162568,1
publimetro_2017-07-27_16,14,none,,adaptive_mean,docling_rapidocr,llama,4,0,0,0,4,0.0,0.0,0.0,0,,,,,45.835321147,1
publimetro_2017-07-27_16,14,none,,basic,docling_easyocr,llama,4,0,0,0,4,0.0,0.0,0.0,0,,,,,119.539919854,1
publimetro_2017-07-27_16,14,none,,basic,docling_rapidocr,llama,4,0,0,0,4,0.0,0.0,0.0,0,,,,,51.737653018,1
publimetro_2017-07-27_16,14,none,,niblack,docling_easyocr,llama,4,0,0,0,4,0.0,0.0,0.0,0,,,,,96.778637814,1
publimetro_2017-07-27_16,14,none,,niblack,docling_rapidocr,llama,4,0,0,0,4,0.0,0.0,0.0,0,,,,,42.60805242,1
publimetro_2017-07-27_16,14,none,,none_color,docling_easyocr,llama,4,0,0,0,4,0.0,0.0,0.0,0,,,,,114.499344516,1
publimetro_2017-07-27_16,14,none,,none_color,docling_rapidocr,llama,4,0,0,0,4,0.0,0.0,0.0,0,,,,,50.403648782,1
publimetro_2017-07-27_16,14,none,,none_grayscale,docling_easyocr,llama,4,0,0,0,4,0.0,0.0,0.0,0,,,,,113.60572927,1
publimetro_2017-07-27_16,14,none,,none_grayscale,docling_rapidocr,llama,4,0,0,0,4,0.0,0.0,0.0,0,,,,,50.706148791,1
publimetro_2017-07-27_16,14,none,,otsu,docling_easyocr,llama,4,0,0,0,4,0.0,0.0,0.0,0,,,,,113.681590154,1
publimetro_2017-07-27_16,14,none,,otsu,docling_rapidocr,llama,4,0,0,0,4,0.0,0.0,0.0,0,,,,,50.960553719,1
publimetro_2017-07-27_16,15,none,,adaptive_gaussian,docling_easyocr,llama,4,0,0,0,4,0.0,0.0,0.0,0,,,,,68.849390113,1
publimetro_2017-07-27_16,15,none,,adaptive_gaussian,docling_rapidocr,llama,4,0,0,0,4,0.0,0.0,0.0,0,,,,,10.908874833,1
publimetro_2017-07-27_16,15,none,,adaptive_mean,docling_easyocr,llama,4,0,0,0,4,0.0,0.0,0.0,0,,,,,68.023815259,1
publimetro_2017-07-27_16,15,none,,adaptive_mean,docling_rapidocr,llama,4,0,0,0,4,0.0,0.0,0.0,0,,,,,11.083294972,1
publimetro_2017-07-27_16,15,none,,basic,docling_easyocr,llama,4,0,0,0,4,0.0,0.0,0.0,0,,,,,86.030665782,1
publimetro_2017-07-27_16,15,none,,basic,docling_rapidocr,llama,4,0,0,0,4,0.0,0.0,0.0,0,,,,,20.379362967,1
publimetro_2017-07-27_16,15,none,,niblack,docling_easyocr,llama,4,0,0,0,4,0.0,0.0,0.0,0,,,,,65.632997586,1
publimetro_2017-07-27_16,15,none,,niblack,docling_rapidocr,llama,4,0,0,0,4,0.0,0.0,0.0,0,,,,,10.54909475,1
publimetro_2017-07-27_16,15,none,,none_color,docling_easyocr,llama,4,0,0,0,4,0.0,0.0,0.0,0,,,,,84.294842006,1
publimetro_2017-07-27_16,15,none,,none_color,docling_rapidocr,llama,4,0,0,0,4,0.0,0.0,0.0,0,,,,,20.325423241,1
publimetro_2017-07-27_16,15,none,,none_grayscale,docling_easyocr,llama,4,0,0,0,4,0.0,0.0,0.0,0,,,,,85.30310209,1
publimetro_2017-07-27_16,15,none,,none_grayscale,docling_rapidocr,llama,4,0,0,0,4,0.0,0.0,0.0,0,,,,,18.534123494,1
publimetro_2017-07-27_16,15,none,,otsu,docling_easyocr,llama,4,0,0,0,4,0.0,0.0,0.0,0,,,,,84.853450993,1
publimetro_2017-07-27_16,15,none,,otsu,docling_rapidocr,llama,4,0,0,0,4,0.0,0.0,0.0,0,,,,,16.925007562,1
publimetro_2017-07-27_16,16,none,,adaptive_gaussian,docling_easyocr,llama,4,0,0,0,4,0.0,0.0,0.0,0,,,,,66.144242255,1
publimetro_2017-07-27_16,16,none,,adaptive_gaussian,docling_rapidocr,llama,4,0,0,0,4,0.0,0.0,0.0,0,,,,,10.710478274,1
publimetro_2017-07-27_16,16,none,,adaptive_mean,docling_easyocr,llama,4,0,0,0,4,0.0,0.0,0.0,0,,,,,66.276043259,1
publimetro_2017-07-27_16,16,none,,adaptive_mean,docling_rapidocr,llama,4,0,0,0,4,0.0,0.0,0.0,0,,,,,10.630665862,1
publimetro_2017-07-27_16,16,none,,basic,docling_easyocr,llama,4,0,0,0,4,0.0,0.0,0.0,0,,,,,84.393883353,1
publimetro_2017-07-27_16,16,none,,basic,docling_rapidocr,llama,4,0,0,0,4,0.0,0.0,0.0,0,,,,,19.34450472,1
publimetro_2017-07-27_16,16,none,,niblack,docling_easyocr,llama,4,0,0,0,4,0.0,0.0,0.0,0,,,,,64.547143418,1
publimetro_2017-07-27_16,16,none,,niblack,docling_rapidocr,llama,4,0,0,0,4,0.0,0.0,0.0,0,,,,,11.127778251,1
publimetro_2017-07-27_16,16,none,,none_color,docling_easyocr,llama,4,0,0,0,4,0.0,0.0,0.0,0,,,,,84.229400687,1
publimetro_2017-07-27_16,16,none,,none_color,docling_rapidocr,llama,4,0,0,0,4,0.0,0.0,0.0,0,,,,,17.819116406,1
publimetro_2017-07-27_16,16,none,,none_grayscale,docling_easyocr,llama,4,0,0,0,4,0.0,0.0,0.0,0,,,,,85.218144065,1
publimetro_2017-07-27_16,16,none,,none_grayscale,docling_rapidocr,llama,4,0,0,0,4,0.0,0.0,0.0,0,,,,,20.132416612,1
publimetro_2017-07-27_16,16,none,,otsu,docling_easyocr,llama,4,0,0,0,4,0.0,0.0,0.0,0,,,,,86.493394883,1
publimetro_2017-07-27_16,16,none,,otsu,docling_rapidocr,llama,4,0,0,0,4,0.0,0.0,0.0,0,,,,,17.03766063,1
publimetro_2017-07-27_16,17,none,,adaptive_gaussian,docling_easyocr,llama,4,0,0,0,4,0.0,0.0,0.0,0,,,,,70.409827439,1
publimetro_2017-07-27_16,17,none,,adaptive_gaussian,docling_rapidocr,llama,4,0,0,0,4,0.0,0.0,0.0,0,,,,,10.880520312,1
publimetro_2017-07-27_16,17,none,,adaptive_mean,docling_easyocr,llama,4,0,0,0,4,0.0,0.0,0.0,0,,,,,71.288016236,1
publimetro_2017-07-27_16,17,none,,adaptive_mean,docling_rapidocr,llama,4,0,0,0,4,0.0,0.0,0.0,0,,,,,11.307150519,1
publimetro_2017-07-27_16,17,none,,basic,docling_easyocr,llama,4,0,0,0,4,0.0,0.0,0.0,0,,,,,84.974112231,1
publimetro_2017-07-27_16,17,none,,basic,docling_rapidocr,llama,4,0,0,0,4,0.0,0.0,0.0,0,,,,,18.5547144,1
publimetro_2017-07-27_16,17,none,,niblack,docling_easyocr,llama,4,0,0,0,4,0.0,0.0,0.0,0,,,,,66.122766858,1
publimetro_2017-07-27_16,17,none,,niblack,docling_rapidocr,llama,4,0,0,0,4,0.0,0.0,0.0,0,,,,,9.312647467,1
publimetro_2017-07-27_16,17,none,,none_color,docling_easyocr,llama,4,0,0,0,4,0.0,0.0,0.0,0,,,,,86.118782407,1
publimetro_2017-07-27_16,17,none,,none_color,docling_rapidocr,llama,4,0,0,0,4,0.0,0.0,0.0,0,,,,,20.284535771,1
publimetro_2017-07-27_16,17,none,,none_grayscale,docling_easyocr,llama,4,0,0,0,4,0.0,0.0,0.0,0,,,,,84.653280145,1
publimetro_2017-07-27_16,17,none,,none_grayscale,docling_rapidocr,llama,4,0,0,0,4,0.0,0.0,0.0,0,,,,,20.658556109,1
publimetro_2017-07-27_16,17,none,,otsu,docling_easyocr,llama,4,0,0,0,4,0.0,0.0,0.0,0,,,,,87.317099603,1
publimetro_2017-07-27_16,17,none,,otsu,docling_rapidocr,llama,4,0,0,0,4,0.0,0.0,0.0,0,,,,,19.766546519,1
publimetro_2017-07-27_16,18,none,,adaptive_gaussian,docling_easyocr,llama,4,0,0,0,4,0.0,0.0,0.0,0,,,,,62.620332789,1
publimetro_2017-07-27_16,18,none,,adaptive_gaussian,docling_rapidocr,llama,4,0,0,0,4,0.0,0.0,0.0,0,,,,,12.226608109,1
publimetro_2017-07-27_16,18,none,,adaptive_mean,docling_easyocr,llama,4,0,0,0,4,0.0,0.0,0.0,0,,,,,62.918171975,1
publimetro_2017-07-27_16,18,none,,adaptive_mean,docling_rapidocr,llama,4,0,0,0,4,0.0,0.0,0.0,0,,,,,12.583503577,1
publimetro_2017-07-27_16,18,none,,basic,docling_easyocr,llama,4,0,0,0,4,0.0,0.0,0.0,0,,,,,66.393259421,1
publimetro_2017-07-27_16,18,none,,basic,docling_rapidocr,llama,4,0,0,0,4,0.0,0.0,0.0,0,,,,,10.767147675,1
publimetro_2017-07-27_16,18,none,,otsu,docling_easyocr,llama,4,0,0,0,4,0.0,0.0,0.0,0,,,,,62.328330485,1
publimetro_2017-07-27_16,18,none,,otsu,docling_rapidocr,llama,4,0,0,0,4,0.0,0.0,0.0,0,,,,,12.017967192,1
publimetro_2017-07-27_16,18,none,,yannihorne,docling_rapidocr,llama,4,0,0,0,4,0.0,0.0,0.0,0,,,,,16.081640688,1
publimetro_2017-07-27_16,19,none,,adaptive_gaussian,docling_easyocr,llama,4,0,0,0,4,0.0,0.0,0.0,0,,,,,62.69341564,1
publimetro_2017-07-27_16,19,none,,adaptive_gaussian,docling_rapidocr,llama,4,0,0,0,4,0.0,0.0,0.0,0,,,,,9.446374176,1
publimetro_2017-07-27_16,19,none,,adaptive_mean,docling_easyocr,llama,4,0,0,0,4,0.0,0.0,0.0,0,,,,,63.150506039,1
publimetro_2017-07-27_16,19,none,,adaptive_mean,docling_rapidocr,llama,4,0,0,0,4,0.0,0.0,0.0,0,,,,,10.305428524,1
publimetro_2017-07-27_16,19,none,,basic,docling_easyocr,llama,4,0,0,0,4,0.0,0.0,0.0,0,,,,,63.266121449,1
publimetro_2017-07-27_16,19,none,,basic,docling_rapidocr,llama,4,0,0,0,4,0.0,0.0,0.0,0,,,,,11.66705543,1
publimetro_2017-07-27_16,19,none,,niblack,docling_easyocr,llama,4,0,0,0,4,0.0,0.0,0.0,0,,,,,66.462896399,1
publimetro_2017-07-27_16,19,none,,otsu,docling_easyocr,llama,4,0,0,0,4,0.0,0.0,0.0,0,,,,,65.092962876,1
publimetro_2017-07-27_16,19,none,,otsu,docling_rapidocr,llama,4,0,0,0,4,0.0,0.0,0.0,0,,,,,11.745268002,1
publimetro_2017-07-27_16,19,none,,yannihorne,docling_rapidocr,llama,4,0,0,0,4,0.0,0.0,0.0,0,,,,,16.458707705,1
publimetro_2017-07-27_16,20,none,,adaptive_gaussian,docling_easyocr,llama,4,0,0,0,4,0.0,0.0,0.0,0,,,,,65.836579445,1
publimetro_2017-07-27_16,20,none,,adaptive_gaussian,docling_rapidocr,llama,4,0,0,0,4,0.0,0.0,0.0,0,,,,,11.449209097,1
publimetro_2017-07-27_16,20,none,,adaptive_mean,docling_easyocr,llama,4,0,0,0,4,0.0,0.0,0.0,0,,,,,62.647214484,1
publimetro_2017-07-27_16,20,none,,adaptive_mean,docling_rapidocr,llama,4,0,0,0,4,0.0,0.0,0.0,0,,,,,12.301180195,1
publimetro_2017-07-27_16,20,none,,basic,docling_easyocr,llama,4,0,0,0,4,0.0,0.0,0.0,0,,,,,65.357982748,1
publimetro_2017-07-27_16,20,none,,basic,docling_rapidocr,llama,4,0,0,0,4,0.0,0.0,0.0,0,,,,,9.805988663,1
publimetro_2017-07-27_16,20,none,,otsu,docling_easyocr,llama,4,0,0,0,4,0.0,0.0,0.0,0,,,,,66.272764868,1
publimetro_2017-07-27_16,20,none,,otsu,docling_rapidocr,llama,4,0,0,0,4,0.0,0.0,0.0,0,,,,,10.013589806,1
publimetro_2017-07-27_16,20,none,,yannihorne,docling_rapidocr,llama,4,0,0,0,4,0.0,0.0,0.0,0,,,,,16.139002747,1
publimetro_2017-07-27_16,21,none,,adaptive_gaussian,docling_easyocr,llama,4,0,0,0,4,0.0,0.0,0.0,0,,,,,166.241541571,1
publimetro_2017-07-27_16,21,none,,adaptive_gaussian,docling_rapidocr,llama,4,0,0,0,4,0.0,0.0,0.0,0,,,,,99.875355191,1
publimetro_2017-07-27_16,21,none,,adaptive_mean,docling_easyocr,llama,4,0,0,0,4,0.0,0.0,0.0,0,,,,,160.642374007,1
publimetro_2017-07-27_16,21,none,,adaptive_mean,docling_rapidocr,llama,4,0,0,0,4,0.0,0.0,0.0,0,,,,,96.69266936,1
publimetro_2017-07-27_16,21,none,,basic,docling_easyocr,llama,4,0,0,0,4,0.0,0.0,0.0,0,,,,,168.324614296,1
publimetro_2017-07-27_16,21,none,,basic,docling_rapidocr,llama,4,0,0,0,4,0.0,0.0,0.0,0,,,,,100.939951907,1
publimetro_2017-07-27_16,21,none,,niblack,docling_easyocr,llama,4,0,0,0,4,0.0,0.0,0.0,0,,,,,148.527943467,1
publimetro_2017-07-27_16,21,none,,niblack,docling_rapidocr,llama,4,0,0,0,4,0.0,0.0,0.0,0,,,,,96.380540465,1
publimetro_2017-07-27_16,21,none,,none_color,docling_easyocr,llama,4,0,0,0,4,0.0,0.0,0.0,0,,,,,172.091208872,1
publimetro_2017-07-27_16,21,none,,none_color,docling_rapidocr,llama,4,0,0,0,4,0.0,0.0,0.0,0,,,,,105.968311486,1
publimetro_2017-07-27_16,21,none,,none_grayscale,docling_easyocr,llama,4,0,0,0,4,0.0,0.0,0.0,0,,,,,172.648067889,1
publimetro_2017-07-27_16,21,none,,none_grayscale,docling_rapidocr,llama,4,0,0,0,4,0.0,0.0,0.0,0,,,,,105.768268284,1
publimetro_2017-07-27_16,21,none,,otsu,docling_easyocr,llama,4,0,0,0,4,0.0,0.0,0.0,0,,,,,169.767917715,1
publimetro_2017-07-27_16,21,none,,otsu,docling_rapidocr,llama,4,0,0,0,4,0.0,0.0,0.0,0,,,,,102.076078736,1
publimetro_2017-07-27_16,22,none,,adaptive_gaussian,docling_easyocr,llama,4,0,0,0,4,0.0,0.0,0.0,0,,,,,156.824626953,1
publimetro_2017-07-27_16,22,none,,adaptive_gaussian,docling_rapidocr,llama,4,0,0,0,4,0.0,0.0,0.0,0,,,,,97.245680363,1
publimetro_2017-07-27_16,22,none,,adaptive_mean,docling_easyocr,llama,4,0,0,0,4,0.0,0.0,0.0,0,,,,,154.535766581,1
publimetro_2017-07-27_16,22,none,,adaptive_mean,docling_rapidocr,llama,4,0,0,0,4,0.0,0.0,0.0,0,,,,,97.203217962,1
publimetro_2017-07-27_16,22,none,,basic,docling_easyocr,llama,4,0,0,0,4,0.0,0.0,0.0,0,,,,,174.348533174,1
publimetro_2017-07-27_16,22,none,,basic,docling_rapidocr,llama,4,0,0,0,4,0.0,0.0,0.0,0,,,,,102.828874132,1
publimetro_2017-07-27_16,22,none,,niblack,docling_easyocr,llama,4,0,0,0,4,0.0,0.0,0.0,0,,,,,151.19686104,1
publimetro_2017-07-27_16,22,none,,niblack,docling_rapidocr,llama,4,0,0,0,4,0.0,0.0,0.0,0,,,,,96.225345861,1
publimetro_2017-07-27_16,22,none,,none_color,docling_easyocr,llama,4,0,0,0,4,0.0,0.0,0.0,0,,,,,171.000697561,1
publimetro_2017-07-27_16,22,none,,none_color,docling_rapidocr,llama,4,0,0,0,4,0.0,0.0,0.0,0,,,,,104.996759602,1
publimetro_2017-07-27_16,22,none,,none_grayscale,docling_easyocr,llama,4,0,0,0,4,0.0,0.0,0.0,0,,,,,176.279867836,1
publimetro_2017-07-27_16,22,none,,none_grayscale,docling_rapidocr,llama,4,0,0,0,4,0.0,0.0,0.0,0,,,,,105.930140205,1
publimetro_2017-07-27_16,22,none,,otsu,docling_easyocr,llama,4,0,0,0,4,0.0,0.0,0.0,0,,,,,175.564522121,1
publimetro_2017-07-27_16,22,none,,otsu,docling_rapidocr,llama,4,0,0,0,4,0.0,0.0,0.0,0,,,,,104.932965372,1
publimetro_2017-07-27_16,23,none,,adaptive_gaussian,docling_easyocr,llama,4,0,0,0,4,0.0,0.0,0.0,0,,,,,166.3844456,1
publimetro_2017-07-27_16,23,none,,adaptive_gaussian,docling_rapidocr,llama,4,0,0,0,4,0.0,0.0,0.0,0,,,,,99.53544467,1
publimetro_2017-07-27_16,23,none,,adaptive_mean,docling_easyocr,llama,4,0,0,0,4,0.0,0.0,0.0,0,,,,,158.502067448,1
publimetro_2017-07-27_16,23,none,,adaptive_mean,docling_rapidocr,llama,4,0,0,0,4,0.0,0.0,0.0,0,,,,,99.171106459,1
publimetro_2017-07-27_16,23,none,,basic,docling_easyocr,llama,4,0,0,0,4,0.0,0.0,0.0,0,,,,,157.631249351,1
publimetro_2017-07-27_16,23,none,,basic,docling_rapidocr,llama,4,0,0,0,4,0.0,0.0,0.0,0,,,,,96.998894854,1
publimetro_2017-07-27_16,23,none,,niblack,docling_easyocr,llama,4,0,0,0,4,0.0,0.0,0.0,0,,,,,151.102573952,1
publimetro_2017-07-27_16,23,none,,niblack,docling_rapidocr,llama,4,0,0,0,4,0.0,0.0,0.0,0,,,,,95.651596626,1
publimetro_2017-07-27_16,23,none,,none_color,docling_easyocr,llama,4,0,0,0,4,0.0,0.0,0.0,0,,,,,172.466511816,1
publimetro_2017-07-27_16,23,none,,none_color,docling_rapidocr,llama,4,0,0,0,4,0.0,0.0,0.0,0,,,,,105.284372181,1
publimetro_2017-07-27_16,23,none,,none_grayscale,docling_easyocr,llama,4,0,0,0,4,0.0,0.0,0.0,0,,,,,170.710876554,1
publimetro_2017-07-27_16,23,none,,none_grayscale,docling_rapidocr,llama,4,0,0,0,4,0.0,0.0,0.0,0,,,,,105.943189234,1
publimetro_2017-07-27_16,23,none,,otsu,docling_easyocr,llama,4,0,0,0,4,0.0,0.0,0.0,0,,,,,169.389074322,1
publimetro_2017-07-27_16,23,none,,otsu,docling_rapidocr,llama,4,0,0,0,4,0.0,0.0,0.0,0,,,,,101.096345898,1
publimetro_2017-07-27_16,24,none,,adaptive_gaussian,docling_easyocr,llama,4,0,0,0,4,0.0,0.0,0.0,0,,,,,82.110974531,1
publimetro_2017-07-27_16,24,none,,adaptive_gaussian,docling_rapidocr,llama,4,0,0,0,4,0.0,0.0,0.0,0,,,,,12.466161947,1
publimetro_2017-07-27_16,24,none,,adaptive_mean,docling_easyocr,llama,4,0,0,0,4,0.0,0.0,0.0,0,,,,,79.355057407,1
publimetro_2017-07-27_16,24,none,,adaptive_mean,docling_rapidocr,llama,4,0,0,0,4,0.0,0.0,0.0,0,,,,,14.750513245,1
publimetro_2017-07-27_16,24,none,,basic,docling_easyocr,llama,4,0,0,0,4,0.0,0.0,0.0,0,,,,,82.2394463,1
publimetro_2017-07-27_16,24,none,,basic,docling_rapidocr,llama,4,0,0,0,4,0.0,0.0,0.0,0,,,,,20.691563982,1
publimetro_2017-07-27_16,24,none,,niblack,docling_easyocr,llama,4,0,0,0,4,0.0,0.0,0.0,0,,,,,65.694507591,1
publimetro_2017-07-27_16,24,none,,niblack,docling_rapidocr,llama,4,0,0,0,4,0.0,0.0,0.0,0,,,,,10.980384104,1
publimetro_2017-07-27_16,24,none,,none_color,docling_easyocr,llama,4,0,0,0,4,0.0,0.0,0.0,0,,,,,82.778807466,1
publimetro_2017-07-27_16,24,none,,none_color,docling_rapidocr,llama,4,0,0,0,4,0.0,0.0,0.0,0,,,,,17.977776115,1
publimetro_2017-07-27_16,24,none,,none_grayscale,docling_easyocr,llama,4,0,0,0,4,0.0,0.0,0.0,0,,,,,83.586581036,1
publimetro_2017-07-27_16,24,none,,none_grayscale,docling_rapidocr,llama,4,0,0,0,4,0.0,0.0,0.0,0,,,,,19.805959984,1
publimetro_2017-07-27_16,24,none,,otsu,docling_easyocr,llama,4,0,0,0,4,0.0,0.0,0.0,0,,,,,83.73455052,1
publimetro_2017-07-27_16,24,none,,otsu,docling_rapidocr,llama,4,0,0,0,4,0.0,0.0,0.0,0,,,,,20.333787008,1
publimetro_2017-07-27_16,25,none,,adaptive_gaussian,docling_easyocr,llama,4,0,0,0,4,0.0,0.0,0.0,0,,,,,73.412781385,1
publimetro_2017-07-27_16,25,none,,adaptive_gaussian,docling_rapidocr,llama,4,0,0,0,4,0.0,0.0,0.0,0,,,,,13.496177343,1
publimetro_2017-07-27_16,25,none,,adaptive_mean,docling_easyocr,llama,4,0,0,0,4,0.0,0.0,0.0,0,,,,,71.559504127,1
publimetro_2017-07-27_16,25,none,,adaptive_mean,docling_rapidocr,llama,4,0,0,0,4,0.0,0.0,0.0,0,,,,,15.938331699,1
publimetro_2017-07-27_16,25,none,,basic,docling_easyocr,llama,4,0,0,0,4,0.0,0.0,0.0,0,,,,,83.456622261,1
publimetro_2017-07-27_16,25,none,,basic,docling_rapidocr,llama,4,0,0,0,4,0.0,0.0,0.0,0,,,,,18.428577084,1
publimetro_2017-07-27_16,25,none,,niblack,docling_easyocr,llama,4,0,0,0,4,0.0,0.0,0.0,0,,,,,65.95676724,1
publimetro_2017-07-27_16,25,none,,niblack,docling_rapidocr,llama,4,0,0,0,4,0.0,0.0,0.0,0,,,,,10.561963001,1
publimetro_2017-07-27_16,25,none,,none_color,docling_easyocr,llama,4,0,0,0,4,0.0,0.0,0.0,0,,,,,84.060185186,1
publimetro_2017-07-27_16,25,none,,none_color,docling_rapidocr,llama,4,0,0,0,4,0.0,0.0,0.0,0,,,,,20.702188723,1
publimetro_2017-07-27_16,25,none,,none_grayscale,docling_easyocr,llama,4,0,0,0,4,0.0,0.0,0.0,0,,,,,79.348964279,1
publimetro_2017-07-27_16,25,none,,none_grayscale,docling_rapidocr,llama,4,0,0,0,4,0.0,0.0,0.0,0,,,,,21.314991539,1
publimetro_2017-07-27_16,25,none,,otsu,docling_easyocr,llama,4,0,0,0,4,0.0,0.0,0.0,0,,,,,83.913747282,1
publimetro_2017-07-27_16,25,none,,otsu,docling_rapidocr,llama,4,0,0,0,4,0.0,0.0,0.0,0,,,,,20.841446609,1
publimetro_2017-07-27_16,26,none,,adaptive_gaussian,docling_easyocr,llama,4,0,0,0,4,0.0,0.0,0.0,0,,,,,80.2405326,1
publimetro_2017-07-27_16,26,none,,adaptive_gaussian,docling_rapidocr,llama,4,0,0,0,4,0.0,0.0,0.0,0,,,,,13.329897129,1
publimetro_2017-07-27_16,26,none,,adaptive_mean,docling_easyocr,llama,4,0,0,0,4,0.0,0.0,0.0,0,,,,,75.628322586,1
publimetro_2017-07-27_16,26,none,,adaptive_mean,docling_rapidocr,llama,4,0,0,0,4,0.0,0.0,0.0,0,,,,,15.186764225,1
publimetro_2017-07-27_16,26,none,,basic,docling_easyocr,llama,4,0,0,0,4,0.0,0.0,0.0,0,,,,,84.053588178,1
publimetro_2017-07-27_16,26,none,,basic,docling_rapidocr,llama,4,0,0,0,4,0.0,0.0,0.0,0,,,,,18.256844547,1
publimetro_2017-07-27_16,26,none,,niblack,docling_easyocr,llama,4,0,0,0,4,0.0,0.0,0.0,0,,,,,65.815119604,1
publimetro_2017-07-27_16,26,none,,niblack,docling_rapidocr,llama,4,0,0,0,4,0.0,0.0,0.0,0,,,,,10.610131363,1
publimetro_2017-07-27_16,26,none,,none_color,docling_easyocr,llama,4,0,0,0,4,0.0,0.0,0.0,0,,,,,84.147189094,1
publimetro_2017-07-27_16,26,none,,none_color,docling_rapidocr,llama,4,0,0,0,4,0.0,0.0,0.0,0,,,,,17.734137251,1
publimetro_2017-07-27_16,26,none,,none_grayscale,docling_easyocr,llama,4,0,0,0,4,0.0,0.0,0.0,0,,,,,83.67434807,1
publimetro_2017-07-27_16,26,none,,none_grayscale,docling_rapidocr,llama,4,0,0,0,4,0.0,0.0,0.0,0,,,,,20.635572626,1
publimetro_2017-07-27_16,26,none,,otsu,docling_easyocr,llama,4,0,0,0,4,0.0,0.0,0.0,0,,,,,79.05411754,1
publimetro_2017-07-27_16,26,none,,otsu,docling_rapidocr,llama,4,0,0,0,4,0.0,0.0,0.0,0,,,,,18.862796405,1
publimetro_2017-07-27_16,27,none,,adaptive_gaussian,docling_easyocr,llama,4,0,0,0,4,0.0,0.0,0.0,0,,,,,80.757370788,1
publimetro_2017-07-27_16,27,none,,adaptive_gaussian,docling_rapidocr,llama,4,0,0,0,4,0.0,0.0,0.0,0,,,,,15.20715459,1
publimetro_2017-07-27_16,27,none,,adaptive_mean,docling_easyocr,llama,4,0,0,0,4,0.0,0.0,0.0,0,,,,,78.172438482,1
publimetro_2017-07-27_16,27,none,,adaptive_mean,docling_rapidocr,llama,4,0,0,0,4,0.0,0.0,0.0,0,,,,,14.624407867,1
publimetro_2017-07-27_16,27,none,,basic,docling_easyocr,llama,4,0,0,0,4,0.0,0.0,0.0,0,,,,,80.285493753,1
publimetro_2017-07-27_16,27,none,,basic,docling_rapidocr,llama,4,0,0,0,4,0.0,0.0,0.0,0,,,,,21.366783998,1
publimetro_2017-07-27_16,27,none,,niblack,docling_easyocr,llama,4,0,0,0,4,0.0,0.0,0.0,0,,,,,67.644865623,1
publimetro_2017-07-27_16,27,none,,niblack,docling_rapidocr,llama,4,0,0,0,4,0.0,0.0,0.0,0,,,,,10.668710581,1
publimetro_2017-07-27_16,27,none,,none_color,docling_easyocr,llama,4,0,0,0,4,0.0,0.0,0.0,0,,,,,85.557553287,1
publimetro_2017-07-27_16,27,none,,none_color,docling_rapidocr,llama,4,0,0,0,4,0.0,0.0,0.0,0,,,,,19.420237299,1
publimetro_2017-07-27_16,27,none,,none_grayscale,docling_easyocr,llama,4,0,0,0,4,0.0,0.0,0.0,0,,,,,78.804095813,1
publimetro_2017-07-27_16,27,none,,none_grayscale,docling_rapidocr,llama,4,0,0,0,4,0.0,0.0,0.0,0,,,,,20.758001634,1
publimetro_2017-07-27_16,27,none,,otsu,docling_easyocr,llama,4,0,0,0,4,0.0,0.0,0.0,0,,,,,83.975066398,1
publimetro_2017-07-27_16,27,none,,otsu,docling_rapidocr,llama,4,0,0,0,4,0.0,0.0,0.0,0,,,,,18.761938308,1
publimetro_2017-07-27_16,28,none,,adaptive_gaussian,docling_easyocr,llama,4,0,0,0,4,0.0,0.0,0.0,0,,,,,71.147124399,1
publimetro_2017-07-27_16,28,none,,adaptive_gaussian,docling_rapidocr,llama,4,0,0,0,4,0.0,0.0,0.0,0,,,,,10.527530063,1
publimetro_2017-07-27_16,28,none,,adaptive_mean,docling_easyocr,llama,4,0,0,0,4,0.0,0.0,0.0,0,,,,,80.429673252,1
publimetro_2017-07-27_16,28,none,,adaptive_mean,docling_rapidocr,llama,4,0,0,0,4,0.0,0.0,0.0,0,,,,,13.592124042,1
publimetro_2017-07-27_16,28,none,,basic,docling_easyocr,llama,4,0,0,0,4,0.0,0.0,0.0,0,,,,,79.511743406,1
publimetro_2017-07-27_16,28,none,,basic,docling_rapidocr,llama,4,0,0,0,4,0.0,0.0,0.0,0,,,,,17.559390644,1
publimetro_2017-07-27_16,28,none,,niblack,docling_easyocr,llama,4,0,0,0,4,0.0,0.0,0.0,0,,,,,65.38760164,1
publimetro_2017-07-27_16,28,none,,niblack,docling_rapidocr,llama,4,0,0,0,4,0.0,0.0,0.0,0,,,,,10.581069496,1
publimetro_2017-07-27_16,28,none,,none_color,docling_easyocr,llama,4,0,0,0,4,0.0,0.0,0.0,0,,,,,84.78726287,1
publimetro_2017-07-27_16,28,none,,none_color,docling_rapidocr,llama,4,0,0,0,4,0.0,0.0,0.0,0,,,,,20.34624119,1
publimetro_2017-07-27_16,28,none,,none_grayscale,docling_easyocr,llama,4,0,0,0,4,0.0,0.0,0.0,0,,,,,79.477558162,1
publimetro_2017-07-27_16,28,none,,none_grayscale,docling_rapidocr,llama,4,0,0,0,4,0.0,0.0,0.0,0,,,,,18.818395164,1
publimetro_2017-07-27_16,28,none,,otsu,docling_easyocr,llama,4,0,0,0,4,0.0,0.0,0.0,0,,,,,83.695839815,1
publimetro_2017-07-27_16,28,none,,otsu,docling_rapidocr,llama,4,0,0,0,4,0.0,0.0,0.0,0,,,,,19.008110933,1
publimetro_2017-07-27_16,29,none,,adaptive_gaussian,docling_easyocr,llama,4,0,0,0,4,0.0,0.0,0.0,0,,,,,79.458785331,1
publimetro_2017-07-27_16,29,none,,adaptive_gaussian,docling_rapidocr,llama,4,0,0,0,4,0.0,0.0,0.0,0,,,,,14.012532747,1
publimetro_2017-07-27_16,29,none,,adaptive_mean,docling_easyocr,llama,4,0,0,0,4,0.0,0.0,0.0,0,,,,,79.320056423,1
publimetro_2017-07-27_16,29,none,,adaptive_mean,docling_rapidocr,llama,4,0,0,0,4,0.0,0.0,0.0,0,,,,,14.74850057,1
publimetro_2017-07-27_16,29,none,,basic,docling_easyocr,llama,4,0,0,0,4,0.0,0.0,0.0,0,,,,,85.041802433,1
publimetro_2017-07-27_16,29,none,,basic,docling_rapidocr,llama,4,0,0,0,4,0.0,0.0,0.0,0,,,,,19.997575548,1
publimetro_2017-07-27_16,29,none,,niblack,docling_easyocr,llama,4,0,0,0,4,0.0,0.0,0.0,0,,,,,65.593783333,1
publimetro_2017-07-27_16,29,none,,niblack,docling_rapidocr,llama,4,0,0,0,4,0.0,0.0,0.0,0,,,,,11.184015705,1
publimetro_2017-07-27_16,29,none,,none_color,docling_easyocr,llama,4,0,0,0,4,0.0,0.0,0.0,0,,,,,79.138648941,1
publimetro_2017-07-27_16,29,none,,none_color,docling_rapidocr,llama,4,0,0,0,4,0.0,0.0,0.0,0,,,,,20.832968427,1
publimetro_2017-07-27_16,29,none,,none_grayscale,docling_easyocr,llama,4,0,0,0,4,0.0,0.0,0.0,0,,,,,85.875155641,1
publimetro_2017-07-27_16,29,none,,none_grayscale,docling_rapidocr,llama,4,0,0,0,4,0.0,0.0,0.0,0,,,,,18.206405117,1
publimetro_2017-07-27_16,29,none,,otsu,docling_easyocr,llama,4,0,0,0,4,0.0,0.0,0.0,0,,,,,80.663122276,1
publimetro_2017-07-27_16,29,none,,otsu,docling_rapidocr,llama,4,0,0,0,4,0.0,0.0,0.0,0,,,,,19.370750526,1
publimetro_2017-07-27_16,30,none,,adaptive_gaussian,docling_easyocr,llama,4,0,0,0,4,0.0,0.0,0.0,0,,,,,77.953993548,1
publimetro_2017-07-27_16,30,none,,adaptive_gaussian,docling_rapidocr,llama,4,0,0,0,4,0.0,0.0,0.0,0,,,,,11.680508364,1
publimetro_2017-07-27_16,30,none,,adaptive_mean,docling_easyocr,llama,4,0,0,0,4,0.0,0.0,0.0,0,,,,,68.945935259,1
publimetro_2017-07-27_16,30,none,,adaptive_mean,docling_rapidocr,llama,4,0,0,0,4,0.0,0.0,0.0,0,,,,,10.299430857,1
publimetro_2017-07-27_16,30,none,,basic,docling_easyocr,llama,4,0,0,0,4,0.0,0.0,0.0,0,,,,,83.250115446,1
publimetro_2017-07-27_16,30,none,,basic,docling_rapidocr,llama,4,0,0,0,4,0.0,0.0,0.0,0,,,,,17.463515333,1
publimetro_2017-07-27_16,30,none,,niblack,docling_easyocr,llama,4,0,0,0,4,0.0,0.0,0.0,0,,,,,67.438642481,1
publimetro_2017-07-27_16,30,none,,niblack,docling_rapidocr,llama,4,0,0,0,4,0.0,0.0,0.0,0,,,,,10.039411047,1
publimetro_2017-07-27_16,30,none,,none_color,docling_easyocr,llama,4,0,0,0,4,0.0,0.0,0.0,0,,,,,86.224042322,1
publimetro_2017-07-27_16,30,none,,none_color,docling_rapidocr,llama,4,0,0,0,4,0.0,0.0,0.0,0,,,,,20.057236817,1
publimetro_2017-07-27_16,30,none,,none_grayscale,docling_easyocr,llama,4,0,0,0,4,0.0,0.0,0.0,0,,,,,84.434865931,1
publimetro_2017-07-27_16,30,none,,none_grayscale,docling_rapidocr,llama,4,0,0,0,4,0.0,0.0,0.0,0,,,,,18.722772101,1
publimetro_2017-07-27_16,30,none,,otsu,docling_easyocr,llama,4,0,0,0,4,0.0,0.0,0.0,0,,,,,79.697923784,1
publimetro_2017-07-27_16,30,none,,otsu,docling_rapidocr,llama,4,0,0,0,4,0.0,0.0,0.0,0,,,,,14.40438736,1
publimetro_2017-07-27_16,31,none,,adaptive_gaussian,docling_easyocr,llama,4,0,0,0,4,0.0,0.0,0.0,0,,,,,77.376779026,1
publimetro_2017-07-27_16,31,none,,adaptive_gaussian,docling_rapidocr,llama,4,0,0,0,4,0.0,0.0,0.0,0,,,,,12.467353768,1
publimetro_2017-07-27_16,31,none,,adaptive_mean,docling_easyocr,llama,4,0,0,0,4,0.0,0.0,0.0,0,,,,,69.363225998,1
publimetro_2017-07-27_16,31,none,,adaptive_mean,docling_rapidocr,llama,4,0,0,0,4,0.0,0.0,0.0,0,,,,,12.214970888,1
publimetro_2017-07-27_16,31,none,,basic,docling_easyocr,llama,4,0,0,0,4,0.0,0.0,0.0,0,,,,,84.374803719,1
publimetro_2017-07-27_16,31,none,,basic,docling_rapidocr,llama,4,0,0,0,4,0.0,0.0,0.0,0,,,,,18.324193892,1
publimetro_2017-07-27_16,31,none,,niblack,docling_easyocr,llama,4,0,0,0,4,0.0,0.0,0.0,0,,,,,65.352347954,1
publimetro_2017-07-27_16,31,none,,niblack,docling_rapidocr,llama,4,0,0,0,4,0.0,0.0,0.0,0,,,,,10.210507973,1
publimetro_2017-07-27_16,31,none,,none_color,docling_easyocr,llama,4,0,0,0,4,0.0,0.0,0.0,0,,,,,82.437657148,1
publimetro_2017-07-27_16,31,none,,none_color,docling_rapidocr,llama,4,0,0,0,4,0.0,0.0,0.0,0,,,,,20.113062174,1
publimetro_2017-07-27_16,31,none,,none_grayscale,docling_easyocr,llama,4,0,0,0,4,0.0,0.0,0.0,0,,,,,85.01697646,1
publimetro_2017-07-27_16,31,none,,none_grayscale,docling_rapidocr,llama,4,0,0,0,4,0.0,0.0,0.0,0,,,,,20.453066691,1
publimetro_2017-07-27_16,31,none,,otsu,docling_easyocr,llama,4,0,0,0,4,0.0,0.0,0.0,0,,,,,82.480353127,1
publimetro_2017-07-27_16,31,none,,otsu,docling_rapidocr,llama,4,0,0,0,4,0.0,0.0,0.0,0,,,,,12.880436907,1
publimetro_2017-07-27_16,32,none,,adaptive_gaussian,docling_easyocr,llama,4,0,0,0,4,0.0,0.0,0.0,0,,,,,73.801646822,1
publimetro_2017-07-27_16,32,none,,adaptive_gaussian,docling_rapidocr,llama,4,0,0,0,4,0.0,0.0,0.0,0,,,,,12.010558003,1
publimetro_2017-07-27_16,32,none,,adaptive_mean,docling_easyocr,llama,4,0,0,0,4,0.0,0.0,0.0,0,,,,,65.501168074,1
publimetro_2017-07-27_16,32,none,,adaptive_mean,docling_rapidocr,llama,4,0,0,0,4,0.0,0.0,0.0,0,,,,,12.032105745,1
publimetro_2017-07-27_16,32,none,,basic,docling_easyocr,llama,4,0,0,0,4,0.0,0.0,0.0,0,,,,,73.878895624,1
publimetro_2017-07-27_16,32,none,,basic,docling_rapidocr,llama,4,0,0,0,4,0.0,0.0,0.0,0,,,,,14.303351505,1
publimetro_2017-07-27_16,32,none,,niblack,docling_easyocr,llama,4,0,0,0,4,0.0,0.0,0.0,0,,,,,66.49899407,1
publimetro_2017-07-27_16,32,none,,niblack,docling_rapidocr,llama,4,0,0,0,4,0.0,0.0,0.0,0,,,,,10.598742205,1
publimetro_2017-07-27_16,32,none,,none_color,docling_easyocr,llama,4,0,0,0,4,0.0,0.0,0.0,0,,,,,86.46246031,1
publimetro_2017-07-27_16,32,none,,none_color,docling_rapidocr,llama,4,0,0,0,4,0.0,0.0,0.0,0,,,,,15.941482813,1
publimetro_2017-07-27_16,32,none,,none_grayscale,docling_easyocr,llama,4,0,0,0,4,0.0,0.0,0.0,0,,,,,87.014363081,1
publimetro_2017-07-27_16,32,none,,none_grayscale,docling_rapidocr,llama,4,0,0,0,4,0.0,0.0,0.0,0,,,,,18.615390093,1
publimetro_2017-07-27_16,32,none,,otsu,docling_easyocr,llama,4,0,0,0,4,0.0,0.0,0.0,0,,,,,82.015583929,1
publimetro_2017-07-27_16,32,none,,otsu,docling_rapidocr,llama,4,0,0,0,4,0.0,0.0,0.0,0,,,,,14.459437069,1
publimetro_2017-07-27_16,33,none,,adaptive_gaussian,docling_easyocr,llama,4,0,0,0,4,0.0,0.0,0.0,0,,,,,74.688998999,1
publimetro_2017-07-27_16,33,none,,adaptive_gaussian,docling_rapidocr,llama,4,0,0,0,4,0.0,0.0,0.0,0,,,,,13.26951939,1
publimetro_2017-07-27_16,33,none,,adaptive_mean,docling_easyocr,llama,4,0,0,0,4,0.0,0.0,0.0,0,,,,,69.78460289,1
publimetro_2017-07-27_16,33,none,,adaptive_mean,docling_rapidocr,llama,4,0,0,0,4,0.0,0.0,0.0,0,,,,,11.135248432,1
publimetro_2017-07-27_16,33,none,,basic,docling_easyocr,llama,4,0,0,0,4,0.0,0.0,0.0,0,,,,,82.048810368,1
publimetro_2017-07-27_16,33,none,,basic,docling_rapidocr,llama,4,0,0,0,4,0.0,0.0,0.0,0,,,,,19.7169174,1
publimetro_2017-07-27_16,33,none,,niblack,docling_easyocr,llama,4,0,0,0,4,0.0,0.0,0.0,0,,,,,66.177000025,1
publimetro_2017-07-27_16,33,none,,niblack,docling_rapidocr,llama,4,0,0,0,4,0.0,0.0,0.0,0,,,,,11.448988894,1
publimetro_2017-07-27_16,33,none,,none_color,docling_easyocr,llama,4,0,0,0,4,0.0,0.0,0.0,0,,,,,85.688518265,1
publimetro_2017-07-27_16,33,none,,none_color,docling_rapidocr,llama,4,0,0,0,4,0.0,0.0,0.0,0,,,,,17.384129265,1
publimetro_2017-07-27_16,33,none,,none_grayscale,docling_easyocr,llama,4,0,0,0,4,0.0,0.0,0.0,0,,,,,80.337722115,1
publimetro_2017-07-27_16,33,none,,none_grayscale,docling_rapidocr,llama,4,0,0,0,4,0.0,0.0,0.0,0,,,,,19.626646332,1
publimetro_2017-07-27_16,33,none,,otsu,docling_easyocr,llama,4,0,0,0,4,0.0,0.0,0.0,0,,,,,82.395847279,1
publimetro_2017-07-27_16,33,none,,otsu,docling_rapidocr,llama,4,0,0,0,4,0.0,0.0,0.0,0,,,,,15.135232884,1
publimetro_2017-07-27_16,34,none,,adaptive_gaussian,docling_easyocr,llama,4,0,0,0,4,0.0,0.0,0.0,0,,,,,81.583660677,1
publimetro_2017-07-27_16,34,none,,adaptive_gaussian,docling_rapidocr,llama,4,0,0,0,4,0.0,0.0,0.0,0,,,,,14.431338623,1
publimetro_2017-07-27_16,34,none,,adaptive_mean,docling_easyocr,llama,4,0,0,0,4,0.0,0.0,0.0,0,,,,,72.985160778,1
publimetro_2017-07-27_16,34,none,,adaptive_mean,docling_rapidocr,llama,4,0,0,0,4,0.0,0.0,0.0,0,,,,,11.740179251,1
publimetro_2017-07-27_16,34,none,,basic,docling_easyocr,llama,4,0,0,0,4,0.0,0.0,0.0,0,,,,,83.486134283,1
publimetro_2017-07-27_16,34,none,,basic,docling_rapidocr,llama,4,0,0,0,4,0.0,0.0,0.0,0,,,,,20.249320976,1
publimetro_2017-07-27_16,34,none,,niblack,docling_easyocr,llama,4,0,0,0,4,0.0,0.0,0.0,0,,,,,65.966753569,1
publimetro_2017-07-27_16,34,none,,niblack,docling_rapidocr,llama,4,0,0,0,4,0.0,0.0,0.0,0,,,,,11.298251238,1
publimetro_2017-07-27_16,34,none,,none_color,docling_easyocr,llama,4,0,0,0,4,0.0,0.0,0.0,0,,,,,81.299915234,1
publimetro_2017-07-27_16,34,none,,none_color,docling_rapidocr,llama,4,0,0,0,4,0.0,0.0,0.0,0,,,,,19.565080801,1
publimetro_2017-07-27_16,34,none,,none_grayscale,docling_easyocr,llama,4,0,0,0,4,0.0,0.0,0.0,0,,,,,83.013581745,1
publimetro_2017-07-27_16,34,none,,none_grayscale,docling_rapidocr,llama,4,0,0,0,4,0.0,0.0,0.0,0,,,,,20.020891897,1
publimetro_2017-07-27_16,34,none,,otsu,docling_easyocr,llama,4,0,0,0,4,0.0,0.0,0.0,0,,,,,83.610400099,1
publimetro_2017-07-27_16,34,none,,otsu,docling_rapidocr,llama,4,0,0,0,4,0.0,0.0,0.0,0,,,,,17.512414116,1
publimetro_2017-07-27_16,35,none,,adaptive_gaussian,docling_easyocr,llama,4,0,0,0,4,0.0,0.0,0.0,0,,,,,79.348949911,1
publimetro_2017-07-27_16,35,none,,adaptive_gaussian,docling_rapidocr,llama,4,0,0,0,4,0.0,0.0,0.0,0,,,,,14.197653057,1
publimetro_2017-07-27_16,35,none,,adaptive_mean,docling_easyocr,llama,4,0,0,0,4,0.0,0.0,0.0,0,,,,,66.496814678,1
publimetro_2017-07-27_16,35,none,,adaptive_mean,docling_rapidocr,llama,4,0,0,0,4,0.0,0.0,0.0,0,,,,,12.287371586,1
publimetro_2017-07-27_16,35,none,,basic,docling_easyocr,llama,4,0,0,0,4,0.0,0.0,0.0,0,,,,,84.606071703,1
publimetro_2017-07-27_16,35,none,,basic,docling_rapidocr,llama,4,0,0,0,4,0.0,0.0,0.0,0,,,,,19.526736014,1
publimetro_2017-07-27_16,35,none,,niblack,docling_easyocr,llama,4,0,0,0,4,0.0,0.0,0.0,0,,,,,66.160266796,1
publimetro_2017-07-27_16,35,none,,niblack,docling_rapidocr,llama,4,0,0,0,4,0.0,0.0,0.0,0,,,,,10.93794171,1
publimetro_2017-07-27_16,35,none,,none_color,docling_easyocr,llama,4,0,0,0,4,0.0,0.0,0.0,0,,,,,84.763636032,1
publimetro_2017-07-27_16,35,none,,none_color,docling_rapidocr,llama,4,0,0,0,4,0.0,0.0,0.0,0,,,,,19.569652477,1
publimetro_2017-07-27_16,35,none,,none_grayscale,docling_easyocr,llama,4,0,0,0,4,0.0,0.0,0.0,0,,,,,83.212645928,1
publimetro_2017-07-27_16,35,none,,none_grayscale,docling_rapidocr,llama,4,0,0,0,4,0.0,0.0,0.0,0,,,,,19.684833924,1
publimetro_2017-07-27_16,35,none,,otsu,docling_easyocr,llama,4,0,0,0,4,0.0,0.0,0.0,0,,,,,85.702927654,1
publimetro_2017-07-27_16,35,none,,otsu,docling_rapidocr,llama,4,0,0,0,4,0.0,0.0,0.0,0,,,,,14.4937411,1
publimetro_2017-07-27_16,36,none,,adaptive_gaussian,docling_easyocr,llama,4,0,0,0,4,0.0,0.0,0.0,0,,,,,74.075812861,1
publimetro_2017-07-27_16,36,none,,adaptive_gaussian,docling_rapidocr,llama,4,0,0,0,4,0.0,0.0,0.0,0,,,,,11.178313776,1
publimetro_2017-07-27_16,36,none,,adaptive_mean,docling_easyocr,llama,4,0,0,0,4,0.0,0.0,0.0,0,,,,,65.905064026,1
publimetro_2017-07-27_16,36,none,,adaptive_mean,docling_rapidocr,llama,4,0,0,0,4,0.0,0.0,0.0,0,,,,,11.311084667,1
publimetro_2017-07-27_16,36,none,,basic,docling_easyocr,llama,4,0,0,0,4,0.0,0.0,0.0,0,,,,,82.157347641,1
publimetro_2017-07-27_16,36,none,,basic,docling_rapidocr,llama,4,0,0,0,4,0.0,0.0,0.0,0,,,,,18.051431379,1
publimetro_2017-07-27_16,36,none,,niblack,docling_easyocr,llama,4,0,0,0,4,0.0,0.0,0.0,0,,,,,65.602889116,1
publimetro_2017-07-27_16,36,none,,niblack,docling_rapidocr,llama,4,0,0,0,4,0.0,0.0,0.0,0,,,,,10.755343254,1
publimetro_2017-07-27_16,36,none,,none_color,docling_easyocr,llama,4,0,0,0,4,0.0,0.0,0.0,0,,,,,89.397603163,1
publimetro_2017-07-27_16,36,none,,none_color,docling_rapidocr,llama,4,0,0,0,4,0.0,0.0,0.0,0,,,,,17.822888979,1
publimetro_2017-07-27_16,36,none,,none_grayscale,docling_easyocr,llama,4,0,0,0,4,0.0,0.0,0.0,0,,,,,83.704721174,1
publimetro_2017-07-27_16,36,none,,none_grayscale,docling_rapidocr,llama,4,0,0,0,4,0.0,0.0,0.0,0,,,,,20.110178909,1
publimetro_2017-07-27_16,36,none,,otsu,docling_easyocr,llama,4,0,0,0,4,0.0,0.0,0.0,0,,,,,76.716004717,1
publimetro_2017-07-27_16,36,none,,otsu,docling_rapidocr,llama,4,0,0,0,4,0.0,0.0,0.0,0,,,,,14.96969043,1
publimetro_2017-07-27_16,37,none,,adaptive_gaussian,docling_easyocr,llama,4,0,0,0,4,0.0,0.0,0.0,0,,,,,68.168298651,1
publimetro_2017-07-27_16,37,none,,adaptive_gaussian,docling_rapidocr,llama,4,0,0,0,4,0.0,0.0,0.0,0,,,,,11.515015293,1
publimetro_2017-07-27_16,37,none,,adaptive_mean,docling_easyocr,llama,4,0,0,0,4,0.0,0.0,0.0,0,,,,,67.771802946,1
publimetro_2017-07-27_16,37,none,,adaptive_mean,docling_rapidocr,llama,4,0,0,0,4,0.0,0.0,0.0,0,,,,,10.908863589,1
publimetro_2017-07-27_16,37,none,,basic,docling_easyocr,llama,4,0,0,0,4,0.0,0.0,0.0,0,,,,,86.193426052,1
publimetro_2017-07-27_16,37,none,,basic,docling_rapidocr,llama,4,0,0,0,4,0.0,0.0,0.0,0,,,,,15.369902292,1
publimetro_2017-07-27_16,37,none,,niblack,docling_easyocr,llama,4,0,0,0,4,0.0,0.0,0.0,0,,,,,65.793037117,1
publimetro_2017-07-27_16,37,none,,niblack,docling_rapidocr,llama,4,0,0,0,4,0.0,0.0,0.0,0,,,,,9.790347994,1
publimetro_2017-07-27_16,37,none,,none_color,docling_easyocr,llama,4,0,0,0,4,0.0,0.0,0.0,0,,,,,87.531961693,1
publimetro_2017-07-27_16,37,none,,none_color,docling_rapidocr,llama,4,0,0,0,4,0.0,0.0,0.0,0,,,,,20.049115194,1
publimetro_2017-07-27_16,37,none,,none_grayscale,docling_easyocr,llama,4,0,0,0,4,0.0,0.0,0.0,0,,,,,84.286587324,1
publimetro_2017-07-27_16,37,none,,none_grayscale,docling_rapidocr,llama,4,0,0,0,4,0.0,0.0,0.0,0,,,,,20.607919064,1
publimetro_2017-07-27_16,37,none,,otsu,docling_easyocr,llama,4,0,0,0,4,0.0,0.0,0.0,0,,,,,83.694120876,1
publimetro_2017-07-27_16,37,none,,otsu,docling_rapidocr,llama,4,0,0,0,4,0.0,0.0,0.0,0,,,,,14.984493725,1
publimetro_2017-07-27_16,38,none,,adaptive_gaussian,docling_easyocr,llama,4,0,0,0,4,0.0,0.0,0.0,0,,,,,78.930533688,1
publimetro_2017-07-27_16,38,none,,adaptive_gaussian,docling_rapidocr,llama,4,0,0,0,4,0.0,0.0,0.0,0,,,,,10.900698702,1
publimetro_2017-07-27_16,38,none,,adaptive_mean,docling_easyocr,llama,4,0,0,0,4,0.0,0.0,0.0,0,,,,,69.216876495,1
publimetro_2017-07-27_16,38,none,,adaptive_mean,docling_rapidocr,llama,4,0,0,0,4,0.0,0.0,0.0,0,,,,,9.664856661,1
publimetro_2017-07-27_16,38,none,,basic,docling_easyocr,llama,4,0,0,0,4,0.0,0.0,0.0,0,,,,,81.633939297,1
publimetro_2017-07-27_16,38,none,,basic,docling_rapidocr,llama,4,0,0,0,4,0.0,0.0,0.0,0,,,,,17.293917925,1
publimetro_2017-07-27_16,38,none,,niblack,docling_easyocr,llama,4,0,0,0,4,0.0,0.0,0.0,0,,,,,66.459593327,1
publimetro_2017-07-27_16,38,none,,niblack,docling_rapidocr,llama,4,0,0,0,4,0.0,0.0,0.0,0,,,,,10.655998499,1
publimetro_2017-07-27_16,38,none,,none_color,docling_easyocr,llama,4,0,0,0,4,0.0,0.0,0.0,0,,,,,85.202480274,1
publimetro_2017-07-27_16,38,none,,none_color,docling_rapidocr,llama,4,0,0,0,4,0.0,0.0,0.0,0,,,,,17.700317341,1
publimetro_2017-07-27_16,38,none,,none_grayscale,docling_easyocr,llama,4,0,0,0,4,0.0,0.0,0.0,0,,,,,82.48608132,1
publimetro_2017-07-27_16,38,none,,none_grayscale,docling_rapidocr,llama,4,0,0,0,4,0.0,0.0,0.0,0,,,,,19.949837881,1
publimetro_2017-07-27_16,38,none,,otsu,docling_easyocr,llama,4,0,0,0,4,0.0,0.0,0.0,0,,,,,80.589664324,1
publimetro_2017-07-27_16,38,none,,otsu,docling_rapidocr,llama,4,0,0,0,4,0.0,0.0,0.0,0,,,,,15.250475271,1
publimetro_2017-07-27_16,39,none,,adaptive_gaussian,docling_easyocr,llama,4,0,0,0,4,0.0,0.0,0.0,0,,,,,113.938269255,1
publimetro_2017-07-27_16,39,none,,adaptive_gaussian,docling_rapidocr,llama,4,0,0,0,4,0.0,0.0,0.0,0,,,,,45.670028326,1
publimetro_2017-07-27_16,39,none,,adaptive_mean,docling_easyocr,llama,4,0,0,0,4,0.0,0.0,0.0,0,,,,,110.771207159,1
publimetro_2017-07-27_16,39,none,,adaptive_mean,docling_rapidocr,llama,4,0,0,0,4,0.0,0.0,0.0,0,,,,,44.928477114,1
publimetro_2017-07-27_16,39,none,,basic,docling_easyocr,llama,4,0,0,0,4,0.0,0.0,0.0,0,,,,,115.034926998,1
publimetro_2017-07-27_16,39,none,,basic,docling_rapidocr,llama,4,0,0,0,4,0.0,0.0,0.0,0,,,,,50.590992796,1
publimetro_2017-07-27_16,39,none,,niblack,docling_easyocr,llama,4,0,0,0,4,0.0,0.0,0.0,0,,,,,97.907002121,1
publimetro_2017-07-27_16,39,none,,niblack,docling_rapidocr,llama,4,0,0,0,4,0.0,0.0,0.0,0,,,,,41.633393913,1
publimetro_2017-07-27_16,39,none,,none_color,docling_easyocr,llama,4,0,0,0,4,0.0,0.0,0.0,0,,,,,114.213821684,1
publimetro_2017-07-27_16,39,none,,none_color,docling_rapidocr,llama,4,0,0,0,4,0.0,0.0,0.0,0,,,,,50.571883713,1
publimetro_2017-07-27_16,39,none,,none_grayscale,docling_easyocr,llama,4,0,0,0,4,0.0,0.0,0.0,0,,,,,113.834740984,1
publimetro_2017-07-27_16,39,none,,none_grayscale,docling_rapidocr,llama,4,0,0,0,4,0.0,0.0,0.0,0,,,,,50.909747708,1
publimetro_2017-07-27_16,39,none,,otsu,docling_easyocr,llama,4,0,0,0,4,0.0,0.0,0.0,0,,,,,109.52353598,1
publimetro_2017-07-27_16,39,none,,otsu,docling_rapidocr,llama,4,0,0,0,4,0.0,0.0,0.0,0,,,,,50.257681622,1
publimetro_2017-07-27_16,40,none,,adaptive_gaussian,docling_easyocr,llama,4,0,0,0,4,0.0,0.0,0.0,0,,,,,102.121558664,1
publimetro_2017-07-27_16,40,none,,adaptive_gaussian,docling_rapidocr,llama,4,0,0,0,4,0.0,0.0,0.0,0,,,,,42.260747669,1
publimetro_2017-07-27_16,40,none,,adaptive_mean,docling_easyocr,llama,4,0,0,0,4,0.0,0.0,0.0,0,,,,,107.060079521,1
publimetro_2017-07-27_16,40,none,,adaptive_mean,docling_rapidocr,llama,4,0,0,0,4,0.0,0.0,0.0,0,,,,,44.568536705,1
publimetro_2017-07-27_16,40,none,,basic,docling_easyocr,llama,4,0,0,0,4,0.0,0.0,0.0,0,,,,,114.558083285,1
publimetro_2017-07-27_16,40,none,,basic,docling_rapidocr,llama,4,0,0,0,4,0.0,0.0,0.0,0,,,,,50.721590031,1
publimetro_2017-07-27_16,40,none,,niblack,docling_easyocr,llama,4,0,0,0,4,0.0,0.0,0.0,0,,,,,97.512497196,1
publimetro_2017-07-27_16,40,none,,niblack,docling_rapidocr,llama,4,0,0,0,4,0.0,0.0,0.0,0,,,,,40.65223814,1
publimetro_2017-07-27_16,40,none,,none_color,docling_easyocr,llama,4,0,0,0,4,0.0,0.0,0.0,0,,,,,114.417633139,1
publimetro_2017-07-27_16,40,none,,none_color,docling_rapidocr,llama,4,0,0,0,4,0.0,0.0,0.0,0,,,,,50.1997393,1
publimetro_2017-07-27_16,40,none,,none_grayscale,docling_easyocr,llama,4,0,0,0,4,0.0,0.0,0.0,0,,,,,114.358729517,1
publimetro_2017-07-27_16,40,none,,none_grayscale,docling_rapidocr,llama,4,0,0,0,4,0.0,0.0,0.0,0,,,,,47.670368826,1
publimetro_2017-07-27_16,40,none,,otsu,docling_easyocr,llama,4,0,0,0,4,0.0,0.0,0.0,0,,,,,115.772524895,1
publimetro_2017-07-27_16,40,none,,otsu,docling_rapidocr,llama,4,0,0,0,4,0.0,0.0,0.0,0,,,,,50.592628779,1
publimetro_2017-07-27_16,41,none,,adaptive_gaussian,docling_easyocr,llama,4,0,0,0,4,0.0,0.0,0.0,0,,,,,112.303378056,1
publimetro_2017-07-27_16,41,none,,adaptive_gaussian,docling_rapidocr,llama,4,0,0,0,4,0.0,0.0,0.0,0,,,,,45.716027926,1
publimetro_2017-07-27_16,41,none,,adaptive_mean,docling_easyocr,llama,4,0,0,0,4,0.0,0.0,0.0,0,,,,,110.187685938,1
publimetro_2017-07-27_16,41,none,,adaptive_mean,docling_rapidocr,llama,4,0,0,0,4,0.0,0.0,0.0,0,,,,,45.490555496,1
publimetro_2017-07-27_16,41,none,,basic,docling_easyocr,llama,4,0,0,0,4,0.0,0.0,0.0,0,,,,,111.070034041,1
publimetro_2017-07-27_16,41,none,,basic,docling_rapidocr,llama,4,0,0,0,4,0.0,0.0,0.0,0,,,,,50.937825455,1
publimetro_2017-07-27_16,41,none,,niblack,docling_easyocr,llama,4,0,0,0,4,0.0,0.0,0.0,0,,,,,96.815931427,1
publimetro_2017-07-27_16,41,none,,niblack,docling_rapidocr,llama,4,0,0,0,4,0.0,0.0,0.0,0,,,,,41.801529038,1
publimetro_2017-07-27_16,41,none,,none_color,docling_easyocr,llama,4,0,0,0,4,0.0,0.0,0.0,0,,,,,113.828937948,1
publimetro_2017-07-27_16,41,none,,none_color,docling_rapidocr,llama,4,0,0,0,4,0.0,0.0,0.0,0,,,,,48.534300984,1
publimetro_2017-07-27_16,41,none,,none_grayscale,docling_easyocr,llama,4,0,0,0,4,0.0,0.0,0.0,0,,,,,118.302797974,1
publimetro_2017-07-27_16,41,none,,none_grayscale,docling_rapidocr,llama,4,0,0,0,4,0.0,0.0,0.0,0,,,,,49.620650709,1
publimetro_2017-07-27_16,41,none,,otsu,docling_easyocr,llama,4,0,0,0,4,0.0,0.0,0.0,0,,,,,115.379416075,1
publimetro_2017-07-27_16,41,none,,otsu,docling_rapidocr,llama,4,0,0,0,4,0.0,0.0,0.0,0,,,,,50.192384567,1
publimetro_2017-07-27_16,42,none,,adaptive_gaussian,docling_easyocr,llama,4,0,0,0,4,0.0,0.0,0.0,0,,,,,67.551721648,1
publimetro_2017-07-27_16,42,none,,adaptive_gaussian,docling_rapidocr,llama,4,0,0,0,4,0.0,0.0,0.0,0,,,,,11.543611364,1
publimetro_2017-07-27_16,42,none,,adaptive_mean,docling_easyocr,llama,4,0,0,0,4,0.0,0.0,0.0,0,,,,,70.304257179,1
publimetro_2017-07-27_16,42,none,,adaptive_mean,docling_rapidocr,llama,4,0,0,0,4,0.0,0.0,0.0,0,,,,,11.254207158,1
publimetro_2017-07-27_16,42,none,,basic,docling_easyocr,llama,4,0,0,0,4,0.0,0.0,0.0,0,,,,,84.553592199,1
publimetro_2017-07-27_16,42,none,,basic,docling_rapidocr,llama,4,0,0,0,4,0.0,0.0,0.0,0,,,,,18.725085014,1
publimetro_2017-07-27_16,42,none,,niblack,docling_easyocr,llama,4,0,0,0,4,0.0,0.0,0.0,0,,,,,62.767838659,1
publimetro_2017-07-27_16,42,none,,niblack,docling_rapidocr,llama,4,0,0,0,4,0.0,0.0,0.0,0,,,,,11.976800384,1
publimetro_2017-07-27_16,42,none,,none_color,docling_easyocr,llama,4,0,0,0,4,0.0,0.0,0.0,0,,,,,84.087833326,1
publimetro_2017-07-27_16,42,none,,none_color,docling_rapidocr,llama,4,0,0,0,4,0.0,0.0,0.0,0,,,,,19.769923846,1
publimetro_2017-07-27_16,42,none,,none_grayscale,docling_easyocr,llama,4,0,0,0,4,0.0,0.0,0.0,0,,,,,80.658908672,1
publimetro_2017-07-27_16,42,none,,none_grayscale,docling_rapidocr,llama,4,0,0,0,4,0.0,0.0,0.0,0,,,,,17.85340578,1
publimetro_2017-07-27_16,42,none,,otsu,docling_easyocr,llama,4,0,0,0,4,0.0,0.0,0.0,0,,,,,81.681532045,1
publimetro_2017-07-27_16,42,none,,otsu,docling_rapidocr,llama,4,0,0,0,4,0.0,0.0,0.0,0,,,,,17.097636123,1
publimetro_2017-07-27_16,43,none,,adaptive_gaussian,docling_easyocr,llama,4,0,0,0,4,0.0,0.0,0.0,0,,,,,69.231817849,1
publimetro_2017-07-27_16,43,none,,adaptive_gaussian,docling_rapidocr,llama,4,0,0,0,4,0.0,0.0,0.0,0,,,,,10.874055989,1
publimetro_2017-07-27_16,43,none,,adaptive_mean,docling_easyocr,llama,4,0,0,0,4,0.0,0.0,0.0,0,,,,,69.528689222,1
publimetro_2017-07-27_16,43,none,,adaptive_mean,docling_rapidocr,llama,4,0,0,0,4,0.0,0.0,0.0,0,,,,,9.827689962,1
publimetro_2017-07-27_16,43,none,,basic,docling_easyocr,llama,4,0,0,0,4,0.0,0.0,0.0,0,,,,,84.234821676,1
publimetro_2017-07-27_16,43,none,,basic,docling_rapidocr,llama,4,0,0,0,4,0.0,0.0,0.0,0,,,,,12.051216243,1
publimetro_2017-07-27_16,43,none,,niblack,docling_easyocr,llama,4,0,0,0,4,0.0,0.0,0.0,0,,,,,66.186468574,1
publimetro_2017-07-27_16,43,none,,niblack,docling_rapidocr,llama,4,0,0,0,4,0.0,0.0,0.0,0,,,,,11.261565658,1
publimetro_2017-07-27_16,43,none,,none_color,docling_easyocr,llama,4,0,0,0,4,0.0,0.0,0.0,0,,,,,86.997407647,1
publimetro_2017-07-27_16,43,none,,none_color,docling_rapidocr,llama,4,0,0,0,4,0.0,0.0,0.0,0,,,,,18.227318498,1
publimetro_2017-07-27_16,43,none,,none_grayscale,docling_easyocr,llama,4,0,0,0,4,0.0,0.0,0.0,0,,,,,87.163591907,1
publimetro_2017-07-27_16,43,none,,none_grayscale,docling_rapidocr,llama,4,0,0,0,4,0.0,0.0,0.0,0,,,,,19.589410112,1
publimetro_2017-07-27_16,43,none,,otsu,docling_easyocr,llama,4,0,0,0,4,0.0,0.0,0.0,0,,,,,79.827384185,1
publimetro_2017-07-27_16,43,none,,otsu,docling_rapidocr,llama,4,0,0,0,4,0.0,0.0,0.0,0,,,,,13.023148488,1
publimetro_2017-07-27_16,44,none,,adaptive_gaussian,docling_easyocr,llama,4,0,0,0,4,0.0,0.0,0.0,0,,,,,65.762855108,1
publimetro_2017-07-27_16,44,none,,adaptive_gaussian,docling_rapidocr,llama,4,0,0,0,4,0.0,0.0,0.0,0,,,,,11.860792453,1
publimetro_2017-07-27_16,44,none,,adaptive_mean,docling_easyocr,llama,4,0,0,0,4,0.0,0.0,0.0,0,,,,,68.569390849,1
publimetro_2017-07-27_16,44,none,,adaptive_mean,docling_rapidocr,llama,4,0,0,0,4,0.0,0.0,0.0,0,,,,,11.233181791,1
publimetro_2017-07-27_16,44,none,,basic,docling_easyocr,llama,4,0,0,0,4,0.0,0.0,0.0,0,,,,,89.088467477,1
publimetro_2017-07-27_16,44,none,,basic,docling_rapidocr,llama,4,0,0,0,4,0.0,0.0,0.0,0,,,,,18.592855333,1
publimetro_2017-07-27_16,44,none,,niblack,docling_easyocr,llama,4,0,0,0,4,0.0,0.0,0.0,0,,,,,64.56556558,1
publimetro_2017-07-27_16,44,none,,niblack,docling_rapidocr,llama,4,0,0,0,4,0.0,0.0,0.0,0,,,,,11.150964254,1
publimetro_2017-07-27_16,44,none,,none_color,docling_easyocr,llama,4,0,0,0,4,0.0,0.0,0.0,0,,,,,86.521832273,1
publimetro_2017-07-27_16,44,none,,none_color,docling_rapidocr,llama,4,0,0,0,4,0.0,0.0,0.0,0,,,,,20.436290309,1
publimetro_2017-07-27_16,44,none,,none_grayscale,docling_easyocr,llama,4,0,0,0,4,0.0,0.0,0.0,0,,,,,81.037573144,1
publimetro_2017-07-27_16,44,none,,none_grayscale,docling_rapidocr,llama,4,0,0,0,4,0.0,0.0,0.0,0,,,,,20.208140418,1
publimetro_2017-07-27_16,44,none,,otsu,docling_easyocr,llama,4,0,0,0,4,0.0,0.0,0.0,0,,,,,79.627064895,1
publimetro_2017-07-27_16,44,none,,otsu,docling_rapidocr,llama,4,0,0,0,4,0.0,0.0,0.0,0,,,,,16.423208427,1
publimetro_2017-07-27_16,45,none,,adaptive_gaussian,docling_easyocr,llama,4,0,0,0,4,0.0,0.0,0.0,0,,,,,64.940603158,1
publimetro_2017-07-27_16,45,none,,adaptive_gaussian,docling_rapidocr,llama,4,0,0,0,4,0.0,0.0,0.0,0,,,,,10.036125085,1
publimetro_2017-07-27_16,45,none,,adaptive_mean,docling_easyocr,llama,4,0,0,0,4,0.0,0.0,0.0,0,,,,,62.139921754,1
publimetro_2017-07-27_16,45,none,,adaptive_mean,docling_rapidocr,llama,4,0,0,0,4,0.0,0.0,0.0,0,,,,,12.402971595,1
publimetro_2017-07-27_16,45,none,,basic,docling_easyocr,llama,4,0,0,0,4,0.0,0.0,0.0,0,,,,,65.239385974,1
publimetro_2017-07-27_16,45,none,,basic,docling_rapidocr,llama,4,0,0,0,4,0.0,0.0,0.0,0,,,,,9.758649957,1
publimetro_2017-07-27_16,45,none,,niblack,docling_easyocr,llama,4,0,0,0,4,0.0,0.0,0.0,0,,,,,66.618466674,1
publimetro_2017-07-27_16,45,none,,otsu,docling_easyocr,llama,4,0,0,0,4,0.0,0.0,0.0,0,,,,,65.593796933,1
publimetro_2017-07-27_16,45,none,,otsu,docling_rapidocr,llama,4,0,0,0,4,0.0,0.0,0.0,0,,,,,10.137154783,1
publimetro_2017-07-27_16,45,none,,yannihorne,docling_rapidocr,llama,4,0,0,0,4,0.0,0.0,0.0,0,,,,,10.765285457,1
publimetro_2017-07-27_16,46,none,,adaptive_gaussian,docling_easyocr,llama,4,0,0,0,4,0.0,0.0,0.0,0,,,,,61.176772386,1
publimetro_2017-07-27_16,46,none,,adaptive_gaussian,docling_rapidocr,llama,4,0,0,0,4,0.0,0.0,0.0,0,,,,,11.542187721,1
publimetro_2017-07-27_16,46,none,,adaptive_mean,docling_easyocr,llama,4,0,0,0,4,0.0,0.0,0.0,0,,,,,65.202817657,1
publimetro_2017-07-27_16,46,none,,adaptive_mean,docling_rapidocr,llama,4,0,0,0,4,0.0,0.0,0.0,0,,,,,12.327659824,1
publimetro_2017-07-27_16,46,none,,basic,docling_easyocr,llama,4,0,0,0,4,0.0,0.0,0.0,0,,,,,61.816430112,1
publimetro_2017-07-27_16,46,none,,basic,docling_rapidocr,llama,4,0,0,0,4,0.0,0.0,0.0,0,,,,,11.89396002,1
publimetro_2017-07-27_16,46,none,,niblack,docling_easyocr,llama,4,0,0,0,4,0.0,0.0,0.0,0,,,,,66.638109176,1
publimetro_2017-07-27_16,46,none,,otsu,docling_easyocr,llama,4,0,0,0,4,0.0,0.0,0.0,0,,,,,65.25113735,1
publimetro_2017-07-27_16,46,none,,otsu,docling_rapidocr,llama,4,0,0,0,4,0.0,0.0,0.0,0,,,,,12.037361715,1
publimetro_2017-07-27_16,46,none,,yannihorne,docling_rapidocr,llama,4,0,0,0,4,0.0,0.0,0.0,0,,,,,11.330187652,1
publimetro_2017-07-27_16,47,none,,adaptive_gaussian,docling_easyocr,llama,4,0,0,0,4,0.0,0.0,0.0,0,,,,,65.50078026,1
publimetro_2017-07-27_16,47,none,,adaptive_gaussian,docling_rapidocr,llama,4,0,0,0,4,0.0,0.0,0.0,0,,,,,11.690916692,1
publimetro_2017-07-27_16,47,none,,adaptive_mean,docling_easyocr,llama,4,0,0,0,4,0.0,0.0,0.0,0,,,,,60.427463634,1
publimetro_2017-07-27_16,47,none,,adaptive_mean,docling_rapidocr,llama,4,0,0,0,4,0.0,0.0,0.0,0,,,,,11.915025814,1
publimetro_2017-07-27_16,47,none,,basic,docling_easyocr,llama,4,0,0,0,4,0.0,0.0,0.0,0,,,,,65.460478689,1
publimetro_2017-07-27_16,47,none,,basic,docling_rapidocr,llama,4,0,0,0,4,0.0,0.0,0.0,0,,,,,10.245819475,1
publimetro_2017-07-27_16,47,none,,niblack,docling_easyocr,llama,4,0,0,0,4,0.0,0.0,0.0,0,,,,,66.017887685,1
publimetro_2017-07-27_16,47,none,,otsu,docling_easyocr,llama,4,0,0,0,4,0.0,0.0,0.0,0,,,,,65.756229141,1
publimetro_2017-07-27_16,47,none,,otsu,docling_rapidocr,llama,4,0,0,0,4,0.0,0.0,0.0,0,,,,,11.32477639,1
publimetro_2017-07-27_16,47,none,,yannihorne,docling_rapidocr,llama,4,0,0,0,4,0.0,0.0,0.0,0,,,,,11.559141376,1
publimetro_2017-07-27_16,48,none,,adaptive_gaussian,docling_easyocr,llama,4,0,0,0,4,0.0,0.0,0.0,0,,,,,154.807315364,1
publimetro_2017-07-27_16,48,none,,adaptive_gaussian,docling_rapidocr,llama,4,0,0,0,4,0.0,0.0,0.0,0,,,,,96.316139236,1
publimetro_2017-07-27_16,48,none,,adaptive_mean,docling_easyocr,llama,4,0,0,0,4,0.0,0.0,0.0,0,,,,,154.964725935,1
publimetro_2017-07-27_16,48,none,,adaptive_mean,docling_rapidocr,llama,4,0,0,0,4,0.0,0.0,0.0,0,,,,,97.018944465,1
publimetro_2017-07-27_16,48,none,,basic,docling_easyocr,llama,4,0,0,0,4,0.0,0.0,0.0,0,,,,,170.689813858,1
publimetro_2017-07-27_16,48,none,,basic,docling_rapidocr,llama,4,0,0,0,4,0.0,0.0,0.0,0,,,,,102.076662307,1
publimetro_2017-07-27_16,48,none,,niblack,docling_easyocr,llama,4,0,0,0,4,0.0,0.0,0.0,0,,,,,147.591317514,1
publimetro_2017-07-27_16,48,none,,niblack,docling_rapidocr,llama,4,0,0,0,4,0.0,0.0,0.0,0,,,,,96.019919017,1
publimetro_2017-07-27_16,48,none,,none_color,docling_easyocr,llama,4,0,0,0,4,0.0,0.0,0.0,0,,,,,170.72674673,1
publimetro_2017-07-27_16,48,none,,none_color,docling_rapidocr,llama,4,0,0,0,4,0.0,0.0,0.0,0,,,,,104.557936363,1
publimetro_2017-07-27_16,48,none,,none_grayscale,docling_easyocr,llama,4,0,0,0,4,0.0,0.0,0.0,0,,,,,171.600435667,1
publimetro_2017-07-27_16,48,none,,none_grayscale,docling_rapidocr,llama,4,0,0,0,4,0.0,0.0,0.0,0,,,,,103.853015594,1
publimetro_2017-07-27_16,48,none,,otsu,docling_easyocr,llama,4,0,0,0,4,0.0,0.0,0.0,0,,,,,160.54649933,1
publimetro_2017-07-27_16,48,none,,otsu,docling_rapidocr,llama,4,0,0,0,4,0.0,0.0,0.0,0,,,,,100.677757103,1
publimetro_2017-07-27_16,49,none,,adaptive_gaussian,docling_easyocr,llama,4,0,0,0,4,0.0,0.0,0.0,0,,,,,153.345331699,1
publimetro_2017-07-27_16,49,none,,adaptive_gaussian,docling_rapidocr,llama,4,0,0,0,4,0.0,0.0,0.0,0,,,,,96.262195617,1
publimetro_2017-07-27_16,49,none,,adaptive_mean,docling_easyocr,llama,4,0,0,0,4,0.0,0.0,0.0,0,,,,,153.487090566,1
publimetro_2017-07-27_16,49,none,,adaptive_mean,docling_rapidocr,llama,4,0,0,0,4,0.0,0.0,0.0,0,,,,,96.007412889,1
publimetro_2017-07-27_16,49,none,,basic,docling_easyocr,llama,4,0,0,0,4,0.0,0.0,0.0,0,,,,,164.837741157,1
publimetro_2017-07-27_16,49,none,,basic,docling_rapidocr,llama,4,0,0,0,4,0.0,0.0,0.0,0,,,,,103.328084013,1
publimetro_2017-07-27_16,49,none,,niblack,docling_easyocr,llama,4,0,0,0,4,0.0,0.0,0.0,0,,,,,150.571754901,1
publimetro_2017-07-27_16,49,none,,niblack,docling_rapidocr,llama,4,0,0,0,4,0.0,0.0,0.0,0,,,,,95.634163349,1
publimetro_2017-07-27_16,49,none,,none_color,docling_easyocr,llama,4,0,0,0,4,0.0,0.0,0.0,0,,,,,175.37211413,1
publimetro_2017-07-27_16,49,none,,none_color,docling_rapidocr,llama,4,0,0,0,4,0.0,0.0,0.0,0,,,,,105.338932224,1
publimetro_2017-07-27_16,49,none,,none_grayscale,docling_easyocr,llama,4,0,0,0,4,0.0,0.0,0.0,0,,,,,168.259089656,1
publimetro_2017-07-27_16,49,none,,none_grayscale,docling_rapidocr,llama,4,0,0,0,4,0.0,0.0,0.0,0,,,,,103.121802517,1
publimetro_2017-07-27_16,49,none,,otsu,docling_easyocr,llama,4,0,0,0,4,0.0,0.0,0.0,0,,,,,171.184285019,1
publimetro_2017-07-27_16,49,none,,otsu,docling_rapidocr,llama,4,0,0,0,4,0.0,0.0,0.0,0,,,,,102.889893863,1
publimetro_2017-07-27_16,50,none,,adaptive_gaussian,docling_easyocr,llama,4,0,0,0,4,0.0,0.0,0.0,0,,,,,156.419740428,1
publimetro_2017-07-27_16,50,none,,adaptive_gaussian,docling_rapidocr,llama,4,0,0,0,4,0.0,0.0,0.0,0,,,,,96.850394238,1
publimetro_2017-07-27_16,50,none,,adaptive_mean,docling_easyocr,llama,4,0,0,0,4,0.0,0.0,0.0,0,,,,,153.84094089,1
publimetro_2017-07-27_16,50,none,,adaptive_mean,docling_rapidocr,llama,4,0,0,0,4,0.0,0.0,0.0,0,,,,,96.69271296,1
publimetro_2017-07-27_16,50,none,,basic,docling_easyocr,llama,4,0,0,0,4,0.0,0.0,0.0,0,,,,,168.922712067,1
publimetro_2017-07-27_16,50,none,,basic,docling_rapidocr,llama,4,0,0,0,4,0.0,0.0,0.0,0,,,,,102.330726127,1
publimetro_2017-07-27_16,50,none,,niblack,docling_easyocr,llama,4,0,0,0,4,0.0,0.0,0.0,0,,,,,151.718713357,1
publimetro_2017-07-27_16,50,none,,niblack,docling_rapidocr,llama,4,0,0,0,4,0.0,0.0,0.0,0,,,,,96.697816445,1
publimetro_2017-07-27_16,50,none,,none_color,docling_easyocr,llama,4,0,0,0,4,0.0,0.0,0.0,0,,,,,170.989612248,1
publimetro_2017-07-27_16,50,none,,none_color,docling_rapidocr,llama,4,0,0,0,4,0.0,0.0,0.0,0,,,,,105.783404734,1
publimetro_2017-07-27_16,50,none,,none_grayscale,docling_easyocr,llama,4,0,0,0,4,0.0,0.0,0.0,0,,,,,171.348789838,1
publimetro_2017-07-27_16,50,none,,none_grayscale,docling_rapidocr,llama,4,0,0,0,4,0.0,0.0,0.0,0,,,,,105.284541037,1
publimetro_2017-07-27_16,50,none,,otsu,docling_easyocr,llama,4,0,0,0,4,0.0,0.0,0.0,0,,,,,159.180456929,1
publimetro_2017-07-27_16,50,none,,otsu,docling_rapidocr,llama,4,0,0,0,4,0.0,0.0,0.0,0,,,,,99.500657611,1
publimetro_2017-07-27_16,51,none,,adaptive_gaussian,docling_easyocr,llama,4,0,0,0,4,0.0,0.0,0.0,0,,,,,72.48299434,1
publimetro_2017-07-27_16,51,none,,adaptive_gaussian,docling_rapidocr,llama,4,0,0,0,4,0.0,0.0,0.0,0,,,,,11.610370419,1
publimetro_2017-07-27_16,51,none,,adaptive_mean,docling_easyocr,llama,4,0,0,0,4,0.0,0.0,0.0,0,,,,,68.941639155,1
publimetro_2017-07-27_16,51,none,,adaptive_mean,docling_rapidocr,llama,4,0,0,0,4,0.0,0.0,0.0,0,,,,,12.448636741,1
publimetro_2017-07-27_16,51,none,,basic,docling_easyocr,llama,4,0,0,0,4,0.0,0.0,0.0,0,,,,,82.981930196,1
publimetro_2017-07-27_16,51,none,,basic,docling_rapidocr,llama,4,0,0,0,4,0.0,0.0,0.0,0,,,,,20.3271932,1
publimetro_2017-07-27_16,51,none,,niblack,docling_easyocr,llama,4,0,0,0,4,0.0,0.0,0.0,0,,,,,57.754766332,1
publimetro_2017-07-27_16,51,none,,niblack,docling_rapidocr,llama,4,0,0,0,4,0.0,0.0,0.0,0,,,,,10.456354962,1
publimetro_2017-07-27_16,51,none,,none_color,docling_easyocr,llama,4,0,0,0,4,0.0,0.0,0.0,0,,,,,84.574611293,1
publimetro_2017-07-27_16,51,none,,none_color,docling_rapidocr,llama,4,0,0,0,4,0.0,0.0,0.0,0,,,,,17.785176144,1
publimetro_2017-07-27_16,51,none,,none_grayscale,docling_easyocr,llama,4,0,0,0,4,0.0,0.0,0.0,0,,,,,82.988800372,1
publimetro_2017-07-27_16,51,none,,none_grayscale,docling_rapidocr,llama,4,0,0,0,4,0.0,0.0,0.0,0,,,,,20.063951339,1
publimetro_2017-07-27_16,51,none,,otsu,docling_easyocr,llama,4,0,0,0,4,0.0,0.0,0.0,0,,,,,83.558738793,1
publimetro_2017-07-27_16,51,none,,otsu,docling_rapidocr,llama,4,0,0,0,4,0.0,0.0,0.0,0,,,,,17.878988351,1
publimetro_2017-07-27_16,52,none,,adaptive_gaussian,docling_easyocr,llama,4,0,0,0,4,0.0,0.0,0.0,0,,,,,66.110924308,1
publimetro_2017-07-27_16,52,none,,adaptive_gaussian,docling_rapidocr,llama,4,0,0,0,4,0.0,0.0,0.0,0,,,,,10.496723,1
publimetro_2017-07-27_16,52,none,,adaptive_mean,docling_easyocr,llama,4,0,0,0,4,0.0,0.0,0.0,0,,,,,68.817194474,1
publimetro_2017-07-27_16,52,none,,adaptive_mean,docling_rapidocr,llama,4,0,0,0,4,0.0,0.0,0.0,0,,,,,11.322518361,1
publimetro_2017-07-27_16,52,none,,basic,docling_easyocr,llama,4,0,0,0,4,0.0,0.0,0.0,0,,,,,84.227913911,1
publimetro_2017-07-27_16,52,none,,basic,docling_rapidocr,llama,4,0,0,0,4,0.0,0.0,0.0,0,,,,,19.486952597,1
publimetro_2017-07-27_16,52,none,,niblack,docling_easyocr,llama,4,0,0,0,4,0.0,0.0,0.0,0,,,,,65.070847255,1
publimetro_2017-07-27_16,52,none,,niblack,docling_rapidocr,llama,4,0,0,0,4,0.0,0.0,0.0,0,,,,,11.009235364,1
publimetro_2017-07-27_16,52,none,,none_color,docling_easyocr,llama,4,0,0,0,4,0.0,0.0,0.0,0,,,,,82.531627803,1
publimetro_2017-07-27_16,52,none,,none_color,docling_rapidocr,llama,4,0,0,0,4,0.0,0.0,0.0,0,,,,,17.130653767,1
publimetro_2017-07-27_16,52,none,,none_grayscale,docling_easyocr,llama,4,0,0,0,4,0.0,0.0,0.0,0,,,,,82.871103745,1
publimetro_2017-07-27_16,52,none,,none_grayscale,docling_rapidocr,llama,4,0,0,0,4,0.0,0.0,0.0,0,,,,,19.405337077,1
publimetro_2017-07-27_16,52,none,,otsu,docling_easyocr,llama,4,0,0,0,4,0.0,0.0,0.0,0,,,,,79.642810233,1
publimetro_2017-07-27_16,52,none,,otsu,docling_rapidocr,llama,4,0,0,0,4,0.0,0.0,0.0,0,,,,,19.777559169,1
publimetro_2017-07-27_16,53,none,,adaptive_gaussian,docling_easyocr,llama,4,0,0,0,4,0.0,0.0,0.0,0,,,,,63.155321994,1
publimetro_2017-07-27_16,53,none,,adaptive_gaussian,docling_rapidocr,llama,4,0,0,0,4,0.0,0.0,0.0,0,,,,,11.760896363,1
publimetro_2017-07-27_16,53,none,,adaptive_mean,docling_easyocr,llama,4,0,0,0,4,0.0,0.0,0.0,0,,,,,75.518241822,1
publimetro_2017-07-27_16,53,none,,adaptive_mean,docling_rapidocr,llama,4,0,0,0,4,0.0,0.0,0.0,0,,,,,12.523277222,1
publimetro_2017-07-27_16,53,none,,basic,docling_easyocr,llama,4,0,0,0,4,0.0,0.0,0.0,0,,,,,71.881194024,1
publimetro_2017-07-27_16,53,none,,basic,docling_rapidocr,llama,4,0,0,0,4,0.0,0.0,0.0,0,,,,,20.252100139,1
publimetro_2017-07-27_16,53,none,,niblack,docling_easyocr,llama,4,0,0,0,4,0.0,0.0,0.0,0,,,,,66.395392182,1
publimetro_2017-07-27_16,53,none,,niblack,docling_rapidocr,llama,4,0,0,0,4,0.0,0.0,0.0,0,,,,,10.664053204,1
publimetro_2017-07-27_16,53,none,,none_color,docling_easyocr,llama,4,0,0,0,4,0.0,0.0,0.0,0,,,,,83.356084899,1
publimetro_2017-07-27_16,53,none,,none_color,docling_rapidocr,llama,4,0,0,0,4,0.0,0.0,0.0,0,,,,,19.992665366,1
publimetro_2017-07-27_16,53,none,,none_grayscale,docling_easyocr,llama,4,0,0,0,4,0.0,0.0,0.0,0,,,,,72.737866477,1
publimetro_2017-07-27_16,53,none,,none_grayscale,docling_rapidocr,llama,4,0,0,0,4,0.0,0.0,0.0,0,,,,,17.847309426,1
publimetro_2017-07-27_16,53,none,,otsu,docling_easyocr,llama,4,0,0,0,4,0.0,0.0,0.0,0,,,,,83.518014413,1
publimetro_2017-07-27_16,53,none,,otsu,docling_rapidocr,llama,4,0,0,0,4,0.0,0.0,0.0,0,,,,,19.302748185,1
publimetro_2018-03-08_16,0,none,,adaptive_gaussian,docling_easyocr,llama,4,0,0,0,4,0.0,0.0,0.0,0,,,,,80.02561451,1
publimetro_2018-03-08_16,0,none,,adaptive_gaussian,docling_rapidocr,llama,4,0,0,0,4,0.0,0.0,0.0,0,,,,,14.991113434,1
publimetro_2018-03-08_16,0,none,,adaptive_mean,docling_easyocr,llama,4,0,0,0,4,0.0,0.0,0.0,0,,,,,80.283929711,1
publimetro_2018-03-08_16,0,none,,adaptive_mean,docling_rapidocr,llama,4,0,0,0,4,0.0,0.0,0.0,0,,,,,13.986177331,1
publimetro_2018-03-08_16,0,none,,basic,docling_easyocr,llama,4,0,0,0,4,0.0,0.0,0.0,0,,,,,83.827487231,1
publimetro_2018-03-08_16,0,none,,basic,docling_rapidocr,llama,4,0,0,0,4,0.0,0.0,0.0,0,,,,,18.994221926,1
publimetro_2018-03-08_16,0,none,,niblack,docling_easyocr,llama,4,0,0,0,4,0.0,0.0,0.0,0,,,,,65.678801081,1
publimetro_2018-03-08_16,0,none,,niblack,docling_rapidocr,llama,4,0,0,0,4,0.0,0.0,0.0,0,,,,,10.139382861,1
publimetro_2018-03-08_16,0,none,,none_color,docling_easyocr,llama,4,0,0,0,4,0.0,0.0,0.0,0,,,,,81.887299393,1
publimetro_2018-03-08_16,0,none,,none_color,docling_rapidocr,llama,4,0,0,0,4,0.0,0.0,0.0,0,,,,,19.54251108,1
publimetro_2018-03-08_16,0,none,,none_grayscale,docling_easyocr,llama,4,0,0,0,4,0.0,0.0,0.0,0,,,,,72.778699326,1
publimetro_2018-03-08_16,0,none,,none_grayscale,docling_rapidocr,llama,4,0,0,0,4,0.0,0.0,0.0,0,,,,,16.596266436,1
publimetro_2018-03-08_16,0,none,,otsu,docling_easyocr,llama,4,0,0,0,4,0.0,0.0,0.0,0,,,,,81.816057994,1
publimetro_2018-03-08_16,0,none,,otsu,docling_rapidocr,llama,4,0,0,0,4,0.0,0.0,0.0,0,,,,,18.480394913,1
publimetro_2018-03-08_16,1,none,,adaptive_gaussian,docling_easyocr,llama,4,0,0,0,4,0.0,0.0,0.0,0,,,,,79.058969632,1
publimetro_2018-03-08_16,1,none,,adaptive_gaussian,docling_rapidocr,llama,4,0,0,0,4,0.0,0.0,0.0,0,,,,,13.300541297,1
publimetro_2018-03-08_16,1,none,,adaptive_mean,docling_easyocr,llama,4,0,0,0,4,0.0,0.0,0.0,0,,,,,78.508147561,1
publimetro_2018-03-08_16,1,none,,adaptive_mean,docling_rapidocr,llama,4,0,0,0,4,0.0,0.0,0.0,0,,,,,14.955423676,1
publimetro_2018-03-08_16,1,none,,basic,docling_easyocr,llama,4,0,0,0,4,0.0,0.0,0.0,0,,,,,81.508487826,1
publimetro_2018-03-08_16,1,none,,basic,docling_rapidocr,llama,4,0,0,0,4,0.0,0.0,0.0,0,,,,,19.320042735,1
publimetro_2018-03-08_16,1,none,,niblack,docling_easyocr,llama,4,0,0,0,4,0.0,0.0,0.0,0,,,,,65.699999312,1
publimetro_2018-03-08_16,1,none,,niblack,docling_rapidocr,llama,4,0,0,0,4,0.0,0.0,0.0,0,,,,,10.471907595,1
publimetro_2018-03-08_16,1,none,,none_color,docling_easyocr,llama,4,0,0,0,4,0.0,0.0,0.0,0,,,,,80.988679389,1
publimetro_2018-03-08_16,1,none,,none_color,docling_rapidocr,llama,4,0,0,0,4,0.0,0.0,0.0,0,,,,,19.351779202,1
publimetro_2018-03-08_16,1,none,,none_grayscale,docling_easyocr,llama,4,0,0,0,4,0.0,0.0,0.0,0,,,,,81.226907305,1
publimetro_2018-03-08_16,1,none,,none_grayscale,docling_rapidocr,llama,4,0,0,0,4,0.0,0.0,0.0,0,,,,,17.962992243,1
publimetro_2018-03-08_16,1,none,,otsu,docling_easyocr,llama,4,0,0,0,4,0.0,0.0,0.0,0,,,,,80.742999751,1
publimetro_2018-03-08_16,1,none,,otsu,docling_rapidocr,llama,4,0,0,0,4,0.0,0.0,0.0,0,,,,,16.966173607,1
publimetro_2018-03-08_16,2,none,,adaptive_gaussian,docling_easyocr,llama,4,0,0,0,4,0.0,0.0,0.0,0,,,,,81.356336178,1
publimetro_2018-03-08_16,2,none,,adaptive_gaussian,docling_rapidocr,llama,4,0,0,0,4,0.0,0.0,0.0,0,,,,,14.006352009,1
publimetro_2018-03-08_16,2,none,,adaptive_mean,docling_easyocr,llama,4,0,0,0,4,0.0,0.0,0.0,0,,,,,79.410586201,1
publimetro_2018-03-08_16,2,none,,adaptive_mean,docling_rapidocr,llama,4,0,0,0,4,0.0,0.0,0.0,0,,,,,13.658480012,1
publimetro_2018-03-08_16,2,none,,basic,docling_easyocr,llama,4,0,0,0,4,0.0,0.0,0.0,0,,,,,78.303722029,1
publimetro_2018-03-08_16,2,none,,basic,docling_rapidocr,llama,4,0,0,0,4,0.0,0.0,0.0,0,,,,,19.799818879,1
publimetro_2018-03-08_16,2,none,,niblack,docling_easyocr,llama,4,0,0,0,4,0.0,0.0,0.0,0,,,,,65.378569272,1
publimetro_2018-03-08_16,2,none,,niblack,docling_rapidocr,llama,4,0,0,0,4,0.0,0.0,0.0,0,,,,,10.816679623,1
publimetro_2018-03-08_16,2,none,,none_color,docling_easyocr,llama,4,0,0,0,4,0.0,0.0,0.0,0,,,,,72.719272189,1
publimetro_2018-03-08_16,2,none,,none_color,docling_rapidocr,llama,4,0,0,0,4,0.0,0.0,0.0,0,,,,,19.146457724,1
publimetro_2018-03-08_16,2,none,,none_grayscale,docling_easyocr,llama,4,0,0,0,4,0.0,0.0,0.0,0,,,,,72.548691563,1
publimetro_2018-03-08_16,2,none,,none_grayscale,docling_rapidocr,llama,4,0,0,0,4,0.0,0.0,0.0,0,,,,,17.332597069,1
publimetro_2018-03-08_16,2,none,,otsu,docling_easyocr,llama,4,0,0,0,4,0.0,0.0,0.0,0,,,,,83.183645207,1
publimetro_2018-03-08_16,2,none,,otsu,docling_rapidocr,llama,4,0,0,0,4,0.0,0.0,0.0,0,,,,,18.430273968,1
publimetro_2018-03-08_16,3,none,,adaptive_gaussian,docling_easyocr,llama,4,0,0,0,4,0.0,0.0,0.0,0,,,,,76.321468363,1
publimetro_2018-03-08_16,3,none,,adaptive_gaussian,docling_rapidocr,llama,4,0,0,0,4,0.0,0.0,0.0,0,,,,,11.75114275,1
publimetro_2018-03-08_16,3,none,,adaptive_mean,docling_easyocr,llama,4,0,0,0,4,0.0,0.0,0.0,0,,,,,69.100359088,1
publimetro_2018-03-08_16,3,none,,adaptive_mean,docling_rapidocr,llama,4,0,0,0,4,0.0,0.0,0.0,0,,,,,10.538087254,1
publimetro_2018-03-08_16,3,none,,basic,docling_easyocr,llama,4,0,0,0,4,0.0,0.0,0.0,0,,,,,65.945861817,1
publimetro_2018-03-08_16,3,none,,basic,docling_rapidocr,llama,4,0,0,0,4,0.0,0.0,0.0,0,,,,,12.690209866,1
publimetro_2018-03-08_16,3,none,,niblack,docling_easyocr,llama,4,0,0,0,4,0.0,0.0,0.0,0,,,,,66.938097022,1
publimetro_2018-03-08_16,3,none,,niblack,docling_rapidocr,llama,4,0,0,0,4,0.0,0.0,0.0,0,,,,,11.266598723,1
publimetro_2018-03-08_16,3,none,,none_color,docling_easyocr,llama,4,0,0,0,4,0.0,0.0,0.0,0,,,,,83.481360291,1
publimetro_2018-03-08_16,3,none,,none_color,docling_rapidocr,llama,4,0,0,0,4,0.0,0.0,0.0,0,,,,,18.190040682,1
publimetro_2018-03-08_16,3,none,,none_grayscale,docling_easyocr,llama,4,0,0,0,4,0.0,0.0,0.0,0,,,,,84.193924832,1
publimetro_2018-03-08_16,3,none,,none_grayscale,docling_rapidocr,llama,4,0,0,0,4,0.0,0.0,0.0,0,,,,,18.382468629,1
publimetro_2018-03-08_16,3,none,,otsu,docling_easyocr,llama,4,0,0,0,4,0.0,0.0,0.0,0,,,,,70.213399245,1
publimetro_2018-03-08_16,3,none,,otsu,docling_rapidocr,llama,4,0,0,0,4,0.0,0.0,0.0,0,,,,,13.699275805,1
publimetro_2018-03-08_16,4,none,,adaptive_gaussian,docling_easyocr,llama,4,0,0,0,4,0.0,0.0,0.0,0,,,,,67.68176102,1
publimetro_2018-03-08_16,4,none,,adaptive_gaussian,docling_rapidocr,llama,4,0,0,0,4,0.0,0.0,0.0,0,,,,,13.636258834,1
publimetro_2018-03-08_16,4,none,,adaptive_mean,docling_easyocr,llama,4,0,0,0,4,0.0,0.0,0.0,0,,,,,61.617660154,1
publimetro_2018-03-08_16,4,none,,adaptive_mean,docling_rapidocr,llama,4,0,0,0,4,0.0,0.0,0.0,0,,,,,11.371908773,1
publimetro_2018-03-08_16,4,none,,basic,docling_easyocr,llama,4,0,0,0,4,0.0,0.0,0.0,0,,,,,85.872362121,1
publimetro_2018-03-08_16,4,none,,basic,docling_rapidocr,llama,4,0,0,0,4,0.0,0.0,0.0,0,,,,,18.267666563,1
publimetro_2018-03-08_16,4,none,,niblack,docling_easyocr,llama,4,0,0,0,4,0.0,0.0,0.0,0,,,,,58.007567152,1
publimetro_2018-03-08_16,4,none,,niblack,docling_rapidocr,llama,4,0,0,0,4,0.0,0.0,0.0,0,,,,,11.681058868,1
publimetro_2018-03-08_16,4,none,,none_color,docling_easyocr,llama,4,0,0,0,4,0.0,0.0,0.0,0,,,,,84.736440021,1
publimetro_2018-03-08_16,4,none,,none_color,docling_rapidocr,llama,4,0,0,0,4,0.0,0.0,0.0,0,,,,,16.451725322,1
publimetro_2018-03-08_16,4,none,,none_grayscale,docling_easyocr,llama,4,0,0,0,4,0.0,0.0,0.0,0,,,,,84.270354183,1
publimetro_2018-03-08_16,4,none,,none_grayscale,docling_rapidocr,llama,4,0,0,0,4,0.0,0.0,0.0,0,,,,,19.128198774,1
publimetro_2018-03-08_16,4,none,,otsu,docling_easyocr,llama,4,0,0,0,4,0.0,0.0,0.0,0,,,,,83.611042556,1
publimetro_2018-03-08_16,4,none,,otsu,docling_rapidocr,llama,4,0,0,0,4,0.0,0.0,0.0,0,,,,,14.622073707,1
publimetro_2018-03-08_16,5,none,,adaptive_gaussian,docling_easyocr,llama,4,0,0,0,4,0.0,0.0,0.0,0,,,,,70.826178089,1
publimetro_2018-03-08_16,5,none,,adaptive_gaussian,docling_rapidocr,llama,4,0,0,0,4,0.0,0.0,0.0,0,,,,,11.714405075,1
publimetro_2018-03-08_16,5,none,,adaptive_mean,docling_easyocr,llama,4,0,0,0,4,0.0,0.0,0.0,0,,,,,69.624042879,1
publimetro_2018-03-08_16,5,none,,adaptive_mean,docling_rapidocr,llama,4,0,0,0,4,0.0,0.0,0.0,0,,,,,11.594384323,1
publimetro_2018-03-08_16,5,none,,basic,docling_easyocr,llama,4,0,0,0,4,0.0,0.0,0.0,0,,,,,69.318538909,1
publimetro_2018-03-08_16,5,none,,basic,docling_rapidocr,llama,4,0,0,0,4,0.0,0.0,0.0,0,,,,,11.824490314,1
publimetro_2018-03-08_16,5,none,,niblack,docling_easyocr,llama,4,0,0,0,4,0.0,0.0,0.0,0,,,,,66.711477544,1
publimetro_2018-03-08_16,5,none,,niblack,docling_rapidocr,llama,4,0,0,0,4,0.0,0.0,0.0,0,,,,,9.655893114,1
publimetro_2018-03-08_16,5,none,,none_color,docling_easyocr,llama,4,0,0,0,4,0.0,0.0,0.0,0,,,,,82.030579261,1
publimetro_2018-03-08_16,5,none,,none_color,docling_rapidocr,llama,4,0,0,0,4,0.0,0.0,0.0,0,,,,,17.331705265,1
publimetro_2018-03-08_16,5,none,,none_grayscale,docling_easyocr,llama,4,0,0,0,4,0.0,0.0,0.0,0,,,,,83.473487787,1
publimetro_2018-03-08_16,5,none,,none_grayscale,docling_rapidocr,llama,4,0,0,0,4,0.0,0.0,0.0,0,,,,,17.065106802,1
publimetro_2018-03-08_16,5,none,,otsu,docling_easyocr,llama,4,0,0,0,4,0.0,0.0,0.0,0,,,,,79.638357002,1
publimetro_2018-03-08_16,5,none,,otsu,docling_rapidocr,llama,4,0,0,0,4,0.0,0.0,0.0,0,,,,,13.298179227,1
publimetro_2018-03-08_16,6,none,,adaptive_gaussian,docling_easyocr,llama,4,0,0,0,4,0.0,0.0,0.0,0,,,,,76.723481142,1
publimetro_2018-03-08_16,6,none,,adaptive_gaussian,docling_rapidocr,llama,4,0,0,0,4,0.0,0.0,0.0,0,,,,,13.909502708,1
publimetro_2018-03-08_16,6,none,,adaptive_mean,docling_easyocr,llama,4,0,0,0,4,0.0,0.0,0.0,0,,,,,66.036295087,1
publimetro_2018-03-08_16,6,none,,adaptive_mean,docling_rapidocr,llama,4,0,0,0,4,0.0,0.0,0.0,0,,,,,11.406726987,1
publimetro_2018-03-08_16,6,none,,basic,docling_easyocr,llama,4,0,0,0,4,0.0,0.0,0.0,0,,,,,88.359771444,1
publimetro_2018-03-08_16,6,none,,basic,docling_rapidocr,llama,4,0,0,0,4,0.0,0.0,0.0,0,,,,,18.191005184,1
publimetro_2018-03-08_16,6,none,,niblack,docling_easyocr,llama,4,0,0,0,4,0.0,0.0,0.0,0,,,,,59.946242857,1
publimetro_2018-03-08_16,6,none,,niblack,docling_rapidocr,llama,4,0,0,0,4,0.0,0.0,0.0,0,,,,,10.536369609,1
publimetro_2018-03-08_16,6,none,,none_color,docling_easyocr,llama,4,0,0,0,4,0.0,0.0,0.0,0,,,,,82.559005546,1
publimetro_2018-03-08_16,6,none,,none_color,docling_rapidocr,llama,4,0,0,0,4,0.0,0.0,0.0,0,,,,,19.232936906,1
publimetro_2018-03-08_16,6,none,,none_grayscale,docling_easyocr,llama,4,0,0,0,4,0.0,0.0,0.0,0,,,,,83.291576982,1
publimetro_2018-03-08_16,6,none,,none_grayscale,docling_rapidocr,llama,4,0,0,0,4,0.0,0.0,0.0,0,,,,,19.026586652,1
publimetro_2018-03-08_16,6,none,,otsu,docling_easyocr,llama,4,0,0,0,4,0.0,0.0,0.0,0,,,,,79.876164701,1
publimetro_2018-03-08_16,6,none,,otsu,docling_rapidocr,llama,4,0,0,0,4,0.0,0.0,0.0,0,,,,,15.789969947,1
publimetro_2018-03-08_16,7,none,,adaptive_gaussian,docling_easyocr,llama,4,0,0,0,4,0.0,0.0,0.0,0,,,,,78.475627178,1
publimetro_2018-03-08_16,7,none,,adaptive_gaussian,docling_rapidocr,llama,4,0,0,0,4,0.0,0.0,0.0,0,,,,,13.810276502,1
publimetro_2018-03-08_16,7,none,,adaptive_mean,docling_easyocr,llama,4,0,0,0,4,0.0,0.0,0.0,0,,,,,77.288342823,1
publimetro_2018-03-08_16,7,none,,adaptive_mean,docling_rapidocr,llama,4,0,0,0,4,0.0,0.0,0.0,0,,,,,12.341109384,1
publimetro_2018-03-08_16,7,none,,basic,docling_easyocr,llama,4,0,0,0,4,0.0,0.0,0.0,0,,,,,81.80530928,1
publimetro_2018-03-08_16,7,none,,basic,docling_rapidocr,llama,4,0,0,0,4,0.0,0.0,0.0,0,,,,,17.137541517,1
publimetro_2018-03-08_16,7,none,,niblack,docling_easyocr,llama,4,0,0,0,4,0.0,0.0,0.0,0,,,,,64.82881785,1
publimetro_2018-03-08_16,7,none,,niblack,docling_rapidocr,llama,4,0,0,0,4,0.0,0.0,0.0,0,,,,,10.641386514,1
publimetro_2018-03-08_16,7,none,,none_color,docling_easyocr,llama,4,0,0,0,4,0.0,0.0,0.0,0,,,,,76.944569904,1
publimetro_2018-03-08_16,7,none,,none_color,docling_rapidocr,llama,4,0,0,0,4,0.0,0.0,0.0,0,,,,,16.211041767,1
publimetro_2018-03-08_16,7,none,,none_grayscale,docling_easyocr,llama,4,0,0,0,4,0.0,0.0,0.0,0,,,,,85.05254832,1
publimetro_2018-03-08_16,7,none,,none_grayscale,docling_rapidocr,llama,4,0,0,0,4,0.0,0.0,0.0,0,,,,,16.402926357,1
publimetro_2018-03-08_16,7,none,,otsu,docling_easyocr,llama,4,0,0,0,4,0.0,0.0,0.0,0,,,,,75.789844093,1
publimetro_2018-03-08_16,7,none,,otsu,docling_rapidocr,llama,4,0,0,0,4,0.0,0.0,0.0,0,,,,,17.905589876,1
publimetro_2018-03-08_16,8,none,,adaptive_gaussian,docling_easyocr,llama,4,0,0,0,4,0.0,0.0,0.0,0,,,,,76.87422426,1
publimetro_2018-03-08_16,8,none,,adaptive_gaussian,docling_rapidocr,llama,4,0,0,0,4,0.0,0.0,0.0,0,,,,,11.949366167,1
publimetro_2018-03-08_16,8,none,,adaptive_mean,docling_easyocr,llama,4,0,0,0,4,0.0,0.0,0.0,0,,,,,68.440205908,1
publimetro_2018-03-08_16,8,none,,adaptive_mean,docling_rapidocr,llama,4,0,0,0,4,0.0,0.0,0.0,0,,,,,11.317599392,1
publimetro_2018-03-08_16,8,none,,basic,docling_easyocr,llama,4,0,0,0,4,0.0,0.0,0.0,0,,,,,72.394857544,1
publimetro_2018-03-08_16,8,none,,basic,docling_rapidocr,llama,4,0,0,0,4,0.0,0.0,0.0,0,,,,,13.907955069,1
publimetro_2018-03-08_16,8,none,,niblack,docling_easyocr,llama,4,0,0,0,4,0.0,0.0,0.0,0,,,,,66.314111204,1
publimetro_2018-03-08_16,8,none,,niblack,docling_rapidocr,llama,4,0,0,0,4,0.0,0.0,0.0,0,,,,,10.55823967,1
publimetro_2018-03-08_16,8,none,,none_color,docling_easyocr,llama,4,0,0,0,4,0.0,0.0,0.0,0,,,,,76.630169695,1
publimetro_2018-03-08_16,8,none,,none_color,docling_rapidocr,llama,4,0,0,0,4,0.0,0.0,0.0,0,,,,,18.504169767,1
publimetro_2018-03-08_16,8,none,,none_grayscale,docling_easyocr,llama,4,0,0,0,4,0.0,0.0,0.0,0,,,,,80.781573122,1
publimetro_2018-03-08_16,8,none,,none_grayscale,docling_rapidocr,llama,4,0,0,0,4,0.0,0.0,0.0,0,,,,,16.013549154,1
publimetro_2018-03-08_16,8,none,,otsu,docling_easyocr,llama,4,0,0,0,4,0.0,0.0,0.0,0,,,,,80.882360907,1
publimetro_2018-03-08_16,8,none,,otsu,docling_rapidocr,llama,4,0,0,0,4,0.0,0.0,0.0,0,,,,,13.349336595,1
publimetro_2018-03-08_16,9,none,,adaptive_gaussian,docling_easyocr,llama,4,0,0,0,4,0.0,0.0,0.0,0,,,,,77.824785017,1
publimetro_2018-03-08_16,9,none,,adaptive_gaussian,docling_rapidocr,llama,4,0,0,0,4,0.0,0.0,0.0,0,,,,,12.697790407,1
publimetro_2018-03-08_16,9,none,,adaptive_mean,docling_easyocr,llama,4,0,0,0,4,0.0,0.0,0.0,0,,,,,73.298223944,1
publimetro_2018-03-08_16,9,none,,adaptive_mean,docling_rapidocr,llama,4,0,0,0,4,0.0,0.0,0.0,0,,,,,11.131938429,1
publimetro_2018-03-08_16,9,none,,basic,docling_easyocr,llama,4,0,0,0,4,0.0,0.0,0.0,0,,,,,84.103223576,1
publimetro_2018-03-08_16,9,none,,basic,docling_rapidocr,llama,4,0,0,0,4,0.0,0.0,0.0,0,,,,,18.508095755,1
publimetro_2018-03-08_16,9,none,,niblack,docling_easyocr,llama,4,0,0,0,4,0.0,0.0,0.0,0,,,,,63.326524126,1
publimetro_2018-03-08_16,9,none,,niblack,docling_rapidocr,llama,4,0,0,0,4,0.0,0.0,0.0,0,,,,,10.708167898,1
publimetro_2018-03-08_16,9,none,,none_color,docling_easyocr,llama,4,0,0,0,4,0.0,0.0,0.0,0,,,,,85.556453169,1
publimetro_2018-03-08_16,9,none,,none_color,docling_rapidocr,llama,4,0,0,0,4,0.0,0.0,0.0,0,,,,,19.405542076,1
publimetro_2018-03-08_16,9,none,,none_grayscale,docling_easyocr,llama,4,0,0,0,4,0.0,0.0,0.0,0,,,,,84.524904026,1
publimetro_2018-03-08_16,9,none,,none_grayscale,docling_rapidocr,llama,4,0,0,0,4,0.0,0.0,0.0,0,,,,,19.181542887,1
publimetro_2018-03-08_16,9,none,,otsu,docling_easyocr,llama,4,0,0,0,4,0.0,0.0,0.0,0,,,,,81.282440105,1
publimetro_2018-03-08_16,9,none,,otsu,docling_rapidocr,llama,4,0,0,0,4,0.0,0.0,0.0,0,,,,,14.460273424,1
publimetro_2018-03-08_16,10,none,,adaptive_gaussian,docling_easyocr,llama,4,0,0,0,4,0.0,0.0,0.0,0,,,,,72.557723648,1
publimetro_2018-03-08_16,10,none,,adaptive_gaussian,docling_rapidocr,llama,4,0,0,0,4,0.0,0.0,0.0,0,,,,,12.133479244,1
publimetro_2018-03-08_16,10,none,,adaptive_mean,docling_easyocr,llama,4,0,0,0,4,0.0,0.0,0.0,0,,,,,68.497735741,1
publimetro_2018-03-08_16,10,none,,adaptive_mean,docling_rapidocr,llama,4,0,0,0,4,0.0,0.0,0.0,0,,,,,10.616052629,1
publimetro_2018-03-08_16,10,none,,basic,docling_easyocr,llama,4,0,0,0,4,0.0,0.0,0.0,0,,,,,81.404274103,1
publimetro_2018-03-08_16,10,none,,basic,docling_rapidocr,llama,4,0,0,0,4,0.0,0.0,0.0,0,,,,,17.456806299,1
publimetro_2018-03-08_16,10,none,,niblack,docling_easyocr,llama,4,0,0,0,4,0.0,0.0,0.0,0,,,,,65.854258343,1
publimetro_2018-03-08_16,10,none,,niblack,docling_rapidocr,llama,4,0,0,0,4,0.0,0.0,0.0,0,,,,,10.726722046,1
publimetro_2018-03-08_16,10,none,,none_color,docling_easyocr,llama,4,0,0,0,4,0.0,0.0,0.0,0,,,,,87.859132023,1
publimetro_2018-03-08_16,10,none,,none_color,docling_rapidocr,llama,4,0,0,0,4,0.0,0.0,0.0,0,,,,,19.466016979,1
publimetro_2018-03-08_16,10,none,,none_grayscale,docling_easyocr,llama,4,0,0,0,4,0.0,0.0,0.0,0,,,,,83.165975614,1
publimetro_2018-03-08_16,10,none,,none_grayscale,docling_rapidocr,llama,4,0,0,0,4,0.0,0.0,0.0,0,,,,,20.404678865,1
publimetro_2018-03-08_16,10,none,,otsu,docling_easyocr,llama,4,0,0,0,4,0.0,0.0,0.0,0,,,,,83.076312254,1
publimetro_2018-03-08_16,10,none,,otsu,docling_rapidocr,llama,4,0,0,0,4,0.0,0.0,0.0,0,,,,,16.889814327,1
publimetro_2018-03-08_16,11,none,,adaptive_gaussian,docling_easyocr,llama,4,0,0,0,4,0.0,0.0,0.0,0,,,,,78.579790811,1
publimetro_2018-03-08_16,11,none,,adaptive_gaussian,docling_rapidocr,llama,4,0,0,0,4,0.0,0.0,0.0,0,,,,,14.287957888,1
publimetro_2018-03-08_16,11,none,,adaptive_mean,docling_easyocr,llama,4,0,0,0,4,0.0,0.0,0.0,0,,,,,70.671347475,1
publimetro_2018-03-08_16,11,none,,adaptive_mean,docling_rapidocr,llama,4,0,0,0,4,0.0,0.0,0.0,0,,,,,11.335493183,1
publimetro_2018-03-08_16,11,none,,basic,docling_easyocr,llama,4,0,0,0,4,0.0,0.0,0.0,0,,,,,67.08948459,1
publimetro_2018-03-08_16,11,none,,basic,docling_rapidocr,llama,4,0,0,0,4,0.0,0.0,0.0,0,,,,,11.980215448,1
publimetro_2018-03-08_16,11,none,,niblack,docling_easyocr,llama,4,0,0,0,4,0.0,0.0,0.0,0,,,,,63.166491552,1
publimetro_2018-03-08_16,11,none,,niblack,docling_rapidocr,llama,4,0,0,0,4,0.0,0.0,0.0,0,,,,,10.944371029,1
publimetro_2018-03-08_16,11,none,,none_color,docling_easyocr,llama,4,0,0,0,4,0.0,0.0,0.0,0,,,,,80.728942459,1
publimetro_2018-03-08_16,11,none,,none_color,docling_rapidocr,llama,4,0,0,0,4,0.0,0.0,0.0,0,,,,,19.16532523,1
publimetro_2018-03-08_16,11,none,,none_grayscale,docling_easyocr,llama,4,0,0,0,4,0.0,0.0,0.0,0,,,,,84.607306618,1
publimetro_2018-03-08_16,11,none,,none_grayscale,docling_rapidocr,llama,4,0,0,0,4,0.0,0.0,0.0,0,,,,,19.156768221,1
publimetro_2018-03-08_16,11,none,,otsu,docling_easyocr,llama,4,0,0,0,4,0.0,0.0,0.0,0,,,,,80.48894474,1
publimetro_2018-03-08_16,11,none,,otsu,docling_rapidocr,llama,4,0,0,0,4,0.0,0.0,0.0,0,,,,,15.062085838,1
publimetro_2018-03-08_16,12,none,,adaptive_gaussian,docling_easyocr,llama,4,0,0,0,4,0.0,0.0,0.0,0,,,,,111.232831798,1
publimetro_2018-03-08_16,12,none,,adaptive_gaussian,docling_rapidocr,llama,4,0,0,0,4,0.0,0.0,0.0,0,,,,,44.969930015,1
publimetro_2018-03-08_16,12,none,,adaptive_mean,docling_easyocr,llama,4,0,0,0,4,0.0,0.0,0.0,0,,,,,113.391896444,1
publimetro_2018-03-08_16,12,none,,adaptive_mean,docling_rapidocr,llama,4,0,0,0,4,0.0,0.0,0.0,0,,,,,44.667569118,1
publimetro_2018-03-08_16,12,none,,basic,docling_easyocr,llama,4,0,0,0,4,0.0,0.0,0.0,0,,,,,112.360100818,1
publimetro_2018-03-08_16,12,none,,basic,docling_rapidocr,llama,4,0,0,0,4,0.0,0.0,0.0,0,,,,,49.894571615,1
publimetro_2018-03-08_16,12,none,,niblack,docling_easyocr,llama,4,0,0,0,4,0.0,0.0,0.0,0,,,,,95.444366641,1
publimetro_2018-03-08_16,12,none,,niblack,docling_rapidocr,llama,4,0,0,0,4,0.0,0.0,0.0,0,,,,,41.242697664,1
publimetro_2018-03-08_16,12,none,,none_color,docling_easyocr,llama,4,0,0,0,4,0.0,0.0,0.0,0,,,,,111.767326282,1
publimetro_2018-03-08_16,12,none,,none_color,docling_rapidocr,llama,4,0,0,0,4,0.0,0.0,0.0,0,,,,,49.301996396,1
publimetro_2018-03-08_16,12,none,,none_grayscale,docling_easyocr,llama,4,0,0,0,4,0.0,0.0,0.0,0,,,,,111.576108455,1
publimetro_2018-03-08_16,12,none,,none_grayscale,docling_rapidocr,llama,4,0,0,0,4,0.0,0.0,0.0,0,,,,,50.385022163,1
publimetro_2018-03-08_16,12,none,,otsu,docling_easyocr,llama,4,0,0,0,4,0.0,0.0,0.0,0,,,,,112.543170835,1
publimetro_2018-03-08_16,12,none,,otsu,docling_rapidocr,llama,4,0,0,0,4,0.0,0.0,0.0,0,,,,,49.713574077,1
publimetro_2018-03-08_16,13,none,,adaptive_gaussian,docling_easyocr,llama,4,0,0,0,4,0.0,0.0,0.0,0,,,,,104.036279241,1
publimetro_2018-03-08_16,13,none,,adaptive_gaussian,docling_rapidocr,llama,4,0,0,0,4,0.0,0.0,0.0,0,,,,,44.01742653,1
publimetro_2018-03-08_16,13,none,,adaptive_mean,docling_easyocr,llama,4,0,0,0,4,0.0,0.0,0.0,0,,,,,108.959076703,1
publimetro_2018-03-08_16,13,none,,adaptive_mean,docling_rapidocr,llama,4,0,0,0,4,0.0,0.0,0.0,0,,,,,45.257740796,1
publimetro_2018-03-08_16,13,none,,basic,docling_easyocr,llama,4,0,0,0,4,0.0,0.0,0.0,0,,,,,109.155129297,1
publimetro_2018-03-08_16,13,none,,basic,docling_rapidocr,llama,4,0,0,0,4,0.0,0.0,0.0,0,,,,,50.588826759,1
publimetro_2018-03-08_16,13,none,,niblack,docling_easyocr,llama,4,0,0,0,4,0.0,0.0,0.0,0,,,,,95.50245827,1
publimetro_2018-03-08_16,13,none,,niblack,docling_rapidocr,llama,4,0,0,0,4,0.0,0.0,0.0,0,,,,,41.064294751,1
publimetro_2018-03-08_16,13,none,,none_color,docling_easyocr,llama,4,0,0,0,4,0.0,0.0,0.0,0,,,,,112.432676034,1
publimetro_2018-03-08_16,13,none,,none_color,docling_rapidocr,llama,4,0,0,0,4,0.0,0.0,0.0,0,,,,,49.959491449,1
publimetro_2018-03-08_16,13,none,,none_grayscale,docling_easyocr,llama,4,0,0,0,4,0.0,0.0,0.0,0,,,,,107.544090301,1
publimetro_2018-03-08_16,13,none,,none_grayscale,docling_rapidocr,llama,4,0,0,0,4,0.0,0.0,0.0,0,,,,,49.578111202,1
publimetro_2018-03-08_16,13,none,,otsu,docling_easyocr,llama,4,0,0,0,4,0.0,0.0,0.0,0,,,,,112.060160573,1
publimetro_2018-03-08_16,13,none,,otsu,docling_rapidocr,llama,4,0,0,0,4,0.0,0.0,0.0,0,,,,,50.389171537,1
publimetro_2018-03-08_16,14,none,,adaptive_gaussian,docling_easyocr,llama,4,0,0,0,4,0.0,0.0,0.0,0,,,,,110.596346076,1
publimetro_2018-03-08_16,14,none,,adaptive_gaussian,docling_rapidocr,llama,4,0,0,0,4,0.0,0.0,0.0,0,,,,,44.95922726,1
publimetro_2018-03-08_16,14,none,,adaptive_mean,docling_easyocr,llama,4,0,0,0,4,0.0,0.0,0.0,0,,,,,109.622407871,1
publimetro_2018-03-08_16,14,none,,adaptive_mean,docling_rapidocr,llama,4,0,0,0,4,0.0,0.0,0.0,0,,,,,44.862055736,1
publimetro_2018-03-08_16,14,none,,basic,docling_easyocr,llama,4,0,0,0,4,0.0,0.0,0.0,0,,,,,117.01206994,1
publimetro_2018-03-08_16,14,none,,basic,docling_rapidocr,llama,4,0,0,0,4,0.0,0.0,0.0,0,,,,,51.143164634,1
publimetro_2018-03-08_16,14,none,,niblack,docling_easyocr,llama,4,0,0,0,4,0.0,0.0,0.0,0,,,,,96.390399715,1
publimetro_2018-03-08_16,14,none,,niblack,docling_rapidocr,llama,4,0,0,0,4,0.0,0.0,0.0,0,,,,,40.56924369,1
publimetro_2018-03-08_16,14,none,,none_color,docling_easyocr,llama,4,0,0,0,4,0.0,0.0,0.0,0,,,,,111.993579315,1
publimetro_2018-03-08_16,14,none,,none_color,docling_rapidocr,llama,4,0,0,0,4,0.0,0.0,0.0,0,,,,,46.882306741,1
publimetro_2018-03-08_16,14,none,,none_grayscale,docling_easyocr,llama,4,0,0,0,4,0.0,0.0,0.0,0,,,,,111.704055951,1
publimetro_2018-03-08_16,14,none,,none_grayscale,docling_rapidocr,llama,4,0,0,0,4,0.0,0.0,0.0,0,,,,,50.273351358,1
publimetro_2018-03-08_16,14,none,,otsu,docling_easyocr,llama,4,0,0,0,4,0.0,0.0,0.0,0,,,,,112.33896668,1
publimetro_2018-03-08_16,14,none,,otsu,docling_rapidocr,llama,4,0,0,0,4,0.0,0.0,0.0,0,,,,,50.030423236,1
publimetro_2018-03-08_16,15,none,,adaptive_gaussian,docling_easyocr,llama,4,0,0,0,4,0.0,0.0,0.0,0,,,,,68.975053342,1
publimetro_2018-03-08_16,15,none,,adaptive_gaussian,docling_rapidocr,llama,4,0,0,0,4,0.0,0.0,0.0,0,,,,,11.191017898,1
publimetro_2018-03-08_16,15,none,,adaptive_mean,docling_easyocr,llama,4,0,0,0,4,0.0,0.0,0.0,0,,,,,69.680445962,1
publimetro_2018-03-08_16,15,none,,adaptive_mean,docling_rapidocr,llama,4,0,0,0,4,0.0,0.0,0.0,0,,,,,11.292908244,1
publimetro_2018-03-08_16,15,none,,basic,docling_easyocr,llama,4,0,0,0,4,0.0,0.0,0.0,0,,,,,79.050749873,1
publimetro_2018-03-08_16,15,none,,basic,docling_rapidocr,llama,4,0,0,0,4,0.0,0.0,0.0,0,,,,,18.319367742,1
publimetro_2018-03-08_16,15,none,,niblack,docling_easyocr,llama,4,0,0,0,4,0.0,0.0,0.0,0,,,,,66.180446979,1
publimetro_2018-03-08_16,15,none,,niblack,docling_rapidocr,llama,4,0,0,0,4,0.0,0.0,0.0,0,,,,,10.864040729,1
publimetro_2018-03-08_16,15,none,,none_color,docling_easyocr,llama,4,0,0,0,4,0.0,0.0,0.0,0,,,,,84.372439811,1
publimetro_2018-03-08_16,15,none,,none_color,docling_rapidocr,llama,4,0,0,0,4,0.0,0.0,0.0,0,,,,,19.785789678,1
publimetro_2018-03-08_16,15,none,,none_grayscale,docling_easyocr,llama,4,0,0,0,4,0.0,0.0,0.0,0,,,,,79.952161573,1
publimetro_2018-03-08_16,15,none,,none_grayscale,docling_rapidocr,llama,4,0,0,0,4,0.0,0.0,0.0,0,,,,,19.899386428,1
publimetro_2018-03-08_16,15,none,,otsu,docling_easyocr,llama,4,0,0,0,4,0.0,0.0,0.0,0,,,,,82.644819665,1
publimetro_2018-03-08_16,15,none,,otsu,docling_rapidocr,llama,4,0,0,0,4,0.0,0.0,0.0,0,,,,,15.563868213,1
publimetro_2018-03-08_16,16,none,,adaptive_gaussian,docling_easyocr,llama,4,0,0,0,4,0.0,0.0,0.0,0,,,,,67.34326868,1
publimetro_2018-03-08_16,16,none,,adaptive_gaussian,docling_rapidocr,llama,4,0,0,0,4,0.0,0.0,0.0,0,,,,,10.792662191,1
publimetro_2018-03-08_16,16,none,,adaptive_mean,docling_easyocr,llama,4,0,0,0,4,0.0,0.0,0.0,0,,,,,64.872664136,1
publimetro_2018-03-08_16,16,none,,adaptive_mean,docling_rapidocr,llama,4,0,0,0,4,0.0,0.0,0.0,0,,,,,9.192742986,1
publimetro_2018-03-08_16,16,none,,basic,docling_easyocr,llama,4,0,0,0,4,0.0,0.0,0.0,0,,,,,81.450801649,1
publimetro_2018-03-08_16,16,none,,basic,docling_rapidocr,llama,4,0,0,0,4,0.0,0.0,0.0,0,,,,,16.608661451,1
publimetro_2018-03-08_16,16,none,,niblack,docling_easyocr,llama,4,0,0,0,4,0.0,0.0,0.0,0,,,,,65.329094614,1
publimetro_2018-03-08_16,16,none,,niblack,docling_rapidocr,llama,4,0,0,0,4,0.0,0.0,0.0,0,,,,,10.99419185,1
publimetro_2018-03-08_16,16,none,,none_color,docling_easyocr,llama,4,0,0,0,4,0.0,0.0,0.0,0,,,,,83.475552928,1
publimetro_2018-03-08_16,16,none,,none_color,docling_rapidocr,llama,4,0,0,0,4,0.0,0.0,0.0,0,,,,,20.15230335,1
publimetro_2018-03-08_16,16,none,,none_grayscale,docling_easyocr,llama,4,0,0,0,4,0.0,0.0,0.0,0,,,,,84.183443035,1
publimetro_2018-03-08_16,16,none,,none_grayscale,docling_rapidocr,llama,4,0,0,0,4,0.0,0.0,0.0,0,,,,,18.775473798,1
publimetro_2018-03-08_16,16,none,,otsu,docling_easyocr,llama,4,0,0,0,4,0.0,0.0,0.0,0,,,,,85.554705253,1
publimetro_2018-03-08_16,16,none,,otsu,docling_rapidocr,llama,4,0,0,0,4,0.0,0.0,0.0,0,,,,,16.919787994,1
publimetro_2018-03-08_16,17,none,,adaptive_gaussian,docling_easyocr,llama,4,0,0,0,4,0.0,0.0,0.0,0,,,,,69.063633893,1
publimetro_2018-03-08_16,17,none,,adaptive_gaussian,docling_rapidocr,llama,4,0,0,0,4,0.0,0.0,0.0,0,,,,,11.224600767,1
publimetro_2018-03-08_16,17,none,,adaptive_mean,docling_easyocr,llama,4,0,0,0,4,0.0,0.0,0.0,0,,,,,69.223189588,1
publimetro_2018-03-08_16,17,none,,adaptive_mean,docling_rapidocr,llama,4,0,0,0,4,0.0,0.0,0.0,0,,,,,11.055527444,1
publimetro_2018-03-08_16,17,none,,basic,docling_easyocr,llama,4,0,0,0,4,0.0,0.0,0.0,0,,,,,84.406291999,1
publimetro_2018-03-08_16,17,none,,basic,docling_rapidocr,llama,4,0,0,0,4,0.0,0.0,0.0,0,,,,,17.194206037,1
publimetro_2018-03-08_16,17,none,,niblack,docling_easyocr,llama,4,0,0,0,4,0.0,0.0,0.0,0,,,,,65.411309986,1
publimetro_2018-03-08_16,17,none,,niblack,docling_rapidocr,llama,4,0,0,0,4,0.0,0.0,0.0,0,,,,,10.015835313,1
publimetro_2018-03-08_16,17,none,,none_color,docling_easyocr,llama,4,0,0,0,4,0.0,0.0,0.0,0,,,,,84.271311964,1
publimetro_2018-03-08_16,17,none,,none_color,docling_rapidocr,llama,4,0,0,0,4,0.0,0.0,0.0,0,,,,,17.566702093,1
publimetro_2018-03-08_16,17,none,,none_grayscale,docling_easyocr,llama,4,0,0,0,4,0.0,0.0,0.0,0,,,,,83.804552282,1
publimetro_2018-03-08_16,17,none,,none_grayscale,docling_rapidocr,llama,4,0,0,0,4,0.0,0.0,0.0,0,,,,,19.240206922,1
publimetro_2018-03-08_16,17,none,,otsu,docling_easyocr,llama,4,0,0,0,4,0.0,0.0,0.0,0,,,,,83.076543203,1
publimetro_2018-03-08_16,17,none,,otsu,docling_rapidocr,llama,4,0,0,0,4,0.0,0.0,0.0,0,,,,,19.273041835,1
publimetro_2018-03-08_16,18,none,,adaptive_gaussian,docling_easyocr,llama,4,0,0,0,4,0.0,0.0,0.0,0,,,,,62.304182788,1
publimetro_2018-03-08_16,18,none,,adaptive_gaussian,docling_rapidocr,llama,4,0,0,0,4,0.0,0.0,0.0,0,,,,,10.908417722,1
publimetro_2018-03-08_16,18,none,,adaptive_mean,docling_easyocr,llama,4,0,0,0,4,0.0,0.0,0.0,0,,,,,65.555653137,1
publimetro_2018-03-08_16,18,none,,adaptive_mean,docling_rapidocr,llama,4,0,0,0,4,0.0,0.0,0.0,0,,,,,12.49373154,1
publimetro_2018-03-08_16,18,none,,basic,docling_easyocr,llama,4,0,0,0,4,0.0,0.0,0.0,0,,,,,62.437244737,1
publimetro_2018-03-08_16,18,none,,basic,docling_rapidocr,llama,4,0,0,0,4,0.0,0.0,0.0,0,,,,,10.262901628,1
publimetro_2018-03-08_16,18,none,,none_color,docling_easyocr,llama,4,0,0,0,4,0.0,0.0,0.0,0,,,,,67.711626302,1
publimetro_2018-03-08_16,18,none,,none_grayscale,docling_easyocr,llama,4,0,0,0,4,0.0,0.0,0.0,0,,,,,67.033763896,1
publimetro_2018-03-08_16,18,none,,otsu,docling_easyocr,llama,4,0,0,0,4,0.0,0.0,0.0,0,,,,,62.86153642,1
publimetro_2018-03-08_16,18,none,,otsu,docling_rapidocr,llama,4,0,0,0,4,0.0,0.0,0.0,0,,,,,11.82481829,1
publimetro_2018-03-08_16,18,none,,yannihorne,docling_rapidocr,llama,4,0,0,0,4,0.0,0.0,0.0,0,,,,,15.925127185,1
publimetro_2018-03-08_16,19,none,,adaptive_gaussian,docling_easyocr,llama,4,0,0,0,4,0.0,0.0,0.0,0,,,,,66.05212421,1
publimetro_2018-03-08_16,19,none,,adaptive_gaussian,docling_rapidocr,llama,4,0,0,0,4,0.0,0.0,0.0,0,,,,,11.310194202,1
publimetro_2018-03-08_16,19,none,,adaptive_mean,docling_easyocr,llama,4,0,0,0,4,0.0,0.0,0.0,0,,,,,63.145157472,1
publimetro_2018-03-08_16,19,none,,adaptive_mean,docling_rapidocr,llama,4,0,0,0,4,0.0,0.0,0.0,0,,,,,11.505574838,1
publimetro_2018-03-08_16,19,none,,basic,docling_easyocr,llama,4,0,0,0,4,0.0,0.0,0.0,0,,,,,65.254274307,1
publimetro_2018-03-08_16,19,none,,basic,docling_rapidocr,llama,4,0,0,0,4,0.0,0.0,0.0,0,,,,,11.314093528,1
publimetro_2018-03-08_16,19,none,,niblack,docling_easyocr,llama,4,0,0,0,4,0.0,0.0,0.0,0,,,,,66.954131792,1
publimetro_2018-03-08_16,19,none,,none_color,docling_easyocr,llama,4,0,0,0,4,0.0,0.0,0.0,0,,,,,64.371517524,1
publimetro_2018-03-08_16,19,none,,none_grayscale,docling_easyocr,llama,4,0,0,0,4,0.0,0.0,0.0,0,,,,,64.365785942,1
publimetro_2018-03-08_16,19,none,,otsu,docling_easyocr,llama,4,0,0,0,4,0.0,0.0,0.0,0,,,,,66.247291099,1
publimetro_2018-03-08_16,19,none,,otsu,docling_rapidocr,llama,4,0,0,0,4,0.0,0.0,0.0,0,,,,,11.812566053,1
publimetro_2018-03-08_16,19,none,,yannihorne,docling_rapidocr,llama,4,0,0,0,4,0.0,0.0,0.0,0,,,,,15.338276636,1
publimetro_2018-03-08_16,20,none,,adaptive_gaussian,docling_easyocr,llama,4,0,0,0,4,0.0,0.0,0.0,0,,,,,65.667066881,1
publimetro_2018-03-08_16,20,none,,adaptive_gaussian,docling_rapidocr,llama,4,0,0,0,4,0.0,0.0,0.0,0,,,,,11.711524316,1
publimetro_2018-03-08_16,20,none,,adaptive_mean,docling_easyocr,llama,4,0,0,0,4,0.0,0.0,0.0,0,,,,,66.770664709,1
publimetro_2018-03-08_16,20,none,,adaptive_mean,docling_rapidocr,llama,4,0,0,0,4,0.0,0.0,0.0,0,,,,,12.035266416,1
publimetro_2018-03-08_16,20,none,,basic,docling_easyocr,llama,4,0,0,0,4,0.0,0.0,0.0,0,,,,,65.727220356,1
publimetro_2018-03-08_16,20,none,,basic,docling_rapidocr,llama,4,0,0,0,4,0.0,0.0,0.0,0,,,,,11.381142675,1
publimetro_2018-03-08_16,20,none,,none_color,docling_easyocr,llama,4,0,0,0,4,0.0,0.0,0.0,0,,,,,67.847304807,1
publimetro_2018-03-08_16,20,none,,none_grayscale,docling_easyocr,llama,4,0,0,0,4,0.0,0.0,0.0,0,,,,,68.066208349,1
publimetro_2018-03-08_16,20,none,,otsu,docling_easyocr,llama,4,0,0,0,4,0.0,0.0,0.0,0,,,,,65.797436845,1
publimetro_2018-03-08_16,20,none,,otsu,docling_rapidocr,llama,4,0,0,0,4,0.0,0.0,0.0,0,,,,,12.144267929,1
publimetro_2018-03-08_16,20,none,,yannihorne,docling_rapidocr,llama,4,0,0,0,4,0.0,0.0,0.0,0,,,,,13.807783973,1
publimetro_2018-03-08_16,21,none,,adaptive_gaussian,docling_easyocr,llama,4,0,0,0,4,0.0,0.0,0.0,0,,,,,163.010715341,1
publimetro_2018-03-08_16,21,none,,adaptive_gaussian,docling_rapidocr,llama,4,0,0,0,4,0.0,0.0,0.0,0,,,,,96.993997907,1
publimetro_2018-03-08_16,21,none,,adaptive_mean,docling_easyocr,llama,4,0,0,0,4,0.0,0.0,0.0,0,,,,,160.273738977,1
publimetro_2018-03-08_16,21,none,,adaptive_mean,docling_rapidocr,llama,4,0,0,0,4,0.0,0.0,0.0,0,,,,,98.351962921,1
publimetro_2018-03-08_16,21,none,,basic,docling_easyocr,llama,4,0,0,0,4,0.0,0.0,0.0,0,,,,,168.717597643,1
publimetro_2018-03-08_16,21,none,,basic,docling_rapidocr,llama,4,0,0,0,4,0.0,0.0,0.0,0,,,,,101.093785444,1
publimetro_2018-03-08_16,21,none,,niblack,docling_easyocr,llama,4,0,0,0,4,0.0,0.0,0.0,0,,,,,147.90228672,1
publimetro_2018-03-08_16,21,none,,niblack,docling_rapidocr,llama,4,0,0,0,4,0.0,0.0,0.0,0,,,,,94.879951906,1
publimetro_2018-03-08_16,21,none,,none_color,docling_easyocr,llama,4,0,0,0,4,0.0,0.0,0.0,0,,,,,164.912635889,1
publimetro_2018-03-08_16,21,none,,none_color,docling_rapidocr,llama,4,0,0,0,4,0.0,0.0,0.0,0,,,,,101.602512445,1
publimetro_2018-03-08_16,21,none,,none_grayscale,docling_easyocr,llama,4,0,0,0,4,0.0,0.0,0.0,0,,,,,170.585915651,1
publimetro_2018-03-08_16,21,none,,none_grayscale,docling_rapidocr,llama,4,0,0,0,4,0.0,0.0,0.0,0,,,,,103.814741459,1
publimetro_2018-03-08_16,21,none,,otsu,docling_easyocr,llama,4,0,0,0,4,0.0,0.0,0.0,0,,,,,171.496551506,1
publimetro_2018-03-08_16,21,none,,otsu,docling_rapidocr,llama,4,0,0,0,4,0.0,0.0,0.0,0,,,,,101.092002622,1
publimetro_2018-03-08_16,22,none,,adaptive_gaussian,docling_easyocr,llama,4,0,0,0,4,0.0,0.0,0.0,0,,,,,154.067875192,1
publimetro_2018-03-08_16,22,none,,adaptive_gaussian,docling_rapidocr,llama,4,0,0,0,4,0.0,0.0,0.0,0,,,,,95.574461267,1
publimetro_2018-03-08_16,22,none,,adaptive_mean,docling_easyocr,llama,4,0,0,0,4,0.0,0.0,0.0,0,,,,,152.553825922,1
publimetro_2018-03-08_16,22,none,,adaptive_mean,docling_rapidocr,llama,4,0,0,0,4,0.0,0.0,0.0,0,,,,,96.265605278,1
publimetro_2018-03-08_16,22,none,,basic,docling_easyocr,llama,4,0,0,0,4,0.0,0.0,0.0,0,,,,,171.303017009,1
publimetro_2018-03-08_16,22,none,,basic,docling_rapidocr,llama,4,0,0,0,4,0.0,0.0,0.0,0,,,,,102.930765499,1
publimetro_2018-03-08_16,22,none,,niblack,docling_easyocr,llama,4,0,0,0,4,0.0,0.0,0.0,0,,,,,151.681562647,1
publimetro_2018-03-08_16,22,none,,niblack,docling_rapidocr,llama,4,0,0,0,4,0.0,0.0,0.0,0,,,,,95.289774641,1
publimetro_2018-03-08_16,22,none,,none_color,docling_easyocr,llama,4,0,0,0,4,0.0,0.0,0.0,0,,,,,171.002362049,1
publimetro_2018-03-08_16,22,none,,none_color,docling_rapidocr,llama,4,0,0,0,4,0.0,0.0,0.0,0,,,,,104.12888459,1
publimetro_2018-03-08_16,22,none,,none_grayscale,docling_easyocr,llama,4,0,0,0,4,0.0,0.0,0.0,0,,,,,170.817856825,1
publimetro_2018-03-08_16,22,none,,none_grayscale,docling_rapidocr,llama,4,0,0,0,4,0.0,0.0,0.0,0,,,,,104.073166645,1
publimetro_2018-03-08_16,22,none,,otsu,docling_easyocr,llama,4,0,0,0,4,0.0,0.0,0.0,0,,,,,169.163402738,1
publimetro_2018-03-08_16,22,none,,otsu,docling_rapidocr,llama,4,0,0,0,4,0.0,0.0,0.0,0,,,,,104.782603445,1
publimetro_2018-03-08_16,23,none,,adaptive_gaussian,docling_easyocr,llama,4,0,0,0,4,0.0,0.0,0.0,0,,,,,163.222319137,1
publimetro_2018-03-08_16,23,none,,adaptive_gaussian,docling_rapidocr,llama,4,0,0,0,4,0.0,0.0,0.0,0,,,,,98.419459354,1
publimetro_2018-03-08_16,23,none,,adaptive_mean,docling_easyocr,llama,4,0,0,0,4,0.0,0.0,0.0,0,,,,,153.740394386,1
publimetro_2018-03-08_16,23,none,,adaptive_mean,docling_rapidocr,llama,4,0,0,0,4,0.0,0.0,0.0,0,,,,,95.792371782,1
publimetro_2018-03-08_16,23,none,,basic,docling_easyocr,llama,4,0,0,0,4,0.0,0.0,0.0,0,,,,,155.959658458,1
publimetro_2018-03-08_16,23,none,,basic,docling_rapidocr,llama,4,0,0,0,4,0.0,0.0,0.0,0,,,,,96.430120304,1
publimetro_2018-03-08_16,23,none,,niblack,docling_easyocr,llama,4,0,0,0,4,0.0,0.0,0.0,0,,,,,150.444481292,1
publimetro_2018-03-08_16,23,none,,niblack,docling_rapidocr,llama,4,0,0,0,4,0.0,0.0,0.0,0,,,,,95.20768539,1
publimetro_2018-03-08_16,23,none,,none_color,docling_easyocr,llama,4,0,0,0,4,0.0,0.0,0.0,0,,,,,169.055702211,1
publimetro_2018-03-08_16,23,none,,none_color,docling_rapidocr,llama,4,0,0,0,4,0.0,0.0,0.0,0,,,,,100.736160995,1
publimetro_2018-03-08_16,23,none,,none_grayscale,docling_easyocr,llama,4,0,0,0,4,0.0,0.0,0.0,0,,,,,171.176289083,1
publimetro_2018-03-08_16,23,none,,none_grayscale,docling_rapidocr,llama,4,0,0,0,4,0.0,0.0,0.0,0,,,,,105.115101816,1
publimetro_2018-03-08_16,23,none,,otsu,docling_easyocr,llama,4,0,0,0,4,0.0,0.0,0.0,0,,,,,166.751384405,1
publimetro_2018-03-08_16,23,none,,otsu,docling_rapidocr,llama,4,0,0,0,4,0.0,0.0,0.0,0,,,,,97.823387293,1
publimetro_2018-03-08_16,24,none,,adaptive_gaussian,docling_easyocr,llama,4,0,0,0,4,0.0,0.0,0.0,0,,,,,77.576705368,1
publimetro_2018-03-08_16,24,none,,adaptive_gaussian,docling_rapidocr,llama,4,0,0,0,4,0.0,0.0,0.0,0,,,,,12.872476252,1
publimetro_2018-03-08_16,24,none,,adaptive_mean,docling_easyocr,llama,4,0,0,0,4,0.0,0.0,0.0,0,,,,,75.727127413,1
publimetro_2018-03-08_16,24,none,,adaptive_mean,docling_rapidocr,llama,4,0,0,0,4,0.0,0.0,0.0,0,,,,,15.4871851,1
publimetro_2018-03-08_16,24,none,,basic,docling_easyocr,llama,4,0,0,0,4,0.0,0.0,0.0,0,,,,,80.780821226,1
publimetro_2018-03-08_16,24,none,,basic,docling_rapidocr,llama,4,0,0,0,4,0.0,0.0,0.0,0,,,,,20.342579983,1
publimetro_2018-03-08_16,24,none,,niblack,docling_easyocr,llama,4,0,0,0,4,0.0,0.0,0.0,0,,,,,62.649020544,1
publimetro_2018-03-08_16,24,none,,niblack,docling_rapidocr,llama,4,0,0,0,4,0.0,0.0,0.0,0,,,,,10.585031382,1
publimetro_2018-03-08_16,24,none,,none_color,docling_easyocr,llama,4,0,0,0,4,0.0,0.0,0.0,0,,,,,81.694426844,1
publimetro_2018-03-08_16,24,none,,none_color,docling_rapidocr,llama,4,0,0,0,4,0.0,0.0,0.0,0,,,,,17.895118067,1
publimetro_2018-03-08_16,24,none,,none_grayscale,docling_easyocr,llama,4,0,0,0,4,0.0,0.0,0.0,0,,,,,80.901147268,1
publimetro_2018-03-08_16,24,none,,none_grayscale,docling_rapidocr,llama,4,0,0,0,4,0.0,0.0,0.0,0,,,,,17.458370827,1
publimetro_2018-03-08_16,24,none,,otsu,docling_easyocr,llama,4,0,0,0,4,0.0,0.0,0.0,0,,,,,81.366240549,1
publimetro_2018-03-08_16,24,none,,otsu,docling_rapidocr,llama,4,0,0,0,4,0.0,0.0,0.0,0,,,,,20.550260115,1
publimetro_2018-03-08_16,25,none,,adaptive_gaussian,docling_easyocr,llama,4,0,0,0,4,0.0,0.0,0.0,0,,,,,71.474509993,1
publimetro_2018-03-08_16,25,none,,adaptive_gaussian,docling_rapidocr,llama,4,0,0,0,4,0.0,0.0,0.0,0,,,,,14.493696251,1
publimetro_2018-03-08_16,25,none,,adaptive_mean,docling_easyocr,llama,4,0,0,0,4,0.0,0.0,0.0,0,,,,,69.230782019,1
publimetro_2018-03-08_16,25,none,,adaptive_mean,docling_rapidocr,llama,4,0,0,0,4,0.0,0.0,0.0,0,,,,,15.735965477,1
publimetro_2018-03-08_16,25,none,,basic,docling_easyocr,llama,4,0,0,0,4,0.0,0.0,0.0,0,,,,,81.294045,1
publimetro_2018-03-08_16,25,none,,basic,docling_rapidocr,llama,4,0,0,0,4,0.0,0.0,0.0,0,,,,,19.459602623,1
publimetro_2018-03-08_16,25,none,,niblack,docling_easyocr,llama,4,0,0,0,4,0.0,0.0,0.0,0,,,,,65.878835728,1
publimetro_2018-03-08_16,25,none,,niblack,docling_rapidocr,llama,4,0,0,0,4,0.0,0.0,0.0,0,,,,,9.171200563,1
publimetro_2018-03-08_16,25,none,,none_color,docling_easyocr,llama,4,0,0,0,4,0.0,0.0,0.0,0,,,,,83.49346936,1
publimetro_2018-03-08_16,25,none,,none_color,docling_rapidocr,llama,4,0,0,0,4,0.0,0.0,0.0,0,,,,,19.49185932,1
publimetro_2018-03-08_16,25,none,,none_grayscale,docling_easyocr,llama,4,0,0,0,4,0.0,0.0,0.0,0,,,,,82.383943275,1
publimetro_2018-03-08_16,25,none,,none_grayscale,docling_rapidocr,llama,4,0,0,0,4,0.0,0.0,0.0,0,,,,,19.396264986,1
publimetro_2018-03-08_16,25,none,,otsu,docling_easyocr,llama,4,0,0,0,4,0.0,0.0,0.0,0,,,,,78.606930357,1
publimetro_2018-03-08_16,25,none,,otsu,docling_rapidocr,llama,4,0,0,0,4,0.0,0.0,0.0,0,,,,,19.606620413,1
publimetro_2018-03-08_16,26,none,,adaptive_gaussian,docling_easyocr,llama,4,0,0,0,4,0.0,0.0,0.0,0,,,,,77.456025328,1
publimetro_2018-03-08_16,26,none,,adaptive_gaussian,docling_rapidocr,llama,4,0,0,0,4,0.0,0.0,0.0,0,,,,,13.69879743,1
publimetro_2018-03-08_16,26,none,,adaptive_mean,docling_easyocr,llama,4,0,0,0,4,0.0,0.0,0.0,0,,,,,78.986295137,1
publimetro_2018-03-08_16,26,none,,adaptive_mean,docling_rapidocr,llama,4,0,0,0,4,0.0,0.0,0.0,0,,,,,15.034334574,1
publimetro_2018-03-08_16,26,none,,basic,docling_easyocr,llama,4,0,0,0,4,0.0,0.0,0.0,0,,,,,78.109113172,1
publimetro_2018-03-08_16,26,none,,basic,docling_rapidocr,llama,4,0,0,0,4,0.0,0.0,0.0,0,,,,,19.408118681,1
publimetro_2018-03-08_16,26,none,,niblack,docling_easyocr,llama,4,0,0,0,4,0.0,0.0,0.0,0,,,,,67.402008251,1
publimetro_2018-03-08_16,26,none,,niblack,docling_rapidocr,llama,4,0,0,0,4,0.0,0.0,0.0,0,,,,,11.149007753,1
publimetro_2018-03-08_16,26,none,,none_color,docling_easyocr,llama,4,0,0,0,4,0.0,0.0,0.0,0,,,,,80.712530735,1
publimetro_2018-03-08_16,26,none,,none_color,docling_rapidocr,llama,4,0,0,0,4,0.0,0.0,0.0,0,,,,,17.880468491,1
publimetro_2018-03-08_16,26,none,,none_grayscale,docling_easyocr,llama,4,0,0,0,4,0.0,0.0,0.0,0,,,,,82.757088783,1
publimetro_2018-03-08_16,26,none,,none_grayscale,docling_rapidocr,llama,4,0,0,0,4,0.0,0.0,0.0,0,,,,,19.420712116,1
publimetro_2018-03-08_16,26,none,,otsu,docling_easyocr,llama,4,0,0,0,4,0.0,0.0,0.0,0,,,,,81.752065449,1
publimetro_2018-03-08_16,26,none,,otsu,docling_rapidocr,llama,4,0,0,0,4,0.0,0.0,0.0,0,,,,,20.493894129,1
publimetro_2018-03-08_16,27,none,,adaptive_gaussian,docling_easyocr,llama,4,0,0,0,4,0.0,0.0,0.0,0,,,,,80.642525879,1
publimetro_2018-03-08_16,27,none,,adaptive_gaussian,docling_rapidocr,llama,4,0,0,0,4,0.0,0.0,0.0,0,,,,,12.626199451,1
publimetro_2018-03-08_16,27,none,,adaptive_mean,docling_easyocr,llama,4,0,0,0,4,0.0,0.0,0.0,0,,,,,79.551756464,1
publimetro_2018-03-08_16,27,none,,adaptive_mean,docling_rapidocr,llama,4,0,0,0,4,0.0,0.0,0.0,0,,,,,13.990039192,1
publimetro_2018-03-08_16,27,none,,basic,docling_easyocr,llama,4,0,0,0,4,0.0,0.0,0.0,0,,,,,83.371072489,1
publimetro_2018-03-08_16,27,none,,basic,docling_rapidocr,llama,4,0,0,0,4,0.0,0.0,0.0,0,,,,,17.09418984,1
publimetro_2018-03-08_16,27,none,,niblack,docling_easyocr,llama,4,0,0,0,4,0.0,0.0,0.0,0,,,,,66.186716608,1
publimetro_2018-03-08_16,27,none,,niblack,docling_rapidocr,llama,4,0,0,0,4,0.0,0.0,0.0,0,,,,,10.834515385,1
publimetro_2018-03-08_16,27,none,,none_color,docling_easyocr,llama,4,0,0,0,4,0.0,0.0,0.0,0,,,,,84.21044474,1
publimetro_2018-03-08_16,27,none,,none_color,docling_rapidocr,llama,4,0,0,0,4,0.0,0.0,0.0,0,,,,,19.744324259,1
publimetro_2018-03-08_16,27,none,,none_grayscale,docling_easyocr,llama,4,0,0,0,4,0.0,0.0,0.0,0,,,,,83.011571293,1
publimetro_2018-03-08_16,27,none,,none_grayscale,docling_rapidocr,llama,4,0,0,0,4,0.0,0.0,0.0,0,,,,,16.64779294,1
publimetro_2018-03-08_16,27,none,,otsu,docling_easyocr,llama,4,0,0,0,4,0.0,0.0,0.0,0,,,,,78.714281828,1
publimetro_2018-03-08_16,27,none,,otsu,docling_rapidocr,llama,4,0,0,0,4,0.0,0.0,0.0,0,,,,,19.510797293,1
publimetro_2018-03-08_16,28,none,,adaptive_gaussian,docling_easyocr,llama,4,0,0,0,4,0.0,0.0,0.0,0,,,,,71.084819792,1
publimetro_2018-03-08_16,28,none,,adaptive_gaussian,docling_rapidocr,llama,4,0,0,0,4,0.0,0.0,0.0,0,,,,,10.015419958,1
publimetro_2018-03-08_16,28,none,,adaptive_mean,docling_easyocr,llama,4,0,0,0,4,0.0,0.0,0.0,0,,,,,77.384801811,1
publimetro_2018-03-08_16,28,none,,adaptive_mean,docling_rapidocr,llama,4,0,0,0,4,0.0,0.0,0.0,0,,,,,13.603134579,1
publimetro_2018-03-08_16,28,none,,basic,docling_easyocr,llama,4,0,0,0,4,0.0,0.0,0.0,0,,,,,80.836252916,1
publimetro_2018-03-08_16,28,none,,basic,docling_rapidocr,llama,4,0,0,0,4,0.0,0.0,0.0,0,,,,,20.314273584,1
publimetro_2018-03-08_16,28,none,,niblack,docling_easyocr,llama,4,0,0,0,4,0.0,0.0,0.0,0,,,,,66.089417944,1
publimetro_2018-03-08_16,28,none,,niblack,docling_rapidocr,llama,4,0,0,0,4,0.0,0.0,0.0,0,,,,,11.441864023,1
publimetro_2018-03-08_16,28,none,,none_color,docling_easyocr,llama,4,0,0,0,4,0.0,0.0,0.0,0,,,,,80.932175718,1
publimetro_2018-03-08_16,28,none,,none_color,docling_rapidocr,llama,4,0,0,0,4,0.0,0.0,0.0,0,,,,,20.114428364,1
publimetro_2018-03-08_16,28,none,,none_grayscale,docling_easyocr,llama,4,0,0,0,4,0.0,0.0,0.0,0,,,,,83.412048256,1
publimetro_2018-03-08_16,28,none,,none_grayscale,docling_rapidocr,llama,4,0,0,0,4,0.0,0.0,0.0,0,,,,,19.418234264,1
publimetro_2018-03-08_16,28,none,,otsu,docling_easyocr,llama,4,0,0,0,4,0.0,0.0,0.0,0,,,,,82.930785955,1
publimetro_2018-03-08_16,28,none,,otsu,docling_rapidocr,llama,4,0,0,0,4,0.0,0.0,0.0,0,,,,,19.612130226,1
publimetro_2018-03-08_16,29,none,,adaptive_gaussian,docling_easyocr,llama,4,0,0,0,4,0.0,0.0,0.0,0,,,,,79.237161106,1
publimetro_2018-03-08_16,29,none,,adaptive_gaussian,docling_rapidocr,llama,4,0,0,0,4,0.0,0.0,0.0,0,,,,,14.264545864,1
publimetro_2018-03-08_16,29,none,,adaptive_mean,docling_easyocr,llama,4,0,0,0,4,0.0,0.0,0.0,0,,,,,74.554505792,1
publimetro_2018-03-08_16,29,none,,adaptive_mean,docling_rapidocr,llama,4,0,0,0,4,0.0,0.0,0.0,0,,,,,14.831057516,1
publimetro_2018-03-08_16,29,none,,basic,docling_easyocr,llama,4,0,0,0,4,0.0,0.0,0.0,0,,,,,81.82632328,1
publimetro_2018-03-08_16,29,none,,basic,docling_rapidocr,llama,4,0,0,0,4,0.0,0.0,0.0,0,,,,,20.389969358,1
publimetro_2018-03-08_16,29,none,,niblack,docling_easyocr,llama,4,0,0,0,4,0.0,0.0,0.0,0,,,,,66.000290808,1
publimetro_2018-03-08_16,29,none,,niblack,docling_rapidocr,llama,4,0,0,0,4,0.0,0.0,0.0,0,,,,,10.037676748,1
publimetro_2018-03-08_16,29,none,,none_color,docling_easyocr,llama,4,0,0,0,4,0.0,0.0,0.0,0,,,,,79.931839641,1
publimetro_2018-03-08_16,29,none,,none_color,docling_rapidocr,llama,4,0,0,0,4,0.0,0.0,0.0,0,,,,,18.490608629,1
publimetro_2018-03-08_16,29,none,,none_grayscale,docling_easyocr,llama,4,0,0,0,4,0.0,0.0,0.0,0,,,,,82.581860241,1
publimetro_2018-03-08_16,29,none,,none_grayscale,docling_rapidocr,llama,4,0,0,0,4,0.0,0.0,0.0,0,,,,,19.60259169,1
publimetro_2018-03-08_16,29,none,,otsu,docling_easyocr,llama,4,0,0,0,4,0.0,0.0,0.0,0,,,,,79.206501566,1
publimetro_2018-03-08_16,29,none,,otsu,docling_rapidocr,llama,4,0,0,0,4,0.0,0.0,0.0,0,,,,,16.497277103,1
publimetro_2018-03-08_16,30,none,,adaptive_gaussian,docling_easyocr,llama,4,0,0,0,4,0.0,0.0,0.0,0,,,,,75.36887261,1
publimetro_2018-03-08_16,30,none,,adaptive_gaussian,docling_rapidocr,llama,4,0,0,0,4,0.0,0.0,0.0,0,,,,,11.4029977,1
publimetro_2018-03-08_16,30,none,,adaptive_mean,docling_easyocr,llama,4,0,0,0,4,0.0,0.0,0.0,0,,,,,68.490137016,1
publimetro_2018-03-08_16,30,none,,adaptive_mean,docling_rapidocr,llama,4,0,0,0,4,0.0,0.0,0.0,0,,,,,11.403371965,1
publimetro_2018-03-08_16,30,none,,basic,docling_easyocr,llama,4,0,0,0,4,0.0,0.0,0.0,0,,,,,78.596717626,1
publimetro_2018-03-08_16,30,none,,basic,docling_rapidocr,llama,4,0,0,0,4,0.0,0.0,0.0,0,,,,,18.657129318,1
publimetro_2018-03-08_16,30,none,,niblack,docling_easyocr,llama,4,0,0,0,4,0.0,0.0,0.0,0,,,,,67.663274744,1
publimetro_2018-03-08_16,30,none,,niblack,docling_rapidocr,llama,4,0,0,0,4,0.0,0.0,0.0,0,,,,,9.271145561,1
publimetro_2018-03-08_16,30,none,,none_color,docling_easyocr,llama,4,0,0,0,4,0.0,0.0,0.0,0,,,,,83.756712322,1
publimetro_2018-03-08_16,30,none,,none_color,docling_rapidocr,llama,4,0,0,0,4,0.0,0.0,0.0,0,,,,,19.407387142,1
publimetro_2018-03-08_16,30,none,,none_grayscale,docling_easyocr,llama,4,0,0,0,4,0.0,0.0,0.0,0,,,,,82.418730217,1
publimetro_2018-03-08_16,30,none,,none_grayscale,docling_rapidocr,llama,4,0,0,0,4,0.0,0.0,0.0,0,,,,,16.775422531,1
publimetro_2018-03-08_16,30,none,,otsu,docling_easyocr,llama,4,0,0,0,4,0.0,0.0,0.0,0,,,,,79.238127096,1
publimetro_2018-03-08_16,30,none,,otsu,docling_rapidocr,llama,4,0,0,0,4,0.0,0.0,0.0,0,,,,,12.687787397,1
publimetro_2018-03-08_16,31,none,,adaptive_gaussian,docling_easyocr,llama,4,0,0,0,4,0.0,0.0,0.0,0,,,,,76.931871816,1
publimetro_2018-03-08_16,31,none,,adaptive_gaussian,docling_rapidocr,llama,4,0,0,0,4,0.0,0.0,0.0,0,,,,,12.161885902,1
publimetro_2018-03-08_16,31,none,,adaptive_mean,docling_easyocr,llama,4,0,0,0,4,0.0,0.0,0.0,0,,,,,70.740541094,1
publimetro_2018-03-08_16,31,none,,adaptive_mean,docling_rapidocr,llama,4,0,0,0,4,0.0,0.0,0.0,0,,,,,11.358440988,1
publimetro_2018-03-08_16,31,none,,basic,docling_easyocr,llama,4,0,0,0,4,0.0,0.0,0.0,0,,,,,80.467541372,1
publimetro_2018-03-08_16,31,none,,basic,docling_rapidocr,llama,4,0,0,0,4,0.0,0.0,0.0,0,,,,,17.438346063,1
publimetro_2018-03-08_16,31,none,,niblack,docling_easyocr,llama,4,0,0,0,4,0.0,0.0,0.0,0,,,,,65.594372904,1
publimetro_2018-03-08_16,31,none,,niblack,docling_rapidocr,llama,4,0,0,0,4,0.0,0.0,0.0,0,,,,,10.215688383,1
publimetro_2018-03-08_16,31,none,,none_color,docling_easyocr,llama,4,0,0,0,4,0.0,0.0,0.0,0,,,,,82.981406936,1
publimetro_2018-03-08_16,31,none,,none_color,docling_rapidocr,llama,4,0,0,0,4,0.0,0.0,0.0,0,,,,,17.683203945,1
publimetro_2018-03-08_16,31,none,,none_grayscale,docling_easyocr,llama,4,0,0,0,4,0.0,0.0,0.0,0,,,,,83.350755058,1
publimetro_2018-03-08_16,31,none,,none_grayscale,docling_rapidocr,llama,4,0,0,0,4,0.0,0.0,0.0,0,,,,,19.043306909,1
publimetro_2018-03-08_16,31,none,,otsu,docling_easyocr,llama,4,0,0,0,4,0.0,0.0,0.0,0,,,,,81.418784845,1
publimetro_2018-03-08_16,31,none,,otsu,docling_rapidocr,llama,4,0,0,0,4,0.0,0.0,0.0,0,,,,,15.69143008,1
publimetro_2018-03-08_16,32,none,,adaptive_gaussian,docling_easyocr,llama,4,0,0,0,4,0.0,0.0,0.0,0,,,,,72.255686894,1
publimetro_2018-03-08_16,32,none,,adaptive_gaussian,docling_rapidocr,llama,4,0,0,0,4,0.0,0.0,0.0,0,,,,,11.588349,1
publimetro_2018-03-08_16,32,none,,adaptive_mean,docling_easyocr,llama,4,0,0,0,4,0.0,0.0,0.0,0,,,,,70.09803208,1
publimetro_2018-03-08_16,32,none,,adaptive_mean,docling_rapidocr,llama,4,0,0,0,4,0.0,0.0,0.0,0,,,,,11.46859821,1
publimetro_2018-03-08_16,32,none,,basic,docling_easyocr,llama,4,0,0,0,4,0.0,0.0,0.0,0,,,,,73.48178764,1
publimetro_2018-03-08_16,32,none,,basic,docling_rapidocr,llama,4,0,0,0,4,0.0,0.0,0.0,0,,,,,12.444856841,1
publimetro_2018-03-08_16,32,none,,niblack,docling_easyocr,llama,4,0,0,0,4,0.0,0.0,0.0,0,,,,,64.57448042,1
publimetro_2018-03-08_16,32,none,,niblack,docling_rapidocr,llama,4,0,0,0,4,0.0,0.0,0.0,0,,,,,11.788087969,1
publimetro_2018-03-08_16,32,none,,none_color,docling_easyocr,llama,4,0,0,0,4,0.0,0.0,0.0,0,,,,,81.014113551,1
publimetro_2018-03-08_16,32,none,,none_color,docling_rapidocr,llama,4,0,0,0,4,0.0,0.0,0.0,0,,,,,16.394738322,1
publimetro_2018-03-08_16,32,none,,none_grayscale,docling_easyocr,llama,4,0,0,0,4,0.0,0.0,0.0,0,,,,,79.819229727,1
publimetro_2018-03-08_16,32,none,,none_grayscale,docling_rapidocr,llama,4,0,0,0,4,0.0,0.0,0.0,0,,,,,16.330693608,1
publimetro_2018-03-08_16,32,none,,otsu,docling_easyocr,llama,4,0,0,0,4,0.0,0.0,0.0,0,,,,,81.018070014,1
publimetro_2018-03-08_16,32,none,,otsu,docling_rapidocr,llama,4,0,0,0,4,0.0,0.0,0.0,0,,,,,12.626146348,1
publimetro_2018-03-08_16,33,none,,adaptive_gaussian,docling_easyocr,llama,4,0,0,0,4,0.0,0.0,0.0,0,,,,,78.296473036,1
publimetro_2018-03-08_16,33,none,,adaptive_gaussian,docling_rapidocr,llama,4,0,0,0,4,0.0,0.0,0.0,0,,,,,12.623846541,1
publimetro_2018-03-08_16,33,none,,adaptive_mean,docling_easyocr,llama,4,0,0,0,4,0.0,0.0,0.0,0,,,,,72.488979775,1
publimetro_2018-03-08_16,33,none,,adaptive_mean,docling_rapidocr,llama,4,0,0,0,4,0.0,0.0,0.0,0,,,,,11.741316516,1
publimetro_2018-03-08_16,33,none,,basic,docling_easyocr,llama,4,0,0,0,4,0.0,0.0,0.0,0,,,,,84.520118952,1
publimetro_2018-03-08_16,33,none,,basic,docling_rapidocr,llama,4,0,0,0,4,0.0,0.0,0.0,0,,,,,18.756098986,1
publimetro_2018-03-08_16,33,none,,niblack,docling_easyocr,llama,4,0,0,0,4,0.0,0.0,0.0,0,,,,,66.207264372,1
publimetro_2018-03-08_16,33,none,,niblack,docling_rapidocr,llama,4,0,0,0,4,0.0,0.0,0.0,0,,,,,11.093882987,1
publimetro_2018-03-08_16,33,none,,none_color,docling_easyocr,llama,4,0,0,0,4,0.0,0.0,0.0,0,,,,,81.54070506,1
publimetro_2018-03-08_16,33,none,,none_color,docling_rapidocr,llama,4,0,0,0,4,0.0,0.0,0.0,0,,,,,18.892087077,1
publimetro_2018-03-08_16,33,none,,none_grayscale,docling_easyocr,llama,4,0,0,0,4,0.0,0.0,0.0,0,,,,,83.779281783,1
publimetro_2018-03-08_16,33,none,,none_grayscale,docling_rapidocr,llama,4,0,0,0,4,0.0,0.0,0.0,0,,,,,18.842820572,1
publimetro_2018-03-08_16,33,none,,otsu,docling_easyocr,llama,4,0,0,0,4,0.0,0.0,0.0,0,,,,,80.616929127,1
publimetro_2018-03-08_16,33,none,,otsu,docling_rapidocr,llama,4,0,0,0,4,0.0,0.0,0.0,0,,,,,15.003741337,1
publimetro_2018-03-08_16,34,none,,adaptive_gaussian,docling_easyocr,llama,4,0,0,0,4,0.0,0.0,0.0,0,,,,,78.37907392,1
publimetro_2018-03-08_16,34,none,,adaptive_gaussian,docling_rapidocr,llama,4,0,0,0,4,0.0,0.0,0.0,0,,,,,14.32332355,1
publimetro_2018-03-08_16,34,none,,adaptive_mean,docling_easyocr,llama,4,0,0,0,4,0.0,0.0,0.0,0,,,,,74.78453971,1
publimetro_2018-03-08_16,34,none,,adaptive_mean,docling_rapidocr,llama,4,0,0,0,4,0.0,0.0,0.0,0,,,,,10.32849885,1
publimetro_2018-03-08_16,34,none,,basic,docling_easyocr,llama,4,0,0,0,4,0.0,0.0,0.0,0,,,,,78.435541443,1
publimetro_2018-03-08_16,34,none,,basic,docling_rapidocr,llama,4,0,0,0,4,0.0,0.0,0.0,0,,,,,18.380796723,1
publimetro_2018-03-08_16,34,none,,niblack,docling_easyocr,llama,4,0,0,0,4,0.0,0.0,0.0,0,,,,,65.708868722,1
publimetro_2018-03-08_16,34,none,,niblack,docling_rapidocr,llama,4,0,0,0,4,0.0,0.0,0.0,0,,,,,10.822738627,1
publimetro_2018-03-08_16,34,none,,none_color,docling_easyocr,llama,4,0,0,0,4,0.0,0.0,0.0,0,,,,,81.540032843,1
publimetro_2018-03-08_16,34,none,,none_color,docling_rapidocr,llama,4,0,0,0,4,0.0,0.0,0.0,0,,,,,17.134120205,1
publimetro_2018-03-08_16,34,none,,none_grayscale,docling_easyocr,llama,4,0,0,0,4,0.0,0.0,0.0,0,,,,,81.797966294,1
publimetro_2018-03-08_16,34,none,,none_grayscale,docling_rapidocr,llama,4,0,0,0,4,0.0,0.0,0.0,0,,,,,19.50338202,1
publimetro_2018-03-08_16,34,none,,otsu,docling_easyocr,llama,4,0,0,0,4,0.0,0.0,0.0,0,,,,,82.60403629,1
publimetro_2018-03-08_16,34,none,,otsu,docling_rapidocr,llama,4,0,0,0,4,0.0,0.0,0.0,0,,,,,17.908284146,1
publimetro_2018-03-08_16,35,none,,adaptive_gaussian,docling_easyocr,llama,4,0,0,0,4,0.0,0.0,0.0,0,,,,,76.751332417,1
publimetro_2018-03-08_16,35,none,,adaptive_gaussian,docling_rapidocr,llama,4,0,0,0,4,0.0,0.0,0.0,0,,,,,13.435750857,1
publimetro_2018-03-08_16,35,none,,adaptive_mean,docling_easyocr,llama,4,0,0,0,4,0.0,0.0,0.0,0,,,,,70.897390925,1
publimetro_2018-03-08_16,35,none,,adaptive_mean,docling_rapidocr,llama,4,0,0,0,4,0.0,0.0,0.0,0,,,,,9.827537381,1
publimetro_2018-03-08_16,35,none,,basic,docling_easyocr,llama,4,0,0,0,4,0.0,0.0,0.0,0,,,,,83.227103358,1
publimetro_2018-03-08_16,35,none,,basic,docling_rapidocr,llama,4,0,0,0,4,0.0,0.0,0.0,0,,,,,16.215717917,1
publimetro_2018-03-08_16,35,none,,niblack,docling_easyocr,llama,4,0,0,0,4,0.0,0.0,0.0,0,,,,,66.754760172,1
publimetro_2018-03-08_16,35,none,,niblack,docling_rapidocr,llama,4,0,0,0,4,0.0,0.0,0.0,0,,,,,11.237308648,1
publimetro_2018-03-08_16,35,none,,none_color,docling_easyocr,llama,4,0,0,0,4,0.0,0.0,0.0,0,,,,,83.670775942,1
publimetro_2018-03-08_16,35,none,,none_color,docling_rapidocr,llama,4,0,0,0,4,0.0,0.0,0.0,0,,,,,16.533445887,1
publimetro_2018-03-08_16,35,none,,none_grayscale,docling_easyocr,llama,4,0,0,0,4,0.0,0.0,0.0,0,,,,,78.784905724,1
publimetro_2018-03-08_16,35,none,,none_grayscale,docling_rapidocr,llama,4,0,0,0,4,0.0,0.0,0.0,0,,,,,18.620974354,1
publimetro_2018-03-08_16,35,none,,otsu,docling_easyocr,llama,4,0,0,0,4,0.0,0.0,0.0,0,,,,,76.869315821,1
publimetro_2018-03-08_16,35,none,,otsu,docling_rapidocr,llama,4,0,0,0,4,0.0,0.0,0.0,0,,,,,15.084317881,1
publimetro_2018-03-08_16,36,none,,adaptive_gaussian,docling_easyocr,llama,4,0,0,0,4,0.0,0.0,0.0,0,,,,,75.954903259,1
publimetro_2018-03-08_16,36,none,,adaptive_gaussian,docling_rapidocr,llama,4,0,0,0,4,0.0,0.0,0.0,0,,,,,13.227818384,1
publimetro_2018-03-08_16,36,none,,adaptive_mean,docling_easyocr,llama,4,0,0,0,4,0.0,0.0,0.0,0,,,,,70.182039032,1
publimetro_2018-03-08_16,36,none,,adaptive_mean,docling_rapidocr,llama,4,0,0,0,4,0.0,0.0,0.0,0,,,,,11.016350517,1
publimetro_2018-03-08_16,36,none,,basic,docling_easyocr,llama,4,0,0,0,4,0.0,0.0,0.0,0,,,,,81.149817591,1
publimetro_2018-03-08_16,36,none,,basic,docling_rapidocr,llama,4,0,0,0,4,0.0,0.0,0.0,0,,,,,17.829846744,1
publimetro_2018-03-08_16,36,none,,niblack,docling_easyocr,llama,4,0,0,0,4,0.0,0.0,0.0,0,,,,,66.277671865,1
publimetro_2018-03-08_16,36,none,,niblack,docling_rapidocr,llama,4,0,0,0,4,0.0,0.0,0.0,0,,,,,10.937788776,1
publimetro_2018-03-08_16,36,none,,none_color,docling_easyocr,llama,4,0,0,0,4,0.0,0.0,0.0,0,,,,,85.507323244,1
publimetro_2018-03-08_16,36,none,,none_color,docling_rapidocr,llama,4,0,0,0,4,0.0,0.0,0.0,0,,,,,16.153893927,1
publimetro_2018-03-08_16,36,none,,none_grayscale,docling_easyocr,llama,4,0,0,0,4,0.0,0.0,0.0,0,,,,,84.359674028,1
publimetro_2018-03-08_16,36,none,,none_grayscale,docling_rapidocr,llama,4,0,0,0,4,0.0,0.0,0.0,0,,,,,19.754985384,1
publimetro_2018-03-08_16,36,none,,otsu,docling_easyocr,llama,4,0,0,0,4,0.0,0.0,0.0,0,,,,,79.20397492,1
publimetro_2018-03-08_16,36,none,,otsu,docling_rapidocr,llama,4,0,0,0,4,0.0,0.0,0.0,0,,,,,14.264915424,1
publimetro_2018-03-08_16,37,none,,adaptive_gaussian,docling_easyocr,llama,4,0,0,0,4,0.0,0.0,0.0,0,,,,,66.61360075,1
publimetro_2018-03-08_16,37,none,,adaptive_gaussian,docling_rapidocr,llama,4,0,0,0,4,0.0,0.0,0.0,0,,,,,11.207683105,1
publimetro_2018-03-08_16,37,none,,adaptive_mean,docling_easyocr,llama,4,0,0,0,4,0.0,0.0,0.0,0,,,,,66.173209085,1
publimetro_2018-03-08_16,37,none,,adaptive_mean,docling_rapidocr,llama,4,0,0,0,4,0.0,0.0,0.0,0,,,,,10.865772381,1
publimetro_2018-03-08_16,37,none,,basic,docling_easyocr,llama,4,0,0,0,4,0.0,0.0,0.0,0,,,,,84.636184225,1
publimetro_2018-03-08_16,37,none,,basic,docling_rapidocr,llama,4,0,0,0,4,0.0,0.0,0.0,0,,,,,18.226733932,1
publimetro_2018-03-08_16,37,none,,niblack,docling_easyocr,llama,4,0,0,0,4,0.0,0.0,0.0,0,,,,,65.89743951,1
publimetro_2018-03-08_16,37,none,,niblack,docling_rapidocr,llama,4,0,0,0,4,0.0,0.0,0.0,0,,,,,9.948847801,1
publimetro_2018-03-08_16,37,none,,none_color,docling_easyocr,llama,4,0,0,0,4,0.0,0.0,0.0,0,,,,,86.094305618,1
publimetro_2018-03-08_16,37,none,,none_color,docling_rapidocr,llama,4,0,0,0,4,0.0,0.0,0.0,0,,,,,19.704079016,1
publimetro_2018-03-08_16,37,none,,none_grayscale,docling_easyocr,llama,4,0,0,0,4,0.0,0.0,0.0,0,,,,,84.612243589,1
publimetro_2018-03-08_16,37,none,,none_grayscale,docling_rapidocr,llama,4,0,0,0,4,0.0,0.0,0.0,0,,,,,19.87197965,1
publimetro_2018-03-08_16,37,none,,otsu,docling_easyocr,llama,4,0,0,0,4,0.0,0.0,0.0,0,,,,,83.451970898,1
publimetro_2018-03-08_16,37,none,,otsu,docling_rapidocr,llama,4,0,0,0,4,0.0,0.0,0.0,0,,,,,17.18831142,1
publimetro_2018-03-08_16,38,none,,adaptive_gaussian,docling_easyocr,llama,4,0,0,0,4,0.0,0.0,0.0,0,,,,,74.524854441,1
publimetro_2018-03-08_16,38,none,,adaptive_gaussian,docling_rapidocr,llama,4,0,0,0,4,0.0,0.0,0.0,0,,,,,12.000102777,1
publimetro_2018-03-08_16,38,none,,adaptive_mean,docling_easyocr,llama,4,0,0,0,4,0.0,0.0,0.0,0,,,,,70.169473066,1
publimetro_2018-03-08_16,38,none,,adaptive_mean,docling_rapidocr,llama,4,0,0,0,4,0.0,0.0,0.0,0,,,,,10.958784475,1
publimetro_2018-03-08_16,38,none,,basic,docling_easyocr,llama,4,0,0,0,4,0.0,0.0,0.0,0,,,,,80.694645819,1
publimetro_2018-03-08_16,38,none,,basic,docling_rapidocr,llama,4,0,0,0,4,0.0,0.0,0.0,0,,,,,16.380281147,1
publimetro_2018-03-08_16,38,none,,niblack,docling_easyocr,llama,4,0,0,0,4,0.0,0.0,0.0,0,,,,,65.948138744,1
publimetro_2018-03-08_16,38,none,,niblack,docling_rapidocr,llama,4,0,0,0,4,0.0,0.0,0.0,0,,,,,10.145883352,1
publimetro_2018-03-08_16,38,none,,none_color,docling_easyocr,llama,4,0,0,0,4,0.0,0.0,0.0,0,,,,,85.07828532,1
publimetro_2018-03-08_16,38,none,,none_color,docling_rapidocr,llama,4,0,0,0,4,0.0,0.0,0.0,0,,,,,18.87832342,1
publimetro_2018-03-08_16,38,none,,none_grayscale,docling_easyocr,llama,4,0,0,0,4,0.0,0.0,0.0,0,,,,,80.122557505,1
publimetro_2018-03-08_16,38,none,,none_grayscale,docling_rapidocr,llama,4,0,0,0,4,0.0,0.0,0.0,0,,,,,18.824638708,1
publimetro_2018-03-08_16,38,none,,otsu,docling_easyocr,llama,4,0,0,0,4,0.0,0.0,0.0,0,,,,,78.938918362,1
publimetro_2018-03-08_16,38,none,,otsu,docling_rapidocr,llama,4,0,0,0,4,0.0,0.0,0.0,0,,,,,14.044626245,1
publimetro_2018-03-08_16,39,none,,adaptive_gaussian,docling_easyocr,llama,4,0,0,0,4,0.0,0.0,0.0,0,,,,,112.579178551,1
publimetro_2018-03-08_16,39,none,,adaptive_gaussian,docling_rapidocr,llama,4,0,0,0,4,0.0,0.0,0.0,0,,,,,44.19836376,1
publimetro_2018-03-08_16,39,none,,adaptive_mean,docling_easyocr,llama,4,0,0,0,4,0.0,0.0,0.0,0,,,,,106.767431498,1
publimetro_2018-03-08_16,39,none,,adaptive_mean,docling_rapidocr,llama,4,0,0,0,4,0.0,0.0,0.0,0,,,,,44.381767511,1
publimetro_2018-03-08_16,39,none,,basic,docling_easyocr,llama,4,0,0,0,4,0.0,0.0,0.0,0,,,,,111.907881063,1
publimetro_2018-03-08_16,39,none,,basic,docling_rapidocr,llama,4,0,0,0,4,0.0,0.0,0.0,0,,,,,50.190418047,1
publimetro_2018-03-08_16,39,none,,niblack,docling_easyocr,llama,4,0,0,0,4,0.0,0.0,0.0,0,,,,,96.115768495,1
publimetro_2018-03-08_16,39,none,,niblack,docling_rapidocr,llama,4,0,0,0,4,0.0,0.0,0.0,0,,,,,41.645048681,1
publimetro_2018-03-08_16,39,none,,none_color,docling_easyocr,llama,4,0,0,0,4,0.0,0.0,0.0,0,,,,,111.15567848,1
publimetro_2018-03-08_16,39,none,,none_color,docling_rapidocr,llama,4,0,0,0,4,0.0,0.0,0.0,0,,,,,49.247645824,1
publimetro_2018-03-08_16,39,none,,none_grayscale,docling_easyocr,llama,4,0,0,0,4,0.0,0.0,0.0,0,,,,,111.160843891,1
publimetro_2018-03-08_16,39,none,,none_grayscale,docling_rapidocr,llama,4,0,0,0,4,0.0,0.0,0.0,0,,,,,50.04164533,1
publimetro_2018-03-08_16,39,none,,otsu,docling_easyocr,llama,4,0,0,0,4,0.0,0.0,0.0,0,,,,,112.127667137,1
publimetro_2018-03-08_16,39,none,,otsu,docling_rapidocr,llama,4,0,0,0,4,0.0,0.0,0.0,0,,,,,46.310109802,1
publimetro_2018-03-08_16,40,none,,adaptive_gaussian,docling_easyocr,llama,4,0,0,0,4,0.0,0.0,0.0,0,,,,,103.485351721,1
publimetro_2018-03-08_16,40,none,,adaptive_gaussian,docling_rapidocr,llama,4,0,0,0,4,0.0,0.0,0.0,0,,,,,40.100797812,1
publimetro_2018-03-08_16,40,none,,adaptive_mean,docling_easyocr,llama,4,0,0,0,4,0.0,0.0,0.0,0,,,,,104.552481043,1
publimetro_2018-03-08_16,40,none,,adaptive_mean,docling_rapidocr,llama,4,0,0,0,4,0.0,0.0,0.0,0,,,,,42.941095698,1
publimetro_2018-03-08_16,40,none,,basic,docling_easyocr,llama,4,0,0,0,4,0.0,0.0,0.0,0,,,,,108.334221989,1
publimetro_2018-03-08_16,40,none,,basic,docling_rapidocr,llama,4,0,0,0,4,0.0,0.0,0.0,0,,,,,50.303456217,1
publimetro_2018-03-08_16,40,none,,niblack,docling_easyocr,llama,4,0,0,0,4,0.0,0.0,0.0,0,,,,,93.9669688,1
publimetro_2018-03-08_16,40,none,,niblack,docling_rapidocr,llama,4,0,0,0,4,0.0,0.0,0.0,0,,,,,41.00201204,1
publimetro_2018-03-08_16,40,none,,none_color,docling_easyocr,llama,4,0,0,0,4,0.0,0.0,0.0,0,,,,,110.487237219,1
publimetro_2018-03-08_16,40,none,,none_color,docling_rapidocr,llama,4,0,0,0,4,0.0,0.0,0.0,0,,,,,47.577220206,1
publimetro_2018-03-08_16,40,none,,none_grayscale,docling_easyocr,llama,4,0,0,0,4,0.0,0.0,0.0,0,,,,,109.452769118,1
publimetro_2018-03-08_16,40,none,,none_grayscale,docling_rapidocr,llama,4,0,0,0,4,0.0,0.0,0.0,0,,,,,50.0624543,1
publimetro_2018-03-08_16,40,none,,otsu,docling_easyocr,llama,4,0,0,0,4,0.0,0.0,0.0,0,,,,,111.978906376,1
publimetro_2018-03-08_16,40,none,,otsu,docling_rapidocr,llama,4,0,0,0,4,0.0,0.0,0.0,0,,,,,49.947828515,1
publimetro_2018-03-08_16,41,none,,adaptive_gaussian,docling_easyocr,llama,4,0,0,0,4,0.0,0.0,0.0,0,,,,,110.362469889,1
publimetro_2018-03-08_16,41,none,,adaptive_gaussian,docling_rapidocr,llama,4,0,0,0,4,0.0,0.0,0.0,0,,,,,43.089209296,1
publimetro_2018-03-08_16,41,none,,adaptive_mean,docling_easyocr,llama,4,0,0,0,4,0.0,0.0,0.0,0,,,,,108.146276711,1
publimetro_2018-03-08_16,41,none,,adaptive_mean,docling_rapidocr,llama,4,0,0,0,4,0.0,0.0,0.0,0,,,,,43.162579535,1
publimetro_2018-03-08_16,41,none,,basic,docling_easyocr,llama,4,0,0,0,4,0.0,0.0,0.0,0,,,,,114.499451439,1
publimetro_2018-03-08_16,41,none,,basic,docling_rapidocr,llama,4,0,0,0,4,0.0,0.0,0.0,0,,,,,50.10137419,1
publimetro_2018-03-08_16,41,none,,niblack,docling_easyocr,llama,4,0,0,0,4,0.0,0.0,0.0,0,,,,,96.139200106,1
publimetro_2018-03-08_16,41,none,,niblack,docling_rapidocr,llama,4,0,0,0,4,0.0,0.0,0.0,0,,,,,40.178961888,1
publimetro_2018-03-08_16,41,none,,none_color,docling_easyocr,llama,4,0,0,0,4,0.0,0.0,0.0,0,,,,,112.42900273,1
publimetro_2018-03-08_16,41,none,,none_color,docling_rapidocr,llama,4,0,0,0,4,0.0,0.0,0.0,0,,,,,49.914391009,1
publimetro_2018-03-08_16,41,none,,none_grayscale,docling_easyocr,llama,4,0,0,0,4,0.0,0.0,0.0,0,,,,,113.052785126,1
publimetro_2018-03-08_16,41,none,,none_grayscale,docling_rapidocr,llama,4,0,0,0,4,0.0,0.0,0.0,0,,,,,48.389295546,1
publimetro_2018-03-08_16,41,none,,otsu,docling_easyocr,llama,4,0,0,0,4,0.0,0.0,0.0,0,,,,,112.277890318,1
publimetro_2018-03-08_16,41,none,,otsu,docling_rapidocr,llama,4,0,0,0,4,0.0,0.0,0.0,0,,,,,48.599709862,1
publimetro_2018-03-08_16,42,none,,adaptive_gaussian,docling_easyocr,llama,4,0,0,0,4,0.0,0.0,0.0,0,,,,,68.614804091,1
publimetro_2018-03-08_16,42,none,,adaptive_gaussian,docling_rapidocr,llama,4,0,0,0,4,0.0,0.0,0.0,0,,,,,10.711518111,1
publimetro_2018-03-08_16,42,none,,adaptive_mean,docling_easyocr,llama,4,0,0,0,4,0.0,0.0,0.0,0,,,,,67.6418156,1
publimetro_2018-03-08_16,42,none,,adaptive_mean,docling_rapidocr,llama,4,0,0,0,4,0.0,0.0,0.0,0,,,,,11.738119301,1
publimetro_2018-03-08_16,42,none,,basic,docling_easyocr,llama,4,0,0,0,4,0.0,0.0,0.0,0,,,,,82.922600964,1
publimetro_2018-03-08_16,42,none,,basic,docling_rapidocr,llama,4,0,0,0,4,0.0,0.0,0.0,0,,,,,17.884371737,1
publimetro_2018-03-08_16,42,none,,niblack,docling_easyocr,llama,4,0,0,0,4,0.0,0.0,0.0,0,,,,,65.047219609,1
publimetro_2018-03-08_16,42,none,,niblack,docling_rapidocr,llama,4,0,0,0,4,0.0,0.0,0.0,0,,,,,11.495216702,1
publimetro_2018-03-08_16,42,none,,none_color,docling_easyocr,llama,4,0,0,0,4,0.0,0.0,0.0,0,,,,,79.376940873,1
publimetro_2018-03-08_16,42,none,,none_color,docling_rapidocr,llama,4,0,0,0,4,0.0,0.0,0.0,0,,,,,19.241343405,1
publimetro_2018-03-08_16,42,none,,none_grayscale,docling_easyocr,llama,4,0,0,0,4,0.0,0.0,0.0,0,,,,,83.321184853,1
publimetro_2018-03-08_16,42,none,,none_grayscale,docling_rapidocr,llama,4,0,0,0,4,0.0,0.0,0.0,0,,,,,19.561394671,1
publimetro_2018-03-08_16,42,none,,otsu,docling_easyocr,llama,4,0,0,0,4,0.0,0.0,0.0,0,,,,,84.307411318,1
publimetro_2018-03-08_16,42,none,,otsu,docling_rapidocr,llama,4,0,0,0,4,0.0,0.0,0.0,0,,,,,15.349007969,1
publimetro_2018-03-08_16,43,none,,adaptive_gaussian,docling_easyocr,llama,4,0,0,0,4,0.0,0.0,0.0,0,,,,,68.907329434,1
publimetro_2018-03-08_16,43,none,,adaptive_gaussian,docling_rapidocr,llama,4,0,0,0,4,0.0,0.0,0.0,0,,,,,11.540206545,1
publimetro_2018-03-08_16,43,none,,adaptive_mean,docling_easyocr,llama,4,0,0,0,4,0.0,0.0,0.0,0,,,,,66.170839133,1
publimetro_2018-03-08_16,43,none,,adaptive_mean,docling_rapidocr,llama,4,0,0,0,4,0.0,0.0,0.0,0,,,,,11.927089514,1
publimetro_2018-03-08_16,43,none,,basic,docling_easyocr,llama,4,0,0,0,4,0.0,0.0,0.0,0,,,,,83.706158265,1
publimetro_2018-03-08_16,43,none,,basic,docling_rapidocr,llama,4,0,0,0,4,0.0,0.0,0.0,0,,,,,12.152686699,1
publimetro_2018-03-08_16,43,none,,niblack,docling_easyocr,llama,4,0,0,0,4,0.0,0.0,0.0,0,,,,,66.390541108,1
publimetro_2018-03-08_16,43,none,,niblack,docling_rapidocr,llama,4,0,0,0,4,0.0,0.0,0.0,0,,,,,11.676206143,1
publimetro_2018-03-08_16,43,none,,none_color,docling_easyocr,llama,4,0,0,0,4,0.0,0.0,0.0,0,,,,,85.378921706,1
publimetro_2018-03-08_16,43,none,,none_color,docling_rapidocr,llama,4,0,0,0,4,0.0,0.0,0.0,0,,,,,16.315052945,1
publimetro_2018-03-08_16,43,none,,none_grayscale,docling_easyocr,llama,4,0,0,0,4,0.0,0.0,0.0,0,,,,,85.34916404,1
publimetro_2018-03-08_16,43,none,,none_grayscale,docling_rapidocr,llama,4,0,0,0,4,0.0,0.0,0.0,0,,,,,18.759514124,1
publimetro_2018-03-08_16,43,none,,otsu,docling_easyocr,llama,4,0,0,0,4,0.0,0.0,0.0,0,,,,,79.816565928,1
publimetro_2018-03-08_16,43,none,,otsu,docling_rapidocr,llama,4,0,0,0,4,0.0,0.0,0.0,0,,,,,11.730130848,1
publimetro_2018-03-08_16,44,none,,adaptive_gaussian,docling_easyocr,llama,4,0,0,0,4,0.0,0.0,0.0,0,,,,,68.210153123,1
publimetro_2018-03-08_16,44,none,,adaptive_gaussian,docling_rapidocr,llama,4,0,0,0,4,0.0,0.0,0.0,0,,,,,11.095269223,1
publimetro_2018-03-08_16,44,none,,adaptive_mean,docling_easyocr,llama,4,0,0,0,4,0.0,0.0,0.0,0,,,,,71.366642278,1
publimetro_2018-03-08_16,44,none,,adaptive_mean,docling_rapidocr,llama,4,0,0,0,4,0.0,0.0,0.0,0,,,,,11.161343377,1
publimetro_2018-03-08_16,44,none,,basic,docling_easyocr,llama,4,0,0,0,4,0.0,0.0,0.0,0,,,,,82.401669347,1
publimetro_2018-03-08_16,44,none,,basic,docling_rapidocr,llama,4,0,0,0,4,0.0,0.0,0.0,0,,,,,14.827733599,1
publimetro_2018-03-08_16,44,none,,niblack,docling_easyocr,llama,4,0,0,0,4,0.0,0.0,0.0,0,,,,,65.355897675,1
publimetro_2018-03-08_16,44,none,,niblack,docling_rapidocr,llama,4,0,0,0,4,0.0,0.0,0.0,0,,,,,9.71224309,1
publimetro_2018-03-08_16,44,none,,none_color,docling_easyocr,llama,4,0,0,0,4,0.0,0.0,0.0,0,,,,,79.672461282,1
publimetro_2018-03-08_16,44,none,,none_color,docling_rapidocr,llama,4,0,0,0,4,0.0,0.0,0.0,0,,,,,19.460855971,1
publimetro_2018-03-08_16,44,none,,none_grayscale,docling_easyocr,llama,4,0,0,0,4,0.0,0.0,0.0,0,,,,,83.171883355,1
publimetro_2018-03-08_16,44,none,,none_grayscale,docling_rapidocr,llama,4,0,0,0,4,0.0,0.0,0.0,0,,,,,19.583677064,1
publimetro_2018-03-08_16,44,none,,otsu,docling_easyocr,llama,4,0,0,0,4,0.0,0.0,0.0,0,,,,,84.560463345,1
publimetro_2018-03-08_16,44,none,,otsu,docling_rapidocr,llama,4,0,0,0,4,0.0,0.0,0.0,0,,,,,18.166028655,1
publimetro_2018-03-08_16,45,none,,adaptive_gaussian,docling_easyocr,llama,4,0,0,0,4,0.0,0.0,0.0,0,,,,,65.676979255,1
publimetro_2018-03-08_16,45,none,,adaptive_gaussian,docling_rapidocr,llama,4,0,0,0,4,0.0,0.0,0.0,0,,,,,12.020421218,1
publimetro_2018-03-08_16,45,none,,adaptive_mean,docling_easyocr,llama,4,0,0,0,4,0.0,0.0,0.0,0,,,,,65.27660224,1
publimetro_2018-03-08_16,45,none,,adaptive_mean,docling_rapidocr,llama,4,0,0,0,4,0.0,0.0,0.0,0,,,,,12.023201676,1
publimetro_2018-03-08_16,45,none,,basic,docling_easyocr,llama,4,0,0,0,4,0.0,0.0,0.0,0,,,,,62.707101121,1
publimetro_2018-03-08_16,45,none,,basic,docling_rapidocr,llama,4,0,0,0,4,0.0,0.0,0.0,0,,,,,11.640481725,1
publimetro_2018-03-08_16,45,none,,none_color,docling_easyocr,llama,4,0,0,0,4,0.0,0.0,0.0,0,,,,,65.400357903,1
publimetro_2018-03-08_16,45,none,,none_grayscale,docling_easyocr,llama,4,0,0,0,4,0.0,0.0,0.0,0,,,,,67.722661437,1
publimetro_2018-03-08_16,45,none,,otsu,docling_easyocr,llama,4,0,0,0,4,0.0,0.0,0.0,0,,,,,65.972684232,1
publimetro_2018-03-08_16,45,none,,otsu,docling_rapidocr,llama,4,0,0,0,4,0.0,0.0,0.0,0,,,,,10.691992608,1
publimetro_2018-03-08_16,45,none,,yannihorne,docling_easyocr,llama,4,0,0,0,4,0.0,0.0,0.0,0,,,,,66.358373252,1
publimetro_2018-03-08_16,45,none,,yannihorne,docling_rapidocr,llama,4,0,0,0,4,0.0,0.0,0.0,0,,,,,11.834650365,1
publimetro_2018-03-08_16,46,none,,adaptive_gaussian,docling_easyocr,llama,4,0,0,0,4,0.0,0.0,0.0,0,,,,,65.974457578,1
publimetro_2018-03-08_16,46,none,,adaptive_gaussian,docling_rapidocr,llama,4,0,0,0,4,0.0,0.0,0.0,0,,,,,10.21001418,1
publimetro_2018-03-08_16,46,none,,adaptive_mean,docling_easyocr,llama,4,0,0,0,4,0.0,0.0,0.0,0,,,,,66.327997542,1
publimetro_2018-03-08_16,46,none,,adaptive_mean,docling_rapidocr,llama,4,0,0,0,4,0.0,0.0,0.0,0,,,,,11.454564191,1
publimetro_2018-03-08_16,46,none,,basic,docling_easyocr,llama,4,0,0,0,4,0.0,0.0,0.0,0,,,,,66.065995354,1
publimetro_2018-03-08_16,46,none,,basic,docling_rapidocr,llama,4,0,0,0,4,0.0,0.0,0.0,0,,,,,11.392580886,1
publimetro_2018-03-08_16,46,none,,niblack,docling_easyocr,llama,4,0,0,0,4,0.0,0.0,0.0,0,,,,,66.548173276,1
publimetro_2018-03-08_16,46,none,,none_color,docling_easyocr,llama,4,0,0,0,4,0.0,0.0,0.0,0,,,,,67.701820439,1
publimetro_2018-03-08_16,46,none,,none_grayscale,docling_easyocr,llama,4,0,0,0,4,0.0,0.0,0.0,0,,,,,65.322482175,1
publimetro_2018-03-08_16,46,none,,otsu,docling_easyocr,llama,4,0,0,0,4,0.0,0.0,0.0,0,,,,,65.910582038,1
publimetro_2018-03-08_16,46,none,,otsu,docling_rapidocr,llama,4,0,0,0,4,0.0,0.0,0.0,0,,,,,11.771114083,1
publimetro_2018-03-08_16,46,none,,yannihorne,docling_easyocr,llama,4,0,0,0,4,0.0,0.0,0.0,0,,,,,68.651678534,1
publimetro_2018-03-08_16,46,none,,yannihorne,docling_rapidocr,llama,4,0,0,0,4,0.0,0.0,0.0,0,,,,,13.219869347,1
publimetro_2018-03-08_16,47,none,,adaptive_gaussian,docling_easyocr,llama,4,0,0,0,4,0.0,0.0,0.0,0,,,,,66.332489379,1
publimetro_2018-03-08_16,47,none,,adaptive_gaussian,docling_rapidocr,llama,4,0,0,0,4,0.0,0.0,0.0,0,,,,,11.774462111,1
publimetro_2018-03-08_16,47,none,,adaptive_mean,docling_easyocr,llama,4,0,0,0,4,0.0,0.0,0.0,0,,,,,63.239060073,1
publimetro_2018-03-08_16,47,none,,adaptive_mean,docling_rapidocr,llama,4,0,0,0,4,0.0,0.0,0.0,0,,,,,12.182657151,1
publimetro_2018-03-08_16,47,none,,basic,docling_easyocr,llama,4,0,0,0,4,0.0,0.0,0.0,0,,,,,62.898792456,1
publimetro_2018-03-08_16,47,none,,basic,docling_rapidocr,llama,4,0,0,0,4,0.0,0.0,0.0,0,,,,,11.653333854,1
publimetro_2018-03-08_16,47,none,,none_color,docling_easyocr,llama,4,0,0,0,4,0.0,0.0,0.0,0,,,,,68.671215413,1
publimetro_2018-03-08_16,47,none,,none_grayscale,docling_easyocr,llama,4,0,0,0,4,0.0,0.0,0.0,0,,,,,67.674983857,1
publimetro_2018-03-08_16,47,none,,otsu,docling_easyocr,llama,4,0,0,0,4,0.0,0.0,0.0,0,,,,,65.941780591,1
publimetro_2018-03-08_16,47,none,,otsu,docling_rapidocr,llama,4,0,0,0,4,0.0,0.0,0.0,0,,,,,11.601467633,1
publimetro_2018-03-08_16,47,none,,yannihorne,docling_easyocr,llama,4,0,0,0,4,0.0,0.0,0.0,0,,,,,66.734584594,1
publimetro_2018-03-08_16,47,none,,yannihorne,docling_rapidocr,llama,4,0,0,0,4,0.0,0.0,0.0,0,,,,,11.843272948,1
publimetro_2018-03-08_16,48,none,,adaptive_gaussian,docling_easyocr,llama,4,0,0,0,4,0.0,0.0,0.0,0,,,,,156.816179539,1
publimetro_2018-03-08_16,48,none,,adaptive_gaussian,docling_rapidocr,llama,4,0,0,0,4,0.0,0.0,0.0,0,,,,,95.690172698,1
publimetro_2018-03-08_16,48,none,,adaptive_mean,docling_easyocr,llama,4,0,0,0,4,0.0,0.0,0.0,0,,,,,150.754364464,1
publimetro_2018-03-08_16,48,none,,adaptive_mean,docling_rapidocr,llama,4,0,0,0,4,0.0,0.0,0.0,0,,,,,95.281295989,1
publimetro_2018-03-08_16,48,none,,basic,docling_easyocr,llama,4,0,0,0,4,0.0,0.0,0.0,0,,,,,167.826082007,1
publimetro_2018-03-08_16,48,none,,basic,docling_rapidocr,llama,4,0,0,0,4,0.0,0.0,0.0,0,,,,,100.024712101,1
publimetro_2018-03-08_16,48,none,,niblack,docling_easyocr,llama,4,0,0,0,4,0.0,0.0,0.0,0,,,,,150.050019612,1
publimetro_2018-03-08_16,48,none,,niblack,docling_rapidocr,llama,4,0,0,0,4,0.0,0.0,0.0,0,,,,,95.153601517,1
publimetro_2018-03-08_16,48,none,,none_color,docling_easyocr,llama,4,0,0,0,4,0.0,0.0,0.0,0,,,,,168.136074486,1
publimetro_2018-03-08_16,48,none,,none_color,docling_rapidocr,llama,4,0,0,0,4,0.0,0.0,0.0,0,,,,,103.778438273,1
publimetro_2018-03-08_16,48,none,,none_grayscale,docling_easyocr,llama,4,0,0,0,4,0.0,0.0,0.0,0,,,,,163.771874371,1
publimetro_2018-03-08_16,48,none,,none_grayscale,docling_rapidocr,llama,4,0,0,0,4,0.0,0.0,0.0,0,,,,,101.861358586,1
publimetro_2018-03-08_16,48,none,,otsu,docling_easyocr,llama,4,0,0,0,4,0.0,0.0,0.0,0,,,,,166.475216715,1
publimetro_2018-03-08_16,48,none,,otsu,docling_rapidocr,llama,4,0,0,0,4,0.0,0.0,0.0,0,,,,,100.110720246,1
publimetro_2018-03-08_16,49,none,,adaptive_gaussian,docling_easyocr,llama,4,0,0,0,4,0.0,0.0,0.0,0,,,,,153.137580323,1
publimetro_2018-03-08_16,49,none,,adaptive_gaussian,docling_rapidocr,llama,4,0,0,0,4,0.0,0.0,0.0,0,,,,,95.70018785,1
publimetro_2018-03-08_16,49,none,,adaptive_mean,docling_easyocr,llama,4,0,0,0,4,0.0,0.0,0.0,0,,,,,148.992575522,1
publimetro_2018-03-08_16,49,none,,adaptive_mean,docling_rapidocr,llama,4,0,0,0,4,0.0,0.0,0.0,0,,,,,93.879137869,1
publimetro_2018-03-08_16,49,none,,basic,docling_easyocr,llama,4,0,0,0,4,0.0,0.0,0.0,0,,,,,169.977515854,1
publimetro_2018-03-08_16,49,none,,basic,docling_rapidocr,llama,4,0,0,0,4,0.0,0.0,0.0,0,,,,,102.739296832,1
publimetro_2018-03-08_16,49,none,,niblack,docling_easyocr,llama,4,0,0,0,4,0.0,0.0,0.0,0,,,,,151.057581551,1
publimetro_2018-03-08_16,49,none,,niblack,docling_rapidocr,llama,4,0,0,0,4,0.0,0.0,0.0,0,,,,,94.759122975,1
publimetro_2018-03-08_16,49,none,,none_color,docling_easyocr,llama,4,0,0,0,4,0.0,0.0,0.0,0,,,,,167.571924771,1
publimetro_2018-03-08_16,49,none,,none_color,docling_rapidocr,llama,4,0,0,0,4,0.0,0.0,0.0,0,,,,,104.085844363,1
publimetro_2018-03-08_16,49,none,,none_grayscale,docling_easyocr,llama,4,0,0,0,4,0.0,0.0,0.0,0,,,,,171.248048152,1
publimetro_2018-03-08_16,49,none,,none_grayscale,docling_rapidocr,llama,4,0,0,0,4,0.0,0.0,0.0,0,,,,,102.448273028,1
publimetro_2018-03-08_16,49,none,,otsu,docling_easyocr,llama,4,0,0,0,4,0.0,0.0,0.0,0,,,,,168.83857297,1
publimetro_2018-03-08_16,49,none,,otsu,docling_rapidocr,llama,4,0,0,0,4,0.0,0.0,0.0,0,,,,,99.946266642,1
publimetro_2018-03-08_16,50,none,,adaptive_gaussian,docling_easyocr,llama,4,0,0,0,4,0.0,0.0,0.0,0,,,,,154.601684922,1
publimetro_2018-03-08_16,50,none,,adaptive_gaussian,docling_rapidocr,llama,4,0,0,0,4,0.0,0.0,0.0,0,,,,,95.677860373,1
publimetro_2018-03-08_16,50,none,,adaptive_mean,docling_easyocr,llama,4,0,0,0,4,0.0,0.0,0.0,0,,,,,149.359806599,1
publimetro_2018-03-08_16,50,none,,adaptive_mean,docling_rapidocr,llama,4,0,0,0,4,0.0,0.0,0.0,0,,,,,95.769732775,1
publimetro_2018-03-08_16,50,none,,basic,docling_easyocr,llama,4,0,0,0,4,0.0,0.0,0.0,0,,,,,164.938918217,1
publimetro_2018-03-08_16,50,none,,basic,docling_rapidocr,llama,4,0,0,0,4,0.0,0.0,0.0,0,,,,,100.480868205,1
publimetro_2018-03-08_16,50,none,,niblack,docling_easyocr,llama,4,0,0,0,4,0.0,0.0,0.0,0,,,,,151.222803313,1
publimetro_2018-03-08_16,50,none,,niblack,docling_rapidocr,llama,4,0,0,0,4,0.0,0.0,0.0,0,,,,,95.613788325,1
publimetro_2018-03-08_16,50,none,,none_color,docling_easyocr,llama,4,0,0,0,4,0.0,0.0,0.0,0,,,,,168.132602246,1
publimetro_2018-03-08_16,50,none,,none_color,docling_rapidocr,llama,4,0,0,0,4,0.0,0.0,0.0,0,,,,,104.854112656,1
publimetro_2018-03-08_16,50,none,,none_grayscale,docling_easyocr,llama,4,0,0,0,4,0.0,0.0,0.0,0,,,,,170.556538374,1
publimetro_2018-03-08_16,50,none,,none_grayscale,docling_rapidocr,llama,4,0,0,0,4,0.0,0.0,0.0,0,,,,,102.477805645,1
publimetro_2018-03-08_16,50,none,,otsu,docling_easyocr,llama,4,0,0,0,4,0.0,0.0,0.0,0,,,,,166.743946013,1
publimetro_2018-03-08_16,50,none,,otsu,docling_rapidocr,llama,4,0,0,0,4,0.0,0.0,0.0,0,,,,,99.965680298,1
publimetro_2018-03-08_16,51,none,,adaptive_gaussian,docling_easyocr,llama,4,0,0,0,4,0.0,0.0,0.0,0,,,,,71.761687768,1
publimetro_2018-03-08_16,51,none,,adaptive_gaussian,docling_rapidocr,llama,4,0,0,0,4,0.0,0.0,0.0,0,,,,,10.798785937,1
publimetro_2018-03-08_16,51,none,,adaptive_mean,docling_easyocr,llama,4,0,0,0,4,0.0,0.0,0.0,0,,,,,76.665301926,1
publimetro_2018-03-08_16,51,none,,adaptive_mean,docling_rapidocr,llama,4,0,0,0,4,0.0,0.0,0.0,0,,,,,12.165434248,1
publimetro_2018-03-08_16,51,none,,basic,docling_easyocr,llama,4,0,0,0,4,0.0,0.0,0.0,0,,,,,81.781494309,1
publimetro_2018-03-08_16,51,none,,basic,docling_rapidocr,llama,4,0,0,0,4,0.0,0.0,0.0,0,,,,,16.661365201,1
publimetro_2018-03-08_16,51,none,,niblack,docling_easyocr,llama,4,0,0,0,4,0.0,0.0,0.0,0,,,,,65.066165087,1
publimetro_2018-03-08_16,51,none,,niblack,docling_rapidocr,llama,4,0,0,0,4,0.0,0.0,0.0,0,,,,,11.040780661,1
publimetro_2018-03-08_16,51,none,,none_color,docling_easyocr,llama,4,0,0,0,4,0.0,0.0,0.0,0,,,,,80.686507559,1
publimetro_2018-03-08_16,51,none,,none_color,docling_rapidocr,llama,4,0,0,0,4,0.0,0.0,0.0,0,,,,,19.822463131,1
publimetro_2018-03-08_16,51,none,,none_grayscale,docling_easyocr,llama,4,0,0,0,4,0.0,0.0,0.0,0,,,,,80.764214114,1
publimetro_2018-03-08_16,51,none,,none_grayscale,docling_rapidocr,llama,4,0,0,0,4,0.0,0.0,0.0,0,,,,,17.689606503,1
publimetro_2018-03-08_16,51,none,,otsu,docling_easyocr,llama,4,0,0,0,4,0.0,0.0,0.0,0,,,,,82.060020999,1
publimetro_2018-03-08_16,51,none,,otsu,docling_rapidocr,llama,4,0,0,0,4,0.0,0.0,0.0,0,,,,,19.891867474,1
publimetro_2018-03-08_16,52,none,,adaptive_gaussian,docling_easyocr,llama,4,0,0,0,4,0.0,0.0,0.0,0,,,,,70.561246505,1
publimetro_2018-03-08_16,52,none,,adaptive_gaussian,docling_rapidocr,llama,4,0,0,0,4,0.0,0.0,0.0,0,,,,,11.880197397,1
publimetro_2018-03-08_16,52,none,,adaptive_mean,docling_easyocr,llama,4,0,0,0,4,0.0,0.0,0.0,0,,,,,67.688423143,1
publimetro_2018-03-08_16,52,none,,adaptive_mean,docling_rapidocr,llama,4,0,0,0,4,0.0,0.0,0.0,0,,,,,10.905308948,1
publimetro_2018-03-08_16,52,none,,basic,docling_easyocr,llama,4,0,0,0,4,0.0,0.0,0.0,0,,,,,82.032960516,1
publimetro_2018-03-08_16,52,none,,basic,docling_rapidocr,llama,4,0,0,0,4,0.0,0.0,0.0,0,,,,,20.06719051,1
publimetro_2018-03-08_16,52,none,,niblack,docling_easyocr,llama,4,0,0,0,4,0.0,0.0,0.0,0,,,,,65.536691767,1
publimetro_2018-03-08_16,52,none,,niblack,docling_rapidocr,llama,4,0,0,0,4,0.0,0.0,0.0,0,,,,,9.330533605,1
publimetro_2018-03-08_16,52,none,,none_color,docling_easyocr,llama,4,0,0,0,4,0.0,0.0,0.0,0,,,,,81.353883461,1
publimetro_2018-03-08_16,52,none,,none_color,docling_rapidocr,llama,4,0,0,0,4,0.0,0.0,0.0,0,,,,,19.488100723,1
publimetro_2018-03-08_16,52,none,,none_grayscale,docling_easyocr,llama,4,0,0,0,4,0.0,0.0,0.0,0,,,,,76.892203598,1
publimetro_2018-03-08_16,52,none,,none_grayscale,docling_rapidocr,llama,4,0,0,0,4,0.0,0.0,0.0,0,,,,,19.842164545,1
publimetro_2018-03-08_16,52,none,,otsu,docling_easyocr,llama,4,0,0,0,4,0.0,0.0,0.0,0,,,,,80.36944049,1
publimetro_2018-03-08_16,52,none,,otsu,docling_rapidocr,llama,4,0,0,0,4,0.0,0.0,0.0,0,,,,,19.51733082,1
publimetro_2018-03-08_16,53,none,,adaptive_gaussian,docling_easyocr,llama,4,0,0,0,4,0.0,0.0,0.0,0,,,,,72.031085768,1
publimetro_2018-03-08_16,53,none,,adaptive_gaussian,docling_rapidocr,llama,4,0,0,0,4,0.0,0.0,0.0,0,,,,,11.338419475,1
publimetro_2018-03-08_16,53,none,,adaptive_mean,docling_easyocr,llama,4,0,0,0,4,0.0,0.0,0.0,0,,,,,76.261857807,1
publimetro_2018-03-08_16,53,none,,adaptive_mean,docling_rapidocr,llama,4,0,0,0,4,0.0,0.0,0.0,0,,,,,13.27636367,1
publimetro_2018-03-08_16,53,none,,basic,docling_easyocr,llama,4,0,0,0,4,0.0,0.0,0.0,0,,,,,83.226783615,1
publimetro_2018-03-08_16,53,none,,basic,docling_rapidocr,llama,4,0,0,0,4,0.0,0.0,0.0,0,,,,,19.360952001,1
publimetro_2018-03-08_16,53,none,,niblack,docling_easyocr,llama,4,0,0,0,4,0.0,0.0,0.0,0,,,,,66.218943126,1
publimetro_2018-03-08_16,53,none,,niblack,docling_rapidocr,llama,4,0,0,0,4,0.0,0.0,0.0,0,,,,,10.026301868,1
publimetro_2018-03-08_16,53,none,,none_color,docling_easyocr,llama,4,0,0,0,4,0.0,0.0,0.0,0,,,,,82.09904347,1
publimetro_2018-03-08_16,53,none,,none_color,docling_rapidocr,llama,4,0,0,0,4,0.0,0.0,0.0,0,,,,,19.819690328,1
publimetro_2018-03-08_16,53,none,,none_grayscale,docling_easyocr,llama,4,0,0,0,4,0.0,0.0,0.0,0,,,,,83.35940793,1
publimetro_2018-03-08_16,53,none,,none_grayscale,docling_rapidocr,llama,4,0,0,0,4,0.0,0.0,0.0,0,,,,,20.013277559,1
publimetro_2018-03-08_16,53,none,,otsu,docling_easyocr,llama,4,0,0,0,4,0.0,0.0,0.0,0,,,,,81.713890487,1
publimetro_2018-03-08_16,53,none,,otsu,docling_rapidocr,llama,4,0,0,0,4,0.0,0.0,0.0,0,,,,,20.420751745,1
publimetro_2019-02-28_8,0,none,,adaptive_gaussian,docling_easyocr,llama,7,0,0,0,7,0.0,0.0,0.0,0,,,,,114.860364494,1
publimetro_2019-02-28_8,0,none,,adaptive_gaussian,docling_rapidocr,llama,7,0,0,0,7,0.0,0.0,0.0,0,,,,,24.373839197,1
publimetro_2019-02-28_8,0,none,,adaptive_mean,docling_easyocr,llama,7,0,0,0,7,0.0,0.0,0.0,0,,,,,117.975324398,1
publimetro_2019-02-28_8,0,none,,adaptive_mean,docling_rapidocr,llama,7,0,0,0,7,0.0,0.0,0.0,0,,,,,23.598708397,1
publimetro_2019-02-28_8,0,none,,basic,docling_easyocr,llama,7,0,0,0,7,0.0,0.0,0.0,0,,,,,100.193663883,1
publimetro_2019-02-28_8,0,none,,basic,docling_rapidocr,llama,7,0,0,0,7,0.0,0.0,0.0,0,,,,,23.488375473,1
publimetro_2019-02-28_8,0,none,,niblack,docling_easyocr,llama,7,0,0,0,7,0.0,0.0,0.0,0,,,,,66.206900665,1
publimetro_2019-02-28_8,0,none,,niblack,docling_rapidocr,llama,7,0,0,0,7,0.0,0.0,0.0,0,,,,,10.015505382,1
publimetro_2019-02-28_8,0,none,,none_color,docling_easyocr,llama,7,0,0,0,7,0.0,0.0,0.0,0,,,,,99.46854677,1
publimetro_2019-02-28_8,0,none,,none_color,docling_rapidocr,llama,7,0,0,0,7,0.0,0.0,0.0,0,,,,,23.17892947,1
publimetro_2019-02-28_8,0,none,,none_grayscale,docling_easyocr,llama,7,0,0,0,7,0.0,0.0,0.0,0,,,,,96.465881561,1
publimetro_2019-02-28_8,0,none,,none_grayscale,docling_rapidocr,llama,7,0,0,0,7,0.0,0.0,0.0,0,,,,,22.565026258,1
publimetro_2019-02-28_8,0,none,,otsu,docling_easyocr,llama,7,0,0,0,7,0.0,0.0,0.0,0,,,,,98.966365934,1
publimetro_2019-02-28_8,0,none,,otsu,docling_rapidocr,llama,7,0,0,0,7,0.0,0.0,0.0,0,,,,,23.526383758,1
publimetro_2019-02-28_8,1,none,,adaptive_gaussian,docling_easyocr,llama,7,0,0,0,7,0.0,0.0,0.0,0,,,,,105.618393675,1
publimetro_2019-02-28_8,1,none,,adaptive_gaussian,docling_rapidocr,llama,7,0,0,0,7,0.0,0.0,0.0,0,,,,,21.680667177,1
publimetro_2019-02-28_8,1,none,,adaptive_mean,docling_easyocr,llama,7,0,0,0,7,0.0,0.0,0.0,0,,,,,109.944855892,1
publimetro_2019-02-28_8,1,none,,adaptive_mean,docling_rapidocr,llama,7,0,0,0,7,0.0,0.0,0.0,0,,,,,20.784250938,1
publimetro_2019-02-28_8,1,none,,basic,docling_easyocr,llama,7,0,0,0,7,0.0,0.0,0.0,0,,,,,99.53531385,1
publimetro_2019-02-28_8,1,none,,basic,docling_rapidocr,llama,7,0,0,0,7,0.0,0.0,0.0,0,,,,,23.246986156,1
publimetro_2019-02-28_8,1,none,,niblack,docling_easyocr,llama,7,0,0,0,7,0.0,0.0,0.0,0,,,,,67.148196724,1
publimetro_2019-02-28_8,1,none,,niblack,docling_rapidocr,llama,7,0,0,0,7,0.0,0.0,0.0,0,,,,,10.37929323,1
publimetro_2019-02-28_8,1,none,,none_color,docling_easyocr,llama,7,0,0,0,7,0.0,0.0,0.0,0,,,,,95.438885311,1
publimetro_2019-02-28_8,1,none,,none_color,docling_rapidocr,llama,7,0,0,0,7,0.0,0.0,0.0,0,,,,,23.216534952,1
publimetro_2019-02-28_8,1,none,,none_grayscale,docling_easyocr,llama,7,0,0,0,7,0.0,0.0,0.0,0,,,,,98.473457746,1
publimetro_2019-02-28_8,1,none,,none_grayscale,docling_rapidocr,llama,7,0,0,0,7,0.0,0.0,0.0,0,,,,,23.789801054,1
publimetro_2019-02-28_8,1,none,,otsu,docling_easyocr,llama,7,0,0,0,7,0.0,0.0,0.0,0,,,,,98.952775079,1
publimetro_2019-02-28_8,1,none,,otsu,docling_rapidocr,llama,7,0,0,0,7,0.0,0.0,0.0,0,,,,,20.108846027,1
publimetro_2019-02-28_8,2,none,,adaptive_gaussian,docling_easyocr,llama,7,0,0,0,7,0.0,0.0,0.0,0,,,,,119.580898181,1
publimetro_2019-02-28_8,2,none,,adaptive_gaussian,docling_rapidocr,llama,7,0,0,0,7,0.0,0.0,0.0,0,,,,,24.117818967,1
publimetro_2019-02-28_8,2,none,,adaptive_mean,docling_easyocr,llama,7,0,0,0,7,0.0,0.0,0.0,0,,,,,110.875691497,1
publimetro_2019-02-28_8,2,none,,adaptive_mean,docling_rapidocr,llama,7,0,0,0,7,0.0,0.0,0.0,0,,,,,21.288226687,1
publimetro_2019-02-28_8,2,none,,basic,docling_easyocr,llama,7,0,0,0,7,0.0,0.0,0.0,0,,,,,102.534637576,1
publimetro_2019-02-28_8,2,none,,basic,docling_rapidocr,llama,7,0,0,0,7,0.0,0.0,0.0,0,,,,,20.740074998,1
publimetro_2019-02-28_8,2,none,,niblack,docling_easyocr,llama,7,0,0,0,7,0.0,0.0,0.0,0,,,,,65.540024239,1
publimetro_2019-02-28_8,2,none,,niblack,docling_rapidocr,llama,7,0,0,0,7,0.0,0.0,0.0,0,,,,,11.044851023,1
publimetro_2019-02-28_8,2,none,,none_color,docling_easyocr,llama,7,0,0,0,7,0.0,0.0,0.0,0,,,,,94.785254531,1
publimetro_2019-02-28_8,2,none,,none_color,docling_rapidocr,llama,7,0,0,0,7,0.0,0.0,0.0,0,,,,,20.486680798,1
publimetro_2019-02-28_8,2,none,,none_grayscale,docling_easyocr,llama,7,0,0,0,7,0.0,0.0,0.0,0,,,,,93.874104075,1
publimetro_2019-02-28_8,2,none,,none_grayscale,docling_rapidocr,llama,7,0,0,0,7,0.0,0.0,0.0,0,,,,,20.702877097,1
publimetro_2019-02-28_8,2,none,,otsu,docling_easyocr,llama,7,0,0,0,7,0.0,0.0,0.0,0,,,,,96.214631516,1
publimetro_2019-02-28_8,2,none,,otsu,docling_rapidocr,llama,7,0,0,0,7,0.0,0.0,0.0,0,,,,,23.473711211,1
publimetro_2019-02-28_8,3,none,,adaptive_gaussian,docling_easyocr,llama,7,0,0,0,7,0.0,0.0,0.0,0,,,,,106.58045436,1
publimetro_2019-02-28_8,3,none,,adaptive_gaussian,docling_rapidocr,llama,7,0,0,0,7,0.0,0.0,0.0,0,,,,,23.581932793,1
publimetro_2019-02-28_8,3,none,,adaptive_mean,docling_easyocr,llama,7,0,0,0,7,0.0,0.0,0.0,0,,,,,89.398063857,1
publimetro_2019-02-28_8,3,none,,adaptive_mean,docling_rapidocr,llama,7,0,0,0,7,0.0,0.0,0.0,0,,,,,11.605297286,1
publimetro_2019-02-28_8,3,none,,basic,docling_easyocr,llama,7,0,0,0,7,0.0,0.0,0.0,0,,,,,101.23349166,1
publimetro_2019-02-28_8,3,none,,basic,docling_rapidocr,llama,7,0,0,0,7,0.0,0.0,0.0,0,,,,,20.494537116,1
publimetro_2019-02-28_8,3,none,,niblack,docling_easyocr,llama,7,0,0,0,7,0.0,0.0,0.0,0,,,,,67.551846837,1
publimetro_2019-02-28_8,3,none,,niblack,docling_rapidocr,llama,7,0,0,0,7,0.0,0.0,0.0,0,,,,,11.781394337,1
publimetro_2019-02-28_8,3,none,,none_color,docling_easyocr,llama,7,0,0,0,7,0.0,0.0,0.0,0,,,,,97.21232066,1
publimetro_2019-02-28_8,3,none,,none_color,docling_rapidocr,llama,7,0,0,0,7,0.0,0.0,0.0,0,,,,,23.562004183,1
publimetro_2019-02-28_8,3,none,,none_grayscale,docling_easyocr,llama,7,0,0,0,7,0.0,0.0,0.0,0,,,,,105.018241095,1
publimetro_2019-02-28_8,3,none,,none_grayscale,docling_rapidocr,llama,7,0,0,0,7,0.0,0.0,0.0,0,,,,,22.521639037,1
publimetro_2019-02-28_8,3,none,,otsu,docling_easyocr,llama,7,0,0,0,7,0.0,0.0,0.0,0,,,,,103.124640776,1
publimetro_2019-02-28_8,3,none,,otsu,docling_rapidocr,llama,7,0,0,0,7,0.0,0.0,0.0,0,,,,,24.259778334,1
publimetro_2019-02-28_8,4,none,,adaptive_gaussian,docling_easyocr,llama,7,0,0,0,7,0.0,0.0,0.0,0,,,,,107.743874041,1
publimetro_2019-02-28_8,4,none,,adaptive_gaussian,docling_rapidocr,llama,7,0,0,0,7,0.0,0.0,0.0,0,,,,,20.360527007,1
publimetro_2019-02-28_8,4,none,,adaptive_mean,docling_easyocr,llama,7,0,0,0,7,0.0,0.0,0.0,0,,,,,100.341267502,1
publimetro_2019-02-28_8,4,none,,adaptive_mean,docling_rapidocr,llama,7,0,0,0,7,0.0,0.0,0.0,0,,,,,22.691914237,1
publimetro_2019-02-28_8,4,none,,basic,docling_easyocr,llama,7,0,0,0,7,0.0,0.0,0.0,0,,,,,109.821691306,1
publimetro_2019-02-28_8,4,none,,basic,docling_rapidocr,llama,7,0,0,0,7,0.0,0.0,0.0,0,,,,,23.743720801,1
publimetro_2019-02-28_8,4,none,,niblack,docling_easyocr,llama,7,0,0,0,7,0.0,0.0,0.0,0,,,,,66.451089268,1
publimetro_2019-02-28_8,4,none,,niblack,docling_rapidocr,llama,7,0,0,0,7,0.0,0.0,0.0,0,,,,,11.11430872,1
publimetro_2019-02-28_8,4,none,,none_color,docling_easyocr,llama,7,0,0,0,7,0.0,0.0,0.0,0,,,,,103.514260417,1
publimetro_2019-02-28_8,4,none,,none_color,docling_rapidocr,llama,7,0,0,0,7,0.0,0.0,0.0,0,,,,,23.09572876,1
publimetro_2019-02-28_8,4,none,,none_grayscale,docling_easyocr,llama,7,0,0,0,7,0.0,0.0,0.0,0,,,,,99.157391984,1
publimetro_2019-02-28_8,4,none,,none_grayscale,docling_rapidocr,llama,7,0,0,0,7,0.0,0.0,0.0,0,,,,,23.509026009,1
publimetro_2019-02-28_8,4,none,,otsu,docling_easyocr,llama,7,0,0,0,7,0.0,0.0,0.0,0,,,,,102.412095173,1
publimetro_2019-02-28_8,4,none,,otsu,docling_rapidocr,llama,7,0,0,0,7,0.0,0.0,0.0,0,,,,,19.83072172,1
publimetro_2019-02-28_8,5,none,,adaptive_gaussian,docling_easyocr,llama,7,0,0,0,7,0.0,0.0,0.0,0,,,,,106.701485219,1
publimetro_2019-02-28_8,5,none,,adaptive_gaussian,docling_rapidocr,llama,7,0,0,0,7,0.0,0.0,0.0,0,,,,,19.173411193,1
publimetro_2019-02-28_8,5,none,,adaptive_mean,docling_easyocr,llama,7,0,0,0,7,0.0,0.0,0.0,0,,,,,83.170345389,1
publimetro_2019-02-28_8,5,none,,adaptive_mean,docling_rapidocr,llama,7,0,0,0,7,0.0,0.0,0.0,0,,,,,11.881655537,1
publimetro_2019-02-28_8,5,none,,basic,docling_easyocr,llama,7,0,0,0,7,0.0,0.0,0.0,0,,,,,67.811574107,1
publimetro_2019-02-28_8,5,none,,basic,docling_rapidocr,llama,7,0,0,0,7,0.0,0.0,0.0,0,,,,,9.597222453,1
publimetro_2019-02-28_8,5,none,,niblack,docling_easyocr,llama,7,0,0,0,7,0.0,0.0,0.0,0,,,,,69.207387976,1
publimetro_2019-02-28_8,5,none,,niblack,docling_rapidocr,llama,7,0,0,0,7,0.0,0.0,0.0,0,,,,,10.263676457,1
publimetro_2019-02-28_8,5,none,,none_color,docling_easyocr,llama,7,0,0,0,7,0.0,0.0,0.0,0,,,,,103.49065166,1
publimetro_2019-02-28_8,5,none,,none_color,docling_rapidocr,llama,7,0,0,0,7,0.0,0.0,0.0,0,,,,,22.857007317,1
publimetro_2019-02-28_8,5,none,,none_grayscale,docling_easyocr,llama,7,0,0,0,7,0.0,0.0,0.0,0,,,,,102.977902941,1
publimetro_2019-02-28_8,5,none,,none_grayscale,docling_rapidocr,llama,7,0,0,0,7,0.0,0.0,0.0,0,,,,,22.790857606,1
publimetro_2019-02-28_8,5,none,,otsu,docling_easyocr,llama,7,0,0,0,7,0.0,0.0,0.0,0,,,,,103.562439877,1
publimetro_2019-02-28_8,5,none,,otsu,docling_rapidocr,llama,7,0,0,0,7,0.0,0.0,0.0,0,,,,,23.287456471,1
publimetro_2019-02-28_8,6,none,,adaptive_gaussian,docling_easyocr,llama,7,0,0,0,7,0.0,0.0,0.0,0,,,,,104.591736553,1
publimetro_2019-02-28_8,6,none,,adaptive_gaussian,docling_rapidocr,llama,7,0,0,0,7,0.0,0.0,0.0,0,,,,,19.870423553,1
publimetro_2019-02-28_8,6,none,,adaptive_mean,docling_easyocr,llama,7,0,0,0,7,0.0,0.0,0.0,0,,,,,97.205256336,1
publimetro_2019-02-28_8,6,none,,adaptive_mean,docling_rapidocr,llama,7,0,0,0,7,0.0,0.0,0.0,0,,,,,22.137676828,1
publimetro_2019-02-28_8,6,none,,basic,docling_easyocr,llama,7,0,0,0,7,0.0,0.0,0.0,0,,,,,118.772475469,1
publimetro_2019-02-28_8,6,none,,basic,docling_rapidocr,llama,7,0,0,0,7,0.0,0.0,0.0,0,,,,,24.209942806,1
publimetro_2019-02-28_8,6,none,,niblack,docling_easyocr,llama,7,0,0,0,7,0.0,0.0,0.0,0,,,,,66.827216873,1
publimetro_2019-02-28_8,6,none,,niblack,docling_rapidocr,llama,7,0,0,0,7,0.0,0.0,0.0,0,,,,,11.402760038,1
publimetro_2019-02-28_8,6,none,,none_color,docling_easyocr,llama,7,0,0,0,7,0.0,0.0,0.0,0,,,,,98.922095619,1
publimetro_2019-02-28_8,6,none,,none_color,docling_rapidocr,llama,7,0,0,0,7,0.0,0.0,0.0,0,,,,,19.61200913,1
publimetro_2019-02-28_8,6,none,,none_grayscale,docling_easyocr,llama,7,0,0,0,7,0.0,0.0,0.0,0,,,,,98.392040645,1
publimetro_2019-02-28_8,6,none,,none_grayscale,docling_rapidocr,llama,7,0,0,0,7,0.0,0.0,0.0,0,,,,,20.638898527,1
publimetro_2019-02-28_8,6,none,,otsu,docling_easyocr,llama,7,0,0,0,7,0.0,0.0,0.0,0,,,,,101.643110813,1
publimetro_2019-02-28_8,6,none,,otsu,docling_rapidocr,llama,7,0,0,0,7,0.0,0.0,0.0,0,,,,,23.130988658,1
publimetro_2019-02-28_8,7,none,,adaptive_gaussian,docling_easyocr,llama,7,0,0,0,7,0.0,0.0,0.0,0,,,,,115.55404866,1
publimetro_2019-02-28_8,7,none,,adaptive_gaussian,docling_rapidocr,llama,7,0,0,0,7,0.0,0.0,0.0,0,,,,,24.209779861,1
publimetro_2019-02-28_8,7,none,,adaptive_mean,docling_easyocr,llama,7,0,0,0,7,0.0,0.0,0.0,0,,,,,110.935853313,1
publimetro_2019-02-28_8,7,none,,adaptive_mean,docling_rapidocr,llama,7,0,0,0,7,0.0,0.0,0.0,0,,,,,23.550777744,1
publimetro_2019-02-28_8,7,none,,basic,docling_easyocr,llama,7,0,0,0,7,0.0,0.0,0.0,0,,,,,98.14828972,1
publimetro_2019-02-28_8,7,none,,basic,docling_rapidocr,llama,7,0,0,0,7,0.0,0.0,0.0,0,,,,,23.079904357,1
publimetro_2019-02-28_8,7,none,,niblack,docling_easyocr,llama,7,0,0,0,7,0.0,0.0,0.0,0,,,,,66.313804334,1
publimetro_2019-02-28_8,7,none,,niblack,docling_rapidocr,llama,7,0,0,0,7,0.0,0.0,0.0,0,,,,,11.68539471,1
publimetro_2019-02-28_8,7,none,,none_color,docling_easyocr,llama,7,0,0,0,7,0.0,0.0,0.0,0,,,,,99.321528879,1
publimetro_2019-02-28_8,7,none,,none_color,docling_rapidocr,llama,7,0,0,0,7,0.0,0.0,0.0,0,,,,,24.252674308,1
publimetro_2019-02-28_8,7,none,,none_grayscale,docling_easyocr,llama,7,0,0,0,7,0.0,0.0,0.0,0,,,,,98.554185668,1
publimetro_2019-02-28_8,7,none,,none_grayscale,docling_rapidocr,llama,7,0,0,0,7,0.0,0.0,0.0,0,,,,,23.987339536,1
publimetro_2019-02-28_8,7,none,,otsu,docling_easyocr,llama,7,0,0,0,7,0.0,0.0,0.0,0,,,,,97.15269894,1
publimetro_2019-02-28_8,7,none,,otsu,docling_rapidocr,llama,7,0,0,0,7,0.0,0.0,0.0,0,,,,,23.524562305,1
publimetro_2019-02-28_8,8,none,,adaptive_gaussian,docling_easyocr,llama,7,0,0,0,7,0.0,0.0,0.0,0,,,,,108.59713354,1
publimetro_2019-02-28_8,8,none,,adaptive_gaussian,docling_rapidocr,llama,7,0,0,0,7,0.0,0.0,0.0,0,,,,,23.057858848,1
publimetro_2019-02-28_8,8,none,,adaptive_mean,docling_easyocr,llama,7,0,0,0,7,0.0,0.0,0.0,0,,,,,89.874517604,1
publimetro_2019-02-28_8,8,none,,adaptive_mean,docling_rapidocr,llama,7,0,0,0,7,0.0,0.0,0.0,0,,,,,21.636460945,1
publimetro_2019-02-28_8,8,none,,basic,docling_easyocr,llama,7,0,0,0,7,0.0,0.0,0.0,0,,,,,101.419098583,1
publimetro_2019-02-28_8,8,none,,basic,docling_rapidocr,llama,7,0,0,0,7,0.0,0.0,0.0,0,,,,,21.107631412,1
publimetro_2019-02-28_8,8,none,,niblack,docling_easyocr,llama,7,0,0,0,7,0.0,0.0,0.0,0,,,,,66.440033019,1
publimetro_2019-02-28_8,8,none,,niblack,docling_rapidocr,llama,7,0,0,0,7,0.0,0.0,0.0,0,,,,,11.670874179,1
publimetro_2019-02-28_8,8,none,,none_color,docling_easyocr,llama,7,0,0,0,7,0.0,0.0,0.0,0,,,,,98.2593161,1
publimetro_2019-02-28_8,8,none,,none_color,docling_rapidocr,llama,7,0,0,0,7,0.0,0.0,0.0,0,,,,,23.397837533,1
publimetro_2019-02-28_8,8,none,,none_grayscale,docling_easyocr,llama,7,0,0,0,7,0.0,0.0,0.0,0,,,,,94.149470701,1
publimetro_2019-02-28_8,8,none,,none_grayscale,docling_rapidocr,llama,7,0,0,0,7,0.0,0.0,0.0,0,,,,,22.793939247,1
publimetro_2019-02-28_8,8,none,,otsu,docling_easyocr,llama,7,0,0,0,7,0.0,0.0,0.0,0,,,,,101.562109033,1
publimetro_2019-02-28_8,8,none,,otsu,docling_rapidocr,llama,7,0,0,0,7,0.0,0.0,0.0,0,,,,,20.524310628,1
publimetro_2019-02-28_8,9,none,,adaptive_gaussian,docling_easyocr,llama,7,0,0,0,7,0.0,0.0,0.0,0,,,,,113.509692594,1
publimetro_2019-02-28_8,9,none,,adaptive_gaussian,docling_rapidocr,llama,7,0,0,0,7,0.0,0.0,0.0,0,,,,,23.479061767,1
publimetro_2019-02-28_8,9,none,,adaptive_mean,docling_easyocr,llama,7,0,0,0,7,0.0,0.0,0.0,0,,,,,107.304087201,1
publimetro_2019-02-28_8,9,none,,adaptive_mean,docling_rapidocr,llama,7,0,0,0,7,0.0,0.0,0.0,0,,,,,23.745687763,1
publimetro_2019-02-28_8,9,none,,basic,docling_easyocr,llama,7,0,0,0,7,0.0,0.0,0.0,0,,,,,114.74339739,1
publimetro_2019-02-28_8,9,none,,basic,docling_rapidocr,llama,7,0,0,0,7,0.0,0.0,0.0,0,,,,,23.558773433,1
publimetro_2019-02-28_8,9,none,,niblack,docling_easyocr,llama,7,0,0,0,7,0.0,0.0,0.0,0,,,,,65.946988447,1
publimetro_2019-02-28_8,9,none,,niblack,docling_rapidocr,llama,7,0,0,0,7,0.0,0.0,0.0,0,,,,,11.374806745,1
publimetro_2019-02-28_8,9,none,,none_color,docling_easyocr,llama,7,0,0,0,7,0.0,0.0,0.0,0,,,,,111.163443336,1
publimetro_2019-02-28_8,9,none,,none_color,docling_rapidocr,llama,7,0,0,0,7,0.0,0.0,0.0,0,,,,,19.859053621,1
publimetro_2019-02-28_8,9,none,,none_grayscale,docling_easyocr,llama,7,0,0,0,7,0.0,0.0,0.0,0,,,,,110.489460788,1
publimetro_2019-02-28_8,9,none,,none_grayscale,docling_rapidocr,llama,7,23,0,23,7,0.0,0.0,0.0,7,1.0,1.0,0.43926953380865547,0.4697967150249079,22.728930316,0
publimetro_2019-02-28_8,9,none,,otsu,docling_easyocr,llama,7,0,0,0,7,0.0,0.0,0.0,0,,,,,104.345113981,1
publimetro_2019-02-28_8,9,none,,otsu,docling_rapidocr,llama,7,0,0,0,7,0.0,0.0,0.0,0,,,,,23.75044893,1
publimetro_2019-02-28_8,10,none,,adaptive_gaussian,docling_easyocr,llama,7,0,0,0,7,0.0,0.0,0.0,0,,,,,110.797118896,1
publimetro_2019-02-28_8,10,none,,adaptive_gaussian,docling_rapidocr,llama,7,0,0,0,7,0.0,0.0,0.0,0,,,,,24.331334346,1
publimetro_2019-02-28_8,10,none,,adaptive_mean,docling_easyocr,llama,7,0,0,0,7,0.0,0.0,0.0,0,,,,,94.542293491,1
publimetro_2019-02-28_8,10,none,,adaptive_mean,docling_rapidocr,llama,7,0,0,0,7,0.0,0.0,0.0,0,,,,,23.834649505,1
publimetro_2019-02-28_8,10,none,,basic,docling_easyocr,llama,7,0,0,0,7,0.0,0.0,0.0,0,,,,,102.006313713,1
publimetro_2019-02-28_8,10,none,,basic,docling_rapidocr,llama,7,0,0,0,7,0.0,0.0,0.0,0,,,,,23.933833749,1
publimetro_2019-02-28_8,10,none,,niblack,docling_easyocr,llama,7,0,0,0,7,0.0,0.0,0.0,0,,,,,60.995680627,1
publimetro_2019-02-28_8,10,none,,niblack,docling_rapidocr,llama,7,0,0,0,7,0.0,0.0,0.0,0,,,,,10.854304847,1
publimetro_2019-02-28_8,10,none,,none_color,docling_easyocr,llama,7,0,0,0,7,0.0,0.0,0.0,0,,,,,108.889528591,1
publimetro_2019-02-28_8,10,none,,none_color,docling_rapidocr,llama,7,0,0,0,7,0.0,0.0,0.0,0,,,,,22.962273675,1
publimetro_2019-02-28_8,10,none,,none_grayscale,docling_easyocr,llama,7,0,0,0,7,0.0,0.0,0.0,0,,,,,100.392186315,1
publimetro_2019-02-28_8,10,none,,none_grayscale,docling_rapidocr,llama,7,0,0,0,7,0.0,0.0,0.0,0,,,,,23.279505165,1
publimetro_2019-02-28_8,10,none,,otsu,docling_easyocr,llama,7,0,0,0,7,0.0,0.0,0.0,0,,,,,105.201812324,1
publimetro_2019-02-28_8,10,none,,otsu,docling_rapidocr,llama,7,0,0,0,7,0.0,0.0,0.0,0,,,,,23.811013517,1
publimetro_2019-02-28_8,11,none,,adaptive_gaussian,docling_easyocr,llama,7,0,0,0,7,0.0,0.0,0.0,0,,,,,114.616475597,1
publimetro_2019-02-28_8,11,none,,adaptive_gaussian,docling_rapidocr,llama,7,0,0,0,7,0.0,0.0,0.0,0,,,,,24.274233833,1
publimetro_2019-02-28_8,11,none,,adaptive_mean,docling_easyocr,llama,7,0,0,0,7,0.0,0.0,0.0,0,,,,,105.878834211,1
publimetro_2019-02-28_8,11,none,,adaptive_mean,docling_rapidocr,llama,7,0,0,0,7,0.0,0.0,0.0,0,,,,,23.689004146,1
publimetro_2019-02-28_8,11,none,,basic,docling_easyocr,llama,7,0,0,0,7,0.0,0.0,0.0,0,,,,,68.99254449,1
publimetro_2019-02-28_8,11,none,,basic,docling_rapidocr,llama,7,0,0,0,7,0.0,0.0,0.0,0,,,,,12.642980415,1
publimetro_2019-02-28_8,11,none,,niblack,docling_easyocr,llama,7,0,0,0,7,0.0,0.0,0.0,0,,,,,65.727397966,1
publimetro_2019-02-28_8,11,none,,niblack,docling_rapidocr,llama,7,0,0,0,7,0.0,0.0,0.0,0,,,,,10.043062019,1
publimetro_2019-02-28_8,11,none,,none_color,docling_easyocr,llama,7,0,0,0,7,0.0,0.0,0.0,0,,,,,108.625169521,1
publimetro_2019-02-28_8,11,none,,none_color,docling_rapidocr,llama,7,0,0,0,7,0.0,0.0,0.0,0,,,,,22.245392805,1
publimetro_2019-02-28_8,11,none,,none_grayscale,docling_easyocr,llama,7,0,0,0,7,0.0,0.0,0.0,0,,,,,107.71616817,1
publimetro_2019-02-28_8,11,none,,none_grayscale,docling_rapidocr,llama,7,0,0,0,7,0.0,0.0,0.0,0,,,,,21.097477441,1
publimetro_2019-02-28_8,11,none,,otsu,docling_easyocr,llama,7,0,0,0,7,0.0,0.0,0.0,0,,,,,111.918934257,1
publimetro_2019-02-28_8,11,none,,otsu,docling_rapidocr,llama,7,0,0,0,7,0.0,0.0,0.0,0,,,,,21.321592958,1
publimetro_2019-02-28_8,12,none,,adaptive_gaussian,docling_easyocr,llama,7,0,0,0,7,0.0,0.0,0.0,0,,,,,149.296422941,1
publimetro_2019-02-28_8,12,none,,adaptive_gaussian,docling_rapidocr,llama,7,0,0,0,7,0.0,0.0,0.0,0,,,,,55.430585367,1
publimetro_2019-02-28_8,12,none,,adaptive_mean,docling_easyocr,llama,7,0,0,0,7,0.0,0.0,0.0,0,,,,,148.334171226,1
publimetro_2019-02-28_8,12,none,,adaptive_mean,docling_rapidocr,llama,7,0,0,0,7,0.0,0.0,0.0,0,,,,,50.873261383,1
publimetro_2019-02-28_8,12,none,,basic,docling_easyocr,llama,7,0,0,0,7,0.0,0.0,0.0,0,,,,,119.5588052,1
publimetro_2019-02-28_8,12,none,,basic,docling_rapidocr,llama,7,0,0,0,7,0.0,0.0,0.0,0,,,,,52.905750963,1
publimetro_2019-02-28_8,12,none,,niblack,docling_easyocr,llama,7,0,0,0,7,0.0,0.0,0.0,0,,,,,89.932356351,1
publimetro_2019-02-28_8,12,none,,niblack,docling_rapidocr,llama,7,0,0,0,7,0.0,0.0,0.0,0,,,,,42.11588239,1
publimetro_2019-02-28_8,12,none,,none_color,docling_easyocr,llama,7,0,0,0,7,0.0,0.0,0.0,0,,,,,127.52852828,1
publimetro_2019-02-28_8,12,none,,none_color,docling_rapidocr,llama,7,0,0,0,7,0.0,0.0,0.0,0,,,,,54.8439017,1
publimetro_2019-02-28_8,12,none,,none_grayscale,docling_easyocr,llama,7,0,0,0,7,0.0,0.0,0.0,0,,,,,122.098213003,1
publimetro_2019-02-28_8,12,none,,none_grayscale,docling_rapidocr,llama,7,0,0,0,7,0.0,0.0,0.0,0,,,,,54.066423461,1
publimetro_2019-02-28_8,12,none,,otsu,docling_easyocr,llama,7,0,0,0,7,0.0,0.0,0.0,0,,,,,127.889406726,1
publimetro_2019-02-28_8,12,none,,otsu,docling_rapidocr,llama,7,0,0,0,7,0.0,0.0,0.0,0,,,,,54.619200275,1
publimetro_2019-02-28_8,13,none,,adaptive_gaussian,docling_easyocr,llama,7,0,0,0,7,0.0,0.0,0.0,0,,,,,136.337185359,1
publimetro_2019-02-28_8,13,none,,adaptive_gaussian,docling_rapidocr,llama,7,0,0,0,7,0.0,0.0,0.0,0,,,,,53.547937847,1
publimetro_2019-02-28_8,13,none,,adaptive_mean,docling_easyocr,llama,7,0,0,0,7,0.0,0.0,0.0,0,,,,,142.514912219,1
publimetro_2019-02-28_8,13,none,,adaptive_mean,docling_rapidocr,llama,7,0,0,0,7,0.0,0.0,0.0,0,,,,,51.8454493,1
publimetro_2019-02-28_8,13,none,,basic,docling_easyocr,llama,7,0,0,0,7,0.0,0.0,0.0,0,,,,,127.328352346,1
publimetro_2019-02-28_8,13,none,,basic,docling_rapidocr,llama,7,0,0,0,7,0.0,0.0,0.0,0,,,,,54.516276969,1
publimetro_2019-02-28_8,13,none,,niblack,docling_easyocr,llama,7,0,0,0,7,0.0,0.0,0.0,0,,,,,95.861039295,1
publimetro_2019-02-28_8,13,none,,niblack,docling_rapidocr,llama,7,0,0,0,7,0.0,0.0,0.0,0,,,,,41.795559062,1
publimetro_2019-02-28_8,13,none,,none_color,docling_easyocr,llama,7,8,6,2,1,0.75,0.857143,0.8,7,0.03131703131703132,0.19047619047619047,0.3779952673754764,0.4357964734461158,119.346532167,0
publimetro_2019-02-28_8,13,none,,none_color,docling_rapidocr,llama,7,0,0,0,7,0.0,0.0,0.0,0,,,,,53.41586119,1
publimetro_2019-02-28_8,13,none,,none_grayscale,docling_easyocr,llama,7,0,0,0,7,0.0,0.0,0.0,0,,,,,128.665690078,1
publimetro_2019-02-28_8,13,none,,none_grayscale,docling_rapidocr,llama,7,0,0,0,7,0.0,0.0,0.0,0,,,,,54.357826366,1
publimetro_2019-02-28_8,13,none,,otsu,docling_easyocr,llama,7,0,0,0,7,0.0,0.0,0.0,0,,,,,126.518945018,1
publimetro_2019-02-28_8,13,none,,otsu,docling_rapidocr,llama,7,0,0,0,7,0.0,0.0,0.0,0,,,,,53.685404579,1
publimetro_2019-02-28_8,14,none,,adaptive_gaussian,docling_easyocr,llama,7,0,0,0,7,0.0,0.0,0.0,0,,,,,138.463221548,1
publimetro_2019-02-28_8,14,none,,adaptive_gaussian,docling_rapidocr,llama,7,0,0,0,7,0.0,0.0,0.0,0,,,,,53.906781194,1
publimetro_2019-02-28_8,14,none,,adaptive_mean,docling_easyocr,llama,7,0,0,0,7,0.0,0.0,0.0,0,,,,,146.615331907,1
publimetro_2019-02-28_8,14,none,,adaptive_mean,docling_rapidocr,llama,7,0,0,0,7,0.0,0.0,0.0,0,,,,,55.870982666,1
publimetro_2019-02-28_8,14,none,,basic,docling_easyocr,llama,7,0,0,0,7,0.0,0.0,0.0,0,,,,,138.628680528,1
publimetro_2019-02-28_8,14,none,,basic,docling_rapidocr,llama,7,0,0,0,7,0.0,0.0,0.0,0,,,,,54.539192737,1
publimetro_2019-02-28_8,14,none,,niblack,docling_easyocr,llama,7,0,0,0,7,0.0,0.0,0.0,0,,,,,96.106903655,1
publimetro_2019-02-28_8,14,none,,niblack,docling_rapidocr,llama,7,0,0,0,7,0.0,0.0,0.0,0,,,,,40.811469896,1
publimetro_2019-02-28_8,14,none,,none_color,docling_easyocr,llama,7,0,0,0,7,0.0,0.0,0.0,0,,,,,119.645127523,1
publimetro_2019-02-28_8,14,none,,none_color,docling_rapidocr,llama,7,0,0,0,7,0.0,0.0,0.0,0,,,,,54.003123271,1
publimetro_2019-02-28_8,14,none,,none_grayscale,docling_easyocr,llama,7,0,0,0,7,0.0,0.0,0.0,0,,,,,129.122477758,1
publimetro_2019-02-28_8,14,none,,none_grayscale,docling_rapidocr,llama,7,0,0,0,7,0.0,0.0,0.0,0,,,,,50.751202571,1
publimetro_2019-02-28_8,14,none,,otsu,docling_easyocr,llama,7,0,0,0,7,0.0,0.0,0.0,0,,,,,127.774261608,1
publimetro_2019-02-28_8,14,none,,otsu,docling_rapidocr,llama,7,0,0,0,7,0.0,0.0,0.0,0,,,,,55.052317275,1
publimetro_2019-02-28_8,15,none,,adaptive_gaussian,docling_easyocr,llama,7,0,0,0,7,0.0,0.0,0.0,0,,,,,74.41006739,1
publimetro_2019-02-28_8,15,none,,adaptive_gaussian,docling_rapidocr,llama,7,0,0,0,7,0.0,0.0,0.0,0,,,,,10.704387735,1
publimetro_2019-02-28_8,15,none,,adaptive_mean,docling_easyocr,llama,7,0,0,0,7,0.0,0.0,0.0,0,,,,,76.592136163,1
publimetro_2019-02-28_8,15,none,,adaptive_mean,docling_rapidocr,llama,7,0,0,0,7,0.0,0.0,0.0,0,,,,,11.201800842,1
publimetro_2019-02-28_8,15,none,,basic,docling_easyocr,llama,7,0,0,0,7,0.0,0.0,0.0,0,,,,,97.05827774,1
publimetro_2019-02-28_8,15,none,,basic,docling_rapidocr,llama,7,0,0,0,7,0.0,0.0,0.0,0,,,,,20.458732023,1
publimetro_2019-02-28_8,15,none,,niblack,docling_easyocr,llama,7,0,0,0,7,0.0,0.0,0.0,0,,,,,65.129844726,1
publimetro_2019-02-28_8,15,none,,niblack,docling_rapidocr,llama,7,0,0,0,7,0.0,0.0,0.0,0,,,,,11.952988924,1
publimetro_2019-02-28_8,15,none,,none_color,docling_easyocr,llama,7,0,0,0,7,0.0,0.0,0.0,0,,,,,91.324174154,1
publimetro_2019-02-28_8,15,none,,none_color,docling_rapidocr,llama,7,0,0,0,7,0.0,0.0,0.0,0,,,,,21.218872297,1
publimetro_2019-02-28_8,15,none,,none_grayscale,docling_easyocr,llama,7,0,0,0,7,0.0,0.0,0.0,0,,,,,89.649854721,1
publimetro_2019-02-28_8,15,none,,none_grayscale,docling_rapidocr,llama,7,0,0,0,7,0.0,0.0,0.0,0,,,,,23.439810337,1
publimetro_2019-02-28_8,15,none,,otsu,docling_easyocr,llama,7,0,0,0,7,0.0,0.0,0.0,0,,,,,97.133193937,1
publimetro_2019-02-28_8,15,none,,otsu,docling_rapidocr,llama,7,0,0,0,7,0.0,0.0,0.0,0,,,,,20.295124021,1
publimetro_2019-02-28_8,16,none,,adaptive_gaussian,docling_easyocr,llama,7,0,0,0,7,0.0,0.0,0.0,0,,,,,63.724929288,1
publimetro_2019-02-28_8,16,none,,adaptive_gaussian,docling_rapidocr,llama,7,0,0,0,7,0.0,0.0,0.0,0,,,,,10.081467346,1
publimetro_2019-02-28_8,16,none,,adaptive_mean,docling_easyocr,llama,7,0,0,0,7,0.0,0.0,0.0,0,,,,,69.127468656,1
publimetro_2019-02-28_8,16,none,,adaptive_mean,docling_rapidocr,llama,7,0,0,0,7,0.0,0.0,0.0,0,,,,,10.568433116,1
publimetro_2019-02-28_8,16,none,,basic,docling_easyocr,llama,7,0,0,0,7,0.0,0.0,0.0,0,,,,,96.80453407,1
publimetro_2019-02-28_8,16,none,,basic,docling_rapidocr,llama,7,0,0,0,7,0.0,0.0,0.0,0,,,,,21.969709985,1
publimetro_2019-02-28_8,16,none,,niblack,docling_easyocr,llama,7,0,0,0,7,0.0,0.0,0.0,0,,,,,65.249488227,1
publimetro_2019-02-28_8,16,none,,niblack,docling_rapidocr,llama,7,0,0,0,7,0.0,0.0,0.0,0,,,,,12.375457876,1
publimetro_2019-02-28_8,16,none,,none_color,docling_easyocr,llama,7,0,0,0,7,0.0,0.0,0.0,0,,,,,96.479064981,1
publimetro_2019-02-28_8,16,none,,none_color,docling_rapidocr,llama,7,0,0,0,7,0.0,0.0,0.0,0,,,,,24.30802993,1
publimetro_2019-02-28_8,16,none,,none_grayscale,docling_easyocr,llama,7,0,0,0,7,0.0,0.0,0.0,0,,,,,97.464316719,1
publimetro_2019-02-28_8,16,none,,none_grayscale,docling_rapidocr,llama,7,0,0,0,7,0.0,0.0,0.0,0,,,,,21.048728578,1
publimetro_2019-02-28_8,16,none,,otsu,docling_easyocr,llama,7,0,0,0,7,0.0,0.0,0.0,0,,,,,95.730420131,1
publimetro_2019-02-28_8,16,none,,otsu,docling_rapidocr,llama,7,0,0,0,7,0.0,0.0,0.0,0,,,,,23.60873105,1
publimetro_2019-02-28_8,17,none,,adaptive_gaussian,docling_easyocr,llama,7,0,0,0,7,0.0,0.0,0.0,0,,,,,75.080138639,1
publimetro_2019-02-28_8,17,none,,adaptive_gaussian,docling_rapidocr,llama,7,0,0,0,7,0.0,0.0,0.0,0,,,,,11.539557174,1
publimetro_2019-02-28_8,17,none,,adaptive_mean,docling_easyocr,llama,7,0,0,0,7,0.0,0.0,0.0,0,,,,,77.423559331,1
publimetro_2019-02-28_8,17,none,,adaptive_mean,docling_rapidocr,llama,7,0,0,0,7,0.0,0.0,0.0,0,,,,,11.068040037,1
publimetro_2019-02-28_8,17,none,,basic,docling_easyocr,llama,7,0,0,0,7,0.0,0.0,0.0,0,,,,,93.489913648,1
publimetro_2019-02-28_8,17,none,,basic,docling_rapidocr,llama,7,0,0,0,7,0.0,0.0,0.0,0,,,,,22.197364038,1
publimetro_2019-02-28_8,17,none,,niblack,docling_easyocr,llama,7,0,0,0,7,0.0,0.0,0.0,0,,,,,64.617756572,1
publimetro_2019-02-28_8,17,none,,niblack,docling_rapidocr,llama,7,0,0,0,7,0.0,0.0,0.0,0,,,,,12.657319513,1
publimetro_2019-02-28_8,17,none,,none_color,docling_easyocr,llama,7,0,0,0,7,0.0,0.0,0.0,0,,,,,98.813890092,1
publimetro_2019-02-28_8,17,none,,none_color,docling_rapidocr,llama,7,0,0,0,7,0.0,0.0,0.0,0,,,,,23.342505567,1
publimetro_2019-02-28_8,17,none,,none_grayscale,docling_easyocr,llama,7,0,0,0,7,0.0,0.0,0.0,0,,,,,98.998947732,1
publimetro_2019-02-28_8,17,none,,none_grayscale,docling_rapidocr,llama,7,0,0,0,7,0.0,0.0,0.0,0,,,,,22.563185089,1
publimetro_2019-02-28_8,17,none,,otsu,docling_easyocr,llama,7,0,0,0,7,0.0,0.0,0.0,0,,,,,98.215528984,1
publimetro_2019-02-28_8,17,none,,otsu,docling_rapidocr,llama,7,0,0,0,7,0.0,0.0,0.0,0,,,,,20.680117149,1
publimetro_2019-02-28_8,18,none,,adaptive_gaussian,docling_easyocr,llama,7,0,0,0,7,0.0,0.0,0.0,0,,,,,64.328677572,1
publimetro_2019-02-28_8,18,none,,adaptive_gaussian,docling_rapidocr,llama,7,0,0,0,7,0.0,0.0,0.0,0,,,,,10.54138223,1
publimetro_2019-02-28_8,18,none,,adaptive_mean,docling_easyocr,llama,7,0,0,0,7,0.0,0.0,0.0,0,,,,,61.990180358,1
publimetro_2019-02-28_8,18,none,,adaptive_mean,docling_rapidocr,llama,7,0,0,0,7,0.0,0.0,0.0,0,,,,,12.196419343,1
publimetro_2019-02-28_8,18,none,,basic,docling_easyocr,llama,7,0,0,0,7,0.0,0.0,0.0,0,,,,,64.154311876,1
publimetro_2019-02-28_8,18,none,,basic,docling_rapidocr,llama,7,0,0,0,7,0.0,0.0,0.0,0,,,,,11.224531154,1
publimetro_2019-02-28_8,18,none,,niblack,docling_easyocr,llama,7,0,0,0,7,0.0,0.0,0.0,0,,,,,64.105291036,1
publimetro_2019-02-28_8,18,none,,otsu,docling_easyocr,llama,7,0,0,0,7,0.0,0.0,0.0,0,,,,,65.292768293,1
publimetro_2019-02-28_8,18,none,,otsu,docling_rapidocr,llama,7,0,0,0,7,0.0,0.0,0.0,0,,,,,11.355704599,1
publimetro_2019-02-28_8,18,none,,yannihorne,docling_easyocr,llama,7,0,0,0,7,0.0,0.0,0.0,0,,,,,65.424794488,1
publimetro_2019-02-28_8,18,none,,yannihorne,docling_rapidocr,llama,7,0,0,0,7,0.0,0.0,0.0,0,,,,,13.581866794,1
publimetro_2019-02-28_8,19,none,,adaptive_gaussian,docling_easyocr,llama,7,0,0,0,7,0.0,0.0,0.0,0,,,,,64.64680084,1
publimetro_2019-02-28_8,19,none,,adaptive_gaussian,docling_rapidocr,llama,7,0,0,0,7,0.0,0.0,0.0,0,,,,,11.225291812,1
publimetro_2019-02-28_8,19,none,,adaptive_mean,docling_easyocr,llama,7,0,0,0,7,0.0,0.0,0.0,0,,,,,62.203579385,1
publimetro_2019-02-28_8,19,none,,adaptive_mean,docling_rapidocr,llama,7,0,0,0,7,0.0,0.0,0.0,0,,,,,11.43190952,1
publimetro_2019-02-28_8,19,none,,basic,docling_easyocr,llama,7,0,0,0,7,0.0,0.0,0.0,0,,,,,64.925517156,1
publimetro_2019-02-28_8,19,none,,basic,docling_rapidocr,llama,7,0,0,0,7,0.0,0.0,0.0,0,,,,,11.536728456,1
publimetro_2019-02-28_8,19,none,,niblack,docling_easyocr,llama,7,0,0,0,7,0.0,0.0,0.0,0,,,,,67.072815585,1
publimetro_2019-02-28_8,19,none,,none_color,docling_easyocr,llama,7,0,0,0,7,0.0,0.0,0.0,0,,,,,63.145920278,1
publimetro_2019-02-28_8,19,none,,none_grayscale,docling_easyocr,llama,7,0,0,0,7,0.0,0.0,0.0,0,,,,,65.999263049,1
publimetro_2019-02-28_8,19,none,,otsu,docling_easyocr,llama,7,0,0,0,7,0.0,0.0,0.0,0,,,,,64.889972595,1
publimetro_2019-02-28_8,19,none,,otsu,docling_rapidocr,llama,7,0,0,0,7,0.0,0.0,0.0,0,,,,,12.115874914,1
publimetro_2019-02-28_8,19,none,,yannihorne,docling_easyocr,llama,7,0,0,0,7,0.0,0.0,0.0,0,,,,,65.100386527,1
publimetro_2019-02-28_8,19,none,,yannihorne,docling_rapidocr,llama,7,0,0,0,7,0.0,0.0,0.0,0,,,,,14.308603195,1
publimetro_2019-02-28_8,20,none,,adaptive_gaussian,docling_easyocr,llama,7,0,0,0,7,0.0,0.0,0.0,0,,,,,65.694381849,1
publimetro_2019-02-28_8,20,none,,adaptive_gaussian,docling_rapidocr,llama,7,0,0,0,7,0.0,0.0,0.0,0,,,,,10.812270538,1
publimetro_2019-02-28_8,20,none,,adaptive_mean,docling_easyocr,llama,7,0,0,0,7,0.0,0.0,0.0,0,,,,,63.60370692,1
publimetro_2019-02-28_8,20,none,,adaptive_mean,docling_rapidocr,llama,7,0,0,0,7,0.0,0.0,0.0,0,,,,,11.943604791,1
publimetro_2019-02-28_8,20,none,,basic,docling_easyocr,llama,7,0,0,0,7,0.0,0.0,0.0,0,,,,,65.219842559,1
publimetro_2019-02-28_8,20,none,,basic,docling_rapidocr,llama,7,0,0,0,7,0.0,0.0,0.0,0,,,,,11.763428098,1
publimetro_2019-02-28_8,20,none,,niblack,docling_easyocr,llama,7,0,0,0,7,0.0,0.0,0.0,0,,,,,65.375113199,1
publimetro_2019-02-28_8,20,none,,otsu,docling_easyocr,llama,7,0,0,0,7,0.0,0.0,0.0,0,,,,,64.425855119,1
publimetro_2019-02-28_8,20,none,,otsu,docling_rapidocr,llama,7,0,0,0,7,0.0,0.0,0.0,0,,,,,11.716427762,1
publimetro_2019-02-28_8,20,none,,yannihorne,docling_easyocr,llama,7,0,0,0,7,0.0,0.0,0.0,0,,,,,62.55815645,1
publimetro_2019-02-28_8,20,none,,yannihorne,docling_rapidocr,llama,7,0,0,0,7,0.0,0.0,0.0,0,,,,,14.470763166,1
publimetro_2019-02-28_8,21,none,,adaptive_gaussian,docling_easyocr,llama,7,0,0,0,7,0.0,0.0,0.0,0,,,,,193.587001737,1
publimetro_2019-02-28_8,21,none,,adaptive_gaussian,docling_rapidocr,llama,7,0,0,0,7,0.0,0.0,0.0,0,,,,,109.122265275,1
publimetro_2019-02-28_8,21,none,,adaptive_mean,docling_easyocr,llama,7,0,0,0,7,0.0,0.0,0.0,0,,,,,195.27120388,1
publimetro_2019-02-28_8,21,none,,adaptive_mean,docling_rapidocr,llama,7,0,0,0,7,0.0,0.0,0.0,0,,,,,110.542599563,1
publimetro_2019-02-28_8,21,none,,basic,docling_easyocr,llama,7,0,0,0,7,0.0,0.0,0.0,0,,,,,191.302857326,1
publimetro_2019-02-28_8,21,none,,basic,docling_rapidocr,llama,7,0,0,0,7,0.0,0.0,0.0,0,,,,,109.321778701,1
publimetro_2019-02-28_8,21,none,,niblack,docling_easyocr,llama,7,0,0,0,7,0.0,0.0,0.0,0,,,,,152.237116668,1
publimetro_2019-02-28_8,21,none,,niblack,docling_rapidocr,llama,7,0,0,0,7,0.0,0.0,0.0,0,,,,,97.442828986,1
publimetro_2019-02-28_8,21,none,,none_color,docling_easyocr,llama,7,0,0,0,7,0.0,0.0,0.0,0,,,,,200.921532485,1
publimetro_2019-02-28_8,21,none,,none_color,docling_rapidocr,llama,7,0,0,0,7,0.0,0.0,0.0,0,,,,,105.656607482,1
publimetro_2019-02-28_8,21,none,,none_grayscale,docling_easyocr,llama,7,0,0,0,7,0.0,0.0,0.0,0,,,,,197.084560249,1
publimetro_2019-02-28_8,21,none,,none_grayscale,docling_rapidocr,llama,7,0,0,0,7,0.0,0.0,0.0,0,,,,,110.466375682,1
publimetro_2019-02-28_8,21,none,,otsu,docling_easyocr,llama,7,0,0,0,7,0.0,0.0,0.0,0,,,,,199.15379095,1
publimetro_2019-02-28_8,21,none,,otsu,docling_rapidocr,llama,7,0,0,0,7,0.0,0.0,0.0,0,,,,,109.682075261,1
publimetro_2019-02-28_8,22,none,,adaptive_gaussian,docling_easyocr,llama,7,0,0,0,7,0.0,0.0,0.0,0,,,,,191.939669773,1
publimetro_2019-02-28_8,22,none,,adaptive_gaussian,docling_rapidocr,llama,7,0,0,0,7,0.0,0.0,0.0,0,,,,,109.698046133,1
publimetro_2019-02-28_8,22,none,,adaptive_mean,docling_easyocr,llama,7,0,0,0,7,0.0,0.0,0.0,0,,,,,184.787992517,1
publimetro_2019-02-28_8,22,none,,adaptive_mean,docling_rapidocr,llama,7,0,0,0,7,0.0,0.0,0.0,0,,,,,108.805144111,1
publimetro_2019-02-28_8,22,none,,basic,docling_easyocr,llama,7,0,0,0,7,0.0,0.0,0.0,0,,,,,203.016683422,1
publimetro_2019-02-28_8,22,none,,basic,docling_rapidocr,llama,7,0,0,0,7,0.0,0.0,0.0,0,,,,,108.176711403,1
publimetro_2019-02-28_8,22,none,,niblack,docling_easyocr,llama,7,0,0,0,7,0.0,0.0,0.0,0,,,,,150.834654838,1
publimetro_2019-02-28_8,22,none,,niblack,docling_rapidocr,llama,7,0,0,0,7,0.0,0.0,0.0,0,,,,,96.745927126,1
publimetro_2019-02-28_8,22,none,,none_color,docling_easyocr,llama,7,0,0,0,7,0.0,0.0,0.0,0,,,,,198.384942541,1
publimetro_2019-02-28_8,22,none,,none_color,docling_rapidocr,llama,7,0,0,0,7,0.0,0.0,0.0,0,,,,,109.359713325,1
publimetro_2019-02-28_8,22,none,,none_grayscale,docling_easyocr,llama,7,0,0,0,7,0.0,0.0,0.0,0,,,,,197.528574714,1
publimetro_2019-02-28_8,22,none,,none_grayscale,docling_rapidocr,llama,7,0,0,0,7,0.0,0.0,0.0,0,,,,,109.860309849,1
publimetro_2019-02-28_8,22,none,,otsu,docling_easyocr,llama,7,0,0,0,7,0.0,0.0,0.0,0,,,,,203.578360235,1
publimetro_2019-02-28_8,22,none,,otsu,docling_rapidocr,llama,7,0,0,0,7,0.0,0.0,0.0,0,,,,,109.11374942,1
publimetro_2019-02-28_8,23,none,,adaptive_gaussian,docling_easyocr,llama,7,0,0,0,7,0.0,0.0,0.0,0,,,,,201.220016987,1
publimetro_2019-02-28_8,23,none,,adaptive_gaussian,docling_rapidocr,llama,7,0,0,0,7,0.0,0.0,0.0,0,,,,,106.372499496,1
publimetro_2019-02-28_8,23,none,,adaptive_mean,docling_easyocr,llama,7,0,0,0,7,0.0,0.0,0.0,0,,,,,190.839777448,1
publimetro_2019-02-28_8,23,none,,adaptive_mean,docling_rapidocr,llama,7,0,0,0,7,0.0,0.0,0.0,0,,,,,110.428247192,1
publimetro_2019-02-28_8,23,none,,basic,docling_easyocr,llama,7,0,0,0,7,0.0,0.0,0.0,0,,,,,167.59439232,1
publimetro_2019-02-28_8,23,none,,basic,docling_rapidocr,llama,7,0,0,0,7,0.0,0.0,0.0,0,,,,,108.685099622,1
publimetro_2019-02-28_8,23,none,,niblack,docling_easyocr,llama,7,0,0,0,7,0.0,0.0,0.0,0,,,,,151.877128093,1
publimetro_2019-02-28_8,23,none,,niblack,docling_rapidocr,llama,7,0,0,0,7,0.0,0.0,0.0,0,,,,,96.73973891,1
publimetro_2019-02-28_8,23,none,,none_color,docling_easyocr,llama,7,0,0,0,7,0.0,0.0,0.0,0,,,,,194.813297458,1
publimetro_2019-02-28_8,23,none,,none_color,docling_rapidocr,llama,7,0,0,0,7,0.0,0.0,0.0,0,,,,,110.13443441,1
publimetro_2019-02-28_8,23,none,,none_grayscale,docling_easyocr,llama,7,0,0,0,7,0.0,0.0,0.0,0,,,,,200.801454969,1
publimetro_2019-02-28_8,23,none,,none_grayscale,docling_rapidocr,llama,7,0,0,0,7,0.0,0.0,0.0,0,,,,,106.027270504,1
publimetro_2019-02-28_8,23,none,,otsu,docling_easyocr,llama,7,0,0,0,7,0.0,0.0,0.0,0,,,,,200.767853115,1
publimetro_2019-02-28_8,23,none,,otsu,docling_rapidocr,llama,7,0,0,0,7,0.0,0.0,0.0,0,,,,,106.868339393,1
publimetro_2019-02-28_8,24,none,,adaptive_gaussian,docling_easyocr,llama,7,0,0,0,7,0.0,0.0,0.0,0,,,,,105.664240926,1
publimetro_2019-02-28_8,24,none,,adaptive_gaussian,docling_rapidocr,llama,7,0,0,0,7,0.0,0.0,0.0,0,,,,,22.889090627,1
publimetro_2019-02-28_8,24,none,,adaptive_mean,docling_easyocr,llama,7,0,0,0,7,0.0,0.0,0.0,0,,,,,114.197099413,1
publimetro_2019-02-28_8,24,none,,adaptive_mean,docling_rapidocr,llama,7,0,0,0,7,0.0,0.0,0.0,0,,,,,23.949815477,1
publimetro_2019-02-28_8,24,none,,basic,docling_easyocr,llama,7,0,0,0,7,0.0,0.0,0.0,0,,,,,95.288934643,1
publimetro_2019-02-28_8,24,none,,basic,docling_rapidocr,llama,7,0,0,0,7,0.0,0.0,0.0,0,,,,,24.476525957,1
publimetro_2019-02-28_8,24,none,,niblack,docling_easyocr,llama,7,0,0,0,7,0.0,0.0,0.0,0,,,,,65.544747526,1
publimetro_2019-02-28_8,24,none,,niblack,docling_rapidocr,llama,7,0,0,0,7,0.0,0.0,0.0,0,,,,,10.808002645,1
publimetro_2019-02-28_8,24,none,,none_color,docling_easyocr,llama,7,0,0,0,7,0.0,0.0,0.0,0,,,,,97.855245691,1
publimetro_2019-02-28_8,24,none,,none_color,docling_rapidocr,llama,7,0,0,0,7,0.0,0.0,0.0,0,,,,,24.376526933,1
publimetro_2019-02-28_8,24,none,,none_grayscale,docling_easyocr,llama,7,0,0,0,7,0.0,0.0,0.0,0,,,,,97.359989578,1
publimetro_2019-02-28_8,24,none,,none_grayscale,docling_rapidocr,llama,7,0,0,0,7,0.0,0.0,0.0,0,,,,,23.462977344,1
publimetro_2019-02-28_8,24,none,,otsu,docling_easyocr,llama,7,0,0,0,7,0.0,0.0,0.0,0,,,,,89.979177793,1
publimetro_2019-02-28_8,24,none,,otsu,docling_rapidocr,llama,7,0,0,0,7,0.0,0.0,0.0,0,,,,,23.820922693,1
publimetro_2019-02-28_8,25,none,,adaptive_gaussian,docling_easyocr,llama,7,0,0,0,7,0.0,0.0,0.0,0,,,,,98.300332864,1
publimetro_2019-02-28_8,25,none,,adaptive_gaussian,docling_rapidocr,llama,7,0,0,0,7,0.0,0.0,0.0,0,,,,,15.422386488,1
publimetro_2019-02-28_8,25,none,,adaptive_mean,docling_easyocr,llama,7,0,0,0,7,0.0,0.0,0.0,0,,,,,110.126326517,1
publimetro_2019-02-28_8,25,none,,adaptive_mean,docling_rapidocr,llama,7,0,0,0,7,0.0,0.0,0.0,0,,,,,18.416715101,1
publimetro_2019-02-28_8,25,none,,basic,docling_easyocr,llama,7,0,0,0,7,0.0,0.0,0.0,0,,,,,90.69163401,1
publimetro_2019-02-28_8,25,none,,basic,docling_rapidocr,llama,7,0,0,0,7,0.0,0.0,0.0,0,,,,,20.329775642,1
publimetro_2019-02-28_8,25,none,,niblack,docling_easyocr,llama,7,0,0,0,7,0.0,0.0,0.0,0,,,,,65.44689908,1
publimetro_2019-02-28_8,25,none,,niblack,docling_rapidocr,llama,7,0,0,0,7,0.0,0.0,0.0,0,,,,,10.864770078,1
publimetro_2019-02-28_8,25,none,,none_color,docling_easyocr,llama,7,0,0,0,7,0.0,0.0,0.0,0,,,,,98.371026918,1
publimetro_2019-02-28_8,25,none,,none_color,docling_rapidocr,llama,7,0,0,0,7,0.0,0.0,0.0,0,,,,,22.874665186,1
publimetro_2019-02-28_8,25,none,,none_grayscale,docling_easyocr,llama,7,0,0,0,7,0.0,0.0,0.0,0,,,,,98.21953821,1
publimetro_2019-02-28_8,25,none,,none_grayscale,docling_rapidocr,llama,7,0,0,0,7,0.0,0.0,0.0,0,,,,,21.689693449,1
publimetro_2019-02-28_8,25,none,,otsu,docling_easyocr,llama,7,0,0,0,7,0.0,0.0,0.0,0,,,,,96.859880352,1
publimetro_2019-02-28_8,25,none,,otsu,docling_rapidocr,llama,7,0,0,0,7,0.0,0.0,0.0,0,,,,,23.314158582,1
publimetro_2019-02-28_8,26,none,,adaptive_gaussian,docling_easyocr,llama,7,0,0,0,7,0.0,0.0,0.0,0,,,,,110.392564308,1
publimetro_2019-02-28_8,26,none,,adaptive_gaussian,docling_rapidocr,llama,7,0,0,0,7,0.0,0.0,0.0,0,,,,,22.792509329,1
publimetro_2019-02-28_8,26,none,,adaptive_mean,docling_easyocr,llama,7,0,0,0,7,0.0,0.0,0.0,0,,,,,102.051088842,1
publimetro_2019-02-28_8,26,none,,adaptive_mean,docling_rapidocr,llama,7,0,0,0,7,0.0,0.0,0.0,0,,,,,25.024321589,1
publimetro_2019-02-28_8,26,none,,basic,docling_easyocr,llama,7,0,0,0,7,0.0,0.0,0.0,0,,,,,91.241478041,1
publimetro_2019-02-28_8,26,none,,basic,docling_rapidocr,llama,7,0,0,0,7,0.0,0.0,0.0,0,,,,,23.450165108,1
publimetro_2019-02-28_8,26,none,,niblack,docling_easyocr,llama,7,0,0,0,7,0.0,0.0,0.0,0,,,,,67.427869623,1
publimetro_2019-02-28_8,26,none,,niblack,docling_rapidocr,llama,7,0,0,0,7,0.0,0.0,0.0,0,,,,,11.376301115,1
publimetro_2019-02-28_8,26,none,,none_color,docling_easyocr,llama,7,0,0,0,7,0.0,0.0,0.0,0,,,,,100.229170086,1
publimetro_2019-02-28_8,26,none,,none_color,docling_rapidocr,llama,7,0,0,0,7,0.0,0.0,0.0,0,,,,,23.534494402,1
publimetro_2019-02-28_8,26,none,,none_grayscale,docling_easyocr,llama,7,0,0,0,7,0.0,0.0,0.0,0,,,,,97.553905251,1
publimetro_2019-02-28_8,26,none,,none_grayscale,docling_rapidocr,llama,7,0,0,0,7,0.0,0.0,0.0,0,,,,,23.42883444,1
publimetro_2019-02-28_8,26,none,,otsu,docling_easyocr,llama,7,0,0,0,7,0.0,0.0,0.0,0,,,,,100.261189131,1
publimetro_2019-02-28_8,26,none,,otsu,docling_rapidocr,llama,7,0,0,0,7,0.0,0.0,0.0,0,,,,,23.568398146,1
publimetro_2019-02-28_8,27,none,,adaptive_gaussian,docling_easyocr,llama,7,0,0,0,7,0.0,0.0,0.0,0,,,,,113.881299063,1
publimetro_2019-02-28_8,27,none,,adaptive_gaussian,docling_rapidocr,llama,7,0,0,0,7,0.0,0.0,0.0,0,,,,,23.602128311,1
publimetro_2019-02-28_8,27,none,,adaptive_mean,docling_easyocr,llama,7,0,0,0,7,0.0,0.0,0.0,0,,,,,112.964791767,1
publimetro_2019-02-28_8,27,none,,adaptive_mean,docling_rapidocr,llama,7,0,0,0,7,0.0,0.0,0.0,0,,,,,21.275792591,1
publimetro_2019-02-28_8,27,none,,basic,docling_easyocr,llama,7,0,0,0,7,0.0,0.0,0.0,0,,,,,99.431352484,1
publimetro_2019-02-28_8,27,none,,basic,docling_rapidocr,llama,7,0,0,0,7,0.0,0.0,0.0,0,,,,,24.145872938,1
publimetro_2019-02-28_8,27,none,,niblack,docling_easyocr,llama,7,0,0,0,7,0.0,0.0,0.0,0,,,,,65.625099859,1
publimetro_2019-02-28_8,27,none,,niblack,docling_rapidocr,llama,7,0,0,0,7,0.0,0.0,0.0,0,,,,,10.518213711,1
publimetro_2019-02-28_8,27,none,,none_color,docling_easyocr,llama,7,0,0,0,7,0.0,0.0,0.0,0,,,,,99.578312359,1
publimetro_2019-02-28_8,27,none,,none_color,docling_rapidocr,llama,7,0,0,0,7,0.0,0.0,0.0,0,,,,,23.812988482,1
publimetro_2019-02-28_8,27,none,,none_grayscale,docling_easyocr,llama,7,0,0,0,7,0.0,0.0,0.0,0,,,,,100.773637329,1
publimetro_2019-02-28_8,27,none,,none_grayscale,docling_rapidocr,llama,7,0,0,0,7,0.0,0.0,0.0,0,,,,,23.828401362,1
publimetro_2019-02-28_8,27,none,,otsu,docling_easyocr,llama,7,0,0,0,7,0.0,0.0,0.0,0,,,,,99.649927795,1
publimetro_2019-02-28_8,27,none,,otsu,docling_rapidocr,llama,7,0,0,0,7,0.0,0.0,0.0,0,,,,,19.619024456,1
publimetro_2019-02-28_8,28,none,,adaptive_gaussian,docling_easyocr,llama,7,0,0,0,7,0.0,0.0,0.0,0,,,,,88.300905945,1
publimetro_2019-02-28_8,28,none,,adaptive_gaussian,docling_rapidocr,llama,7,0,0,0,7,0.0,0.0,0.0,0,,,,,14.862145426,1
publimetro_2019-02-28_8,28,none,,adaptive_mean,docling_easyocr,llama,7,0,0,0,7,0.0,0.0,0.0,0,,,,,108.6799041,1
publimetro_2019-02-28_8,28,none,,adaptive_mean,docling_rapidocr,llama,7,0,0,0,7,0.0,0.0,0.0,0,,,,,22.542858955,1
publimetro_2019-02-28_8,28,none,,basic,docling_easyocr,llama,7,0,0,0,7,0.0,0.0,0.0,0,,,,,90.46869413,1
publimetro_2019-02-28_8,28,none,,basic,docling_rapidocr,llama,7,0,0,0,7,0.0,0.0,0.0,0,,,,,20.80991737,1
publimetro_2019-02-28_8,28,none,,niblack,docling_easyocr,llama,7,0,0,0,7,0.0,0.0,0.0,0,,,,,65.980215708,1
publimetro_2019-02-28_8,28,none,,niblack,docling_rapidocr,llama,7,0,0,0,7,0.0,0.0,0.0,0,,,,,9.98939077,1
publimetro_2019-02-28_8,28,none,,none_color,docling_easyocr,llama,7,0,0,0,7,0.0,0.0,0.0,0,,,,,97.878223505,1
publimetro_2019-02-28_8,28,none,,none_color,docling_rapidocr,llama,7,0,0,0,7,0.0,0.0,0.0,0,,,,,24.557647553,1
publimetro_2019-02-28_8,28,none,,none_grayscale,docling_easyocr,llama,7,0,0,0,7,0.0,0.0,0.0,0,,,,,99.308630386,1
publimetro_2019-02-28_8,28,none,,none_grayscale,docling_rapidocr,llama,7,0,0,0,7,0.0,0.0,0.0,0,,,,,19.450134197,1
publimetro_2019-02-28_8,28,none,,otsu,docling_easyocr,llama,7,0,0,0,7,0.0,0.0,0.0,0,,,,,90.817417925,1
publimetro_2019-02-28_8,28,none,,otsu,docling_rapidocr,llama,7,0,0,0,7,0.0,0.0,0.0,0,,,,,19.962846344,1
publimetro_2019-02-28_8,29,none,,adaptive_gaussian,docling_easyocr,llama,7,0,0,0,7,0.0,0.0,0.0,0,,,,,115.916847563,1
publimetro_2019-02-28_8,29,none,,adaptive_gaussian,docling_rapidocr,llama,7,0,0,0,7,0.0,0.0,0.0,0,,,,,23.101521349,1
publimetro_2019-02-28_8,29,none,,adaptive_mean,docling_easyocr,llama,7,0,0,0,7,0.0,0.0,0.0,0,,,,,104.657684919,1
publimetro_2019-02-28_8,29,none,,adaptive_mean,docling_rapidocr,llama,7,0,0,0,7,0.0,0.0,0.0,0,,,,,23.706904766,1
publimetro_2019-02-28_8,29,none,,basic,docling_easyocr,llama,7,0,0,0,7,0.0,0.0,0.0,0,,,,,102.358577648,1
publimetro_2019-02-28_8,29,none,,basic,docling_rapidocr,llama,7,0,0,0,7,0.0,0.0,0.0,0,,,,,22.124968449,1
publimetro_2019-02-28_8,29,none,,niblack,docling_easyocr,llama,7,0,0,0,7,0.0,0.0,0.0,0,,,,,66.290097012,1
publimetro_2019-02-28_8,29,none,,niblack,docling_rapidocr,llama,7,0,0,0,7,0.0,0.0,0.0,0,,,,,11.430612101,1
publimetro_2019-02-28_8,29,none,,none_color,docling_easyocr,llama,7,0,0,0,7,0.0,0.0,0.0,0,,,,,95.20422348,1
publimetro_2019-02-28_8,29,none,,none_color,docling_rapidocr,llama,7,0,0,0,7,0.0,0.0,0.0,0,,,,,23.299736586,1
publimetro_2019-02-28_8,29,none,,none_grayscale,docling_easyocr,llama,7,0,0,0,7,0.0,0.0,0.0,0,,,,,101.213873472,1
publimetro_2019-02-28_8,29,none,,none_grayscale,docling_rapidocr,llama,7,0,0,0,7,0.0,0.0,0.0,0,,,,,23.824681845,1
publimetro_2019-02-28_8,29,none,,otsu,docling_easyocr,llama,7,0,0,0,7,0.0,0.0,0.0,0,,,,,96.09603738,1
publimetro_2019-02-28_8,29,none,,otsu,docling_rapidocr,llama,7,0,0,0,7,0.0,0.0,0.0,0,,,,,23.10416054,1
publimetro_2019-02-28_8,30,none,,adaptive_gaussian,docling_easyocr,llama,7,0,0,0,7,0.0,0.0,0.0,0,,,,,105.559428106,1
publimetro_2019-02-28_8,30,none,,adaptive_gaussian,docling_rapidocr,llama,7,0,0,0,7,0.0,0.0,0.0,0,,,,,19.54295672,1
publimetro_2019-02-28_8,30,none,,adaptive_mean,docling_easyocr,llama,7,0,0,0,7,0.0,0.0,0.0,0,,,,,87.586400825,1
publimetro_2019-02-28_8,30,none,,adaptive_mean,docling_rapidocr,llama,7,0,0,0,7,0.0,0.0,0.0,0,,,,,12.239614564,1
publimetro_2019-02-28_8,30,none,,basic,docling_easyocr,llama,7,0,0,0,7,0.0,0.0,0.0,0,,,,,119.753527356,1
publimetro_2019-02-28_8,30,none,,basic,docling_rapidocr,llama,7,0,0,0,7,0.0,0.0,0.0,0,,,,,23.665085269,1
publimetro_2019-02-28_8,30,none,,niblack,docling_easyocr,llama,7,0,0,0,7,0.0,0.0,0.0,0,,,,,66.565024278,1
publimetro_2019-02-28_8,30,none,,niblack,docling_rapidocr,llama,7,0,0,0,7,0.0,0.0,0.0,0,,,,,12.565366409,1
publimetro_2019-02-28_8,30,none,,none_color,docling_easyocr,llama,7,0,0,0,7,0.0,0.0,0.0,0,,,,,100.686560201,1
publimetro_2019-02-28_8,30,none,,none_color,docling_rapidocr,llama,7,0,0,0,7,0.0,0.0,0.0,0,,,,,21.207678365,1
publimetro_2019-02-28_8,30,none,,none_grayscale,docling_easyocr,llama,7,0,0,0,7,0.0,0.0,0.0,0,,,,,94.411666751,1
publimetro_2019-02-28_8,30,none,,none_grayscale,docling_rapidocr,llama,7,0,0,0,7,0.0,0.0,0.0,0,,,,,23.560114503,1
publimetro_2019-02-28_8,30,none,,otsu,docling_easyocr,llama,7,0,0,0,7,0.0,0.0,0.0,0,,,,,100.868114021,1
publimetro_2019-02-28_8,30,none,,otsu,docling_rapidocr,llama,7,0,0,0,7,0.0,0.0,0.0,0,,,,,24.14233854,1
publimetro_2019-02-28_8,31,none,,adaptive_gaussian,docling_easyocr,llama,7,0,0,0,7,0.0,0.0,0.0,0,,,,,105.792762439,1
publimetro_2019-02-28_8,31,none,,adaptive_gaussian,docling_rapidocr,llama,7,0,0,0,7,0.0,0.0,0.0,0,,,,,22.909887235,1
publimetro_2019-02-28_8,31,none,,adaptive_mean,docling_easyocr,llama,7,0,0,0,7,0.0,0.0,0.0,0,,,,,97.836185014,1
publimetro_2019-02-28_8,31,none,,adaptive_mean,docling_rapidocr,llama,7,0,0,0,7,0.0,0.0,0.0,0,,,,,22.065843379,1
publimetro_2019-02-28_8,31,none,,basic,docling_easyocr,llama,7,0,0,0,7,0.0,0.0,0.0,0,,,,,100.798761995,1
publimetro_2019-02-28_8,31,none,,basic,docling_rapidocr,llama,7,0,0,0,7,0.0,0.0,0.0,0,,,,,22.835362584,1
publimetro_2019-02-28_8,31,none,,niblack,docling_easyocr,llama,7,0,0,0,7,0.0,0.0,0.0,0,,,,,63.688040811,1
publimetro_2019-02-28_8,31,none,,niblack,docling_rapidocr,llama,7,0,0,0,7,0.0,0.0,0.0,0,,,,,10.690667707,1
publimetro_2019-02-28_8,31,none,,none_color,docling_easyocr,llama,7,0,0,0,7,0.0,0.0,0.0,0,,,,,100.211303478,1
publimetro_2019-02-28_8,31,none,,none_color,docling_rapidocr,llama,7,0,0,0,7,0.0,0.0,0.0,0,,,,,21.255727058,1
publimetro_2019-02-28_8,31,none,,none_grayscale,docling_easyocr,llama,7,0,0,0,7,0.0,0.0,0.0,0,,,,,92.065810996,1
publimetro_2019-02-28_8,31,none,,none_grayscale,docling_rapidocr,llama,7,0,0,0,7,0.0,0.0,0.0,0,,,,,20.096108991,1
publimetro_2019-02-28_8,31,none,,otsu,docling_easyocr,llama,7,0,0,0,7,0.0,0.0,0.0,0,,,,,99.787106021,1
publimetro_2019-02-28_8,31,none,,otsu,docling_rapidocr,llama,7,0,0,0,7,0.0,0.0,0.0,0,,,,,22.659312948,1
publimetro_2019-02-28_8,32,none,,adaptive_gaussian,docling_easyocr,llama,7,0,0,0,7,0.0,0.0,0.0,0,,,,,106.186459794,1
publimetro_2019-02-28_8,32,none,,adaptive_gaussian,docling_rapidocr,llama,7,0,0,0,7,0.0,0.0,0.0,0,,,,,22.816752448,1
publimetro_2019-02-28_8,32,none,,adaptive_mean,docling_easyocr,llama,7,0,0,0,7,0.0,0.0,0.0,0,,,,,84.676943338,1
publimetro_2019-02-28_8,32,none,,adaptive_mean,docling_rapidocr,llama,7,0,0,0,7,0.0,0.0,0.0,0,,,,,12.218865669,1
publimetro_2019-02-28_8,32,none,,basic,docling_easyocr,llama,7,0,0,0,7,0.0,0.0,0.0,0,,,,,111.580373365,1
publimetro_2019-02-28_8,32,none,,basic,docling_rapidocr,llama,7,0,0,0,7,0.0,0.0,0.0,0,,,,,23.597132045,1
publimetro_2019-02-28_8,32,none,,niblack,docling_easyocr,llama,7,0,0,0,7,0.0,0.0,0.0,0,,,,,67.288673665,1
publimetro_2019-02-28_8,32,none,,niblack,docling_rapidocr,llama,7,0,0,0,7,0.0,0.0,0.0,0,,,,,11.715253856,1
publimetro_2019-02-28_8,32,none,,none_color,docling_easyocr,llama,7,0,0,0,7,0.0,0.0,0.0,0,,,,,100.911774402,1
publimetro_2019-02-28_8,32,none,,none_color,docling_rapidocr,llama,7,0,0,0,7,0.0,0.0,0.0,0,,,,,19.590336566,1
publimetro_2019-02-28_8,32,none,,none_grayscale,docling_easyocr,llama,7,0,0,0,7,0.0,0.0,0.0,0,,,,,101.245707994,1
publimetro_2019-02-28_8,32,none,,none_grayscale,docling_rapidocr,llama,7,0,0,0,7,0.0,0.0,0.0,0,,,,,23.4733913,1
publimetro_2019-02-28_8,32,none,,otsu,docling_easyocr,llama,7,0,0,0,7,0.0,0.0,0.0,0,,,,,101.988206775,1
publimetro_2019-02-28_8,32,none,,otsu,docling_rapidocr,llama,7,0,0,0,7,0.0,0.0,0.0,0,,,,,23.440525205,1
publimetro_2019-02-28_8,33,none,,adaptive_gaussian,docling_easyocr,llama,7,0,0,0,7,0.0,0.0,0.0,0,,,,,110.917598117,1
publimetro_2019-02-28_8,33,none,,adaptive_gaussian,docling_rapidocr,llama,7,0,0,0,7,0.0,0.0,0.0,0,,,,,20.878327001,1
publimetro_2019-02-28_8,33,none,,adaptive_mean,docling_easyocr,llama,7,0,0,0,7,0.0,0.0,0.0,0,,,,,101.090886888,1
publimetro_2019-02-28_8,33,none,,adaptive_mean,docling_rapidocr,llama,7,0,0,0,7,0.0,0.0,0.0,0,,,,,22.22742587,1
publimetro_2019-02-28_8,33,none,,basic,docling_easyocr,llama,7,0,0,0,7,0.0,0.0,0.0,0,,,,,100.85639129,1
publimetro_2019-02-28_8,33,none,,basic,docling_rapidocr,llama,7,0,0,0,7,0.0,0.0,0.0,0,,,,,25.378855089,1
publimetro_2019-02-28_8,33,none,,niblack,docling_easyocr,llama,7,0,0,0,7,0.0,0.0,0.0,0,,,,,67.070037795,1
publimetro_2019-02-28_8,33,none,,niblack,docling_rapidocr,llama,7,0,0,0,7,0.0,0.0,0.0,0,,,,,12.515513612,1
publimetro_2019-02-28_8,33,none,,none_color,docling_easyocr,llama,7,0,0,0,7,0.0,0.0,0.0,0,,,,,98.504797412,1
publimetro_2019-02-28_8,33,none,,none_color,docling_rapidocr,llama,7,0,0,0,7,0.0,0.0,0.0,0,,,,,22.826944305,1
publimetro_2019-02-28_8,33,none,,none_grayscale,docling_easyocr,llama,7,0,0,0,7,0.0,0.0,0.0,0,,,,,91.984223392,1
publimetro_2019-02-28_8,33,none,,none_grayscale,docling_rapidocr,llama,7,0,0,0,7,0.0,0.0,0.0,0,,,,,20.136916664,1
publimetro_2019-02-28_8,33,none,,otsu,docling_easyocr,llama,7,0,0,0,7,0.0,0.0,0.0,0,,,,,101.330501251,1
publimetro_2019-02-28_8,33,none,,otsu,docling_rapidocr,llama,7,0,0,0,7,0.0,0.0,0.0,0,,,,,23.593189411,1
publimetro_2019-02-28_8,34,none,,adaptive_gaussian,docling_easyocr,llama,7,0,0,0,7,0.0,0.0,0.0,0,,,,,112.316455609,1
publimetro_2019-02-28_8,34,none,,adaptive_gaussian,docling_rapidocr,llama,7,0,0,0,7,0.0,0.0,0.0,0,,,,,23.872558839,1
publimetro_2019-02-28_8,34,none,,adaptive_mean,docling_easyocr,llama,7,0,0,0,7,0.0,0.0,0.0,0,,,,,107.907352402,1
publimetro_2019-02-28_8,34,none,,adaptive_mean,docling_rapidocr,llama,7,0,0,0,7,0.0,0.0,0.0,0,,,,,23.042736247,1
publimetro_2019-02-28_8,34,none,,basic,docling_easyocr,llama,7,0,0,0,7,0.0,0.0,0.0,0,,,,,98.545415637,1
publimetro_2019-02-28_8,34,none,,basic,docling_rapidocr,llama,7,0,0,0,7,0.0,0.0,0.0,0,,,,,23.097537753,1
publimetro_2019-02-28_8,34,none,,niblack,docling_easyocr,llama,7,0,0,0,7,0.0,0.0,0.0,0,,,,,62.218874451,1
publimetro_2019-02-28_8,34,none,,niblack,docling_rapidocr,llama,7,0,0,0,7,0.0,0.0,0.0,0,,,,,11.392504212,1
publimetro_2019-02-28_8,34,none,,none_color,docling_easyocr,llama,7,0,0,0,7,0.0,0.0,0.0,0,,,,,91.601990552,1
publimetro_2019-02-28_8,34,none,,none_color,docling_rapidocr,llama,7,0,0,0,7,0.0,0.0,0.0,0,,,,,23.508458228,1
publimetro_2019-02-28_8,34,none,,none_grayscale,docling_easyocr,llama,7,0,0,0,7,0.0,0.0,0.0,0,,,,,96.248254939,1
publimetro_2019-02-28_8,34,none,,none_grayscale,docling_rapidocr,llama,7,0,0,0,7,0.0,0.0,0.0,0,,,,,23.476034327,1
publimetro_2019-02-28_8,34,none,,otsu,docling_easyocr,llama,7,0,0,0,7,0.0,0.0,0.0,0,,,,,96.473800013,1
publimetro_2019-02-28_8,34,none,,otsu,docling_rapidocr,llama,7,0,0,0,7,0.0,0.0,0.0,0,,,,,19.767819951,1
publimetro_2019-02-28_8,35,none,,adaptive_gaussian,docling_easyocr,llama,7,0,0,0,7,0.0,0.0,0.0,0,,,,,104.456278331,1
publimetro_2019-02-28_8,35,none,,adaptive_gaussian,docling_rapidocr,llama,7,0,0,0,7,0.0,0.0,0.0,0,,,,,21.487620122,1
publimetro_2019-02-28_8,35,none,,adaptive_mean,docling_easyocr,llama,7,0,0,0,7,0.0,0.0,0.0,0,,,,,101.140359595,1
publimetro_2019-02-28_8,35,none,,adaptive_mean,docling_rapidocr,llama,7,0,0,0,7,0.0,0.0,0.0,0,,,,,19.80264993,1
publimetro_2019-02-28_8,35,none,,basic,docling_easyocr,llama,7,0,0,0,7,0.0,0.0,0.0,0,,,,,121.044090983,1
publimetro_2019-02-28_8,35,none,,basic,docling_rapidocr,llama,7,0,0,0,7,0.0,0.0,0.0,0,,,,,23.018177745,1
publimetro_2019-02-28_8,35,none,,niblack,docling_easyocr,llama,7,0,0,0,7,0.0,0.0,0.0,0,,,,,67.990818135,1
publimetro_2019-02-28_8,35,none,,niblack,docling_rapidocr,llama,7,0,0,0,7,0.0,0.0,0.0,0,,,,,11.555741421,1
publimetro_2019-02-28_8,35,none,,none_color,docling_easyocr,llama,7,0,0,0,7,0.0,0.0,0.0,0,,,,,98.785537644,1
publimetro_2019-02-28_8,35,none,,none_color,docling_rapidocr,llama,7,0,0,0,7,0.0,0.0,0.0,0,,,,,24.319046183,1
publimetro_2019-02-28_8,35,none,,none_grayscale,docling_easyocr,llama,7,0,0,0,7,0.0,0.0,0.0,0,,,,,93.258680983,1
publimetro_2019-02-28_8,35,none,,none_grayscale,docling_rapidocr,llama,7,0,0,0,7,0.0,0.0,0.0,0,,,,,24.302444382,1
publimetro_2019-02-28_8,35,none,,otsu,docling_easyocr,llama,7,0,0,0,7,0.0,0.0,0.0,0,,,,,98.13698251,1
publimetro_2019-02-28_8,35,none,,otsu,docling_rapidocr,llama,7,0,0,0,7,0.0,0.0,0.0,0,,,,,19.391344617,1
publimetro_2019-02-28_8,36,none,,adaptive_gaussian,docling_easyocr,llama,7,0,0,0,7,0.0,0.0,0.0,0,,,,,104.360021971,1
publimetro_2019-02-28_8,36,none,,adaptive_gaussian,docling_rapidocr,llama,7,0,0,0,7,0.0,0.0,0.0,0,,,,,24.046914719,1
publimetro_2019-02-28_8,36,none,,adaptive_mean,docling_easyocr,llama,7,0,0,0,7,0.0,0.0,0.0,0,,,,,103.317654534,1
publimetro_2019-02-28_8,36,none,,adaptive_mean,docling_rapidocr,llama,7,0,0,0,7,0.0,0.0,0.0,0,,,,,23.236104651,1
publimetro_2019-02-28_8,36,none,,basic,docling_easyocr,llama,7,0,0,0,7,0.0,0.0,0.0,0,,,,,114.262232985,1
publimetro_2019-02-28_8,36,none,,basic,docling_rapidocr,llama,7,0,0,0,7,0.0,0.0,0.0,0,,,,,20.028115,1
publimetro_2019-02-28_8,36,none,,niblack,docling_easyocr,llama,7,0,0,0,7,0.0,0.0,0.0,0,,,,,62.959937964,1
publimetro_2019-02-28_8,36,none,,niblack,docling_rapidocr,llama,7,0,0,0,7,0.0,0.0,0.0,0,,,,,10.894555722,1
publimetro_2019-02-28_8,36,none,,none_color,docling_easyocr,llama,7,0,0,0,7,0.0,0.0,0.0,0,,,,,106.910747111,1
publimetro_2019-02-28_8,36,none,,none_color,docling_rapidocr,llama,7,0,0,0,7,0.0,0.0,0.0,0,,,,,24.028349221,1
publimetro_2019-02-28_8,36,none,,none_grayscale,docling_easyocr,llama,7,0,0,0,7,0.0,0.0,0.0,0,,,,,107.544098986,1
publimetro_2019-02-28_8,36,none,,none_grayscale,docling_rapidocr,llama,7,0,0,0,7,0.0,0.0,0.0,0,,,,,23.449943198,1
publimetro_2019-02-28_8,36,none,,otsu,docling_easyocr,llama,7,0,0,0,7,0.0,0.0,0.0,0,,,,,99.610369721,1
publimetro_2019-02-28_8,36,none,,otsu,docling_rapidocr,llama,7,0,0,0,7,0.0,0.0,0.0,0,,,,,24.797142068,1
publimetro_2019-02-28_8,37,none,,adaptive_gaussian,docling_easyocr,llama,7,0,0,0,7,0.0,0.0,0.0,0,,,,,91.039798764,1
publimetro_2019-02-28_8,37,none,,adaptive_gaussian,docling_rapidocr,llama,7,0,0,0,7,0.0,0.0,0.0,0,,,,,12.282707003,1
publimetro_2019-02-28_8,37,none,,adaptive_mean,docling_easyocr,llama,7,0,0,0,7,0.0,0.0,0.0,0,,,,,92.819432711,1
publimetro_2019-02-28_8,37,none,,adaptive_mean,docling_rapidocr,llama,7,0,0,0,7,0.0,0.0,0.0,0,,,,,18.339151597,1
publimetro_2019-02-28_8,37,none,,basic,docling_easyocr,llama,7,0,0,0,7,0.0,0.0,0.0,0,,,,,104.956622618,1
publimetro_2019-02-28_8,37,none,,basic,docling_rapidocr,llama,7,0,0,0,7,0.0,0.0,0.0,0,,,,,20.425658959,1
publimetro_2019-02-28_8,37,none,,niblack,docling_easyocr,llama,7,0,0,0,7,0.0,0.0,0.0,0,,,,,65.763524094,1
publimetro_2019-02-28_8,37,none,,niblack,docling_rapidocr,llama,7,0,0,0,7,0.0,0.0,0.0,0,,,,,11.543320456,1
publimetro_2019-02-28_8,37,none,,none_color,docling_easyocr,llama,7,0,0,0,7,0.0,0.0,0.0,0,,,,,105.943791096,1
publimetro_2019-02-28_8,37,none,,none_color,docling_rapidocr,llama,7,0,0,0,7,0.0,0.0,0.0,0,,,,,24.44002599,1
publimetro_2019-02-28_8,37,none,,none_grayscale,docling_easyocr,llama,7,0,0,0,7,0.0,0.0,0.0,0,,,,,105.234940308,1
publimetro_2019-02-28_8,37,none,,none_grayscale,docling_rapidocr,llama,7,0,0,0,7,0.0,0.0,0.0,0,,,,,20.105505484,1
publimetro_2019-02-28_8,37,none,,otsu,docling_easyocr,llama,7,0,0,0,7,0.0,0.0,0.0,0,,,,,106.598578139,1
publimetro_2019-02-28_8,37,none,,otsu,docling_rapidocr,llama,7,0,0,0,7,0.0,0.0,0.0,0,,,,,22.995865985,1
publimetro_2019-02-28_8,38,none,,adaptive_gaussian,docling_easyocr,llama,7,0,0,0,7,0.0,0.0,0.0,0,,,,,110.503716777,1
publimetro_2019-02-28_8,38,none,,adaptive_gaussian,docling_rapidocr,llama,7,0,0,0,7,0.0,0.0,0.0,0,,,,,23.325457404,1
publimetro_2019-02-28_8,38,none,,adaptive_mean,docling_easyocr,llama,7,0,0,0,7,0.0,0.0,0.0,0,,,,,103.362476035,1
publimetro_2019-02-28_8,38,none,,adaptive_mean,docling_rapidocr,llama,7,0,0,0,7,0.0,0.0,0.0,0,,,,,23.243451043,1
publimetro_2019-02-28_8,38,none,,basic,docling_easyocr,llama,7,0,0,0,7,0.0,0.0,0.0,0,,,,,93.973338498,1
publimetro_2019-02-28_8,38,none,,basic,docling_rapidocr,llama,7,0,0,0,7,0.0,0.0,0.0,0,,,,,20.638831033,1
publimetro_2019-02-28_8,38,none,,niblack,docling_easyocr,llama,7,0,0,0,7,0.0,0.0,0.0,0,,,,,64.825550067,1
publimetro_2019-02-28_8,38,none,,niblack,docling_rapidocr,llama,7,0,0,0,7,0.0,0.0,0.0,0,,,,,11.214468705,1
publimetro_2019-02-28_8,38,none,,none_color,docling_easyocr,llama,7,0,0,0,7,0.0,0.0,0.0,0,,,,,108.000546754,1
publimetro_2019-02-28_8,38,none,,none_color,docling_rapidocr,llama,7,0,0,0,7,0.0,0.0,0.0,0,,,,,23.989662708,1
publimetro_2019-02-28_8,38,none,,none_grayscale,docling_easyocr,llama,7,0,0,0,7,0.0,0.0,0.0,0,,,,,102.345466436,1
publimetro_2019-02-28_8,38,none,,none_grayscale,docling_rapidocr,llama,7,0,0,0,7,0.0,0.0,0.0,0,,,,,23.094303907,1
publimetro_2019-02-28_8,38,none,,otsu,docling_easyocr,llama,7,0,0,0,7,0.0,0.0,0.0,0,,,,,106.624992099,1
publimetro_2019-02-28_8,38,none,,otsu,docling_rapidocr,llama,7,0,0,0,7,0.0,0.0,0.0,0,,,,,23.721022573,1
publimetro_2019-02-28_8,39,none,,adaptive_gaussian,docling_easyocr,llama,7,0,0,0,7,0.0,0.0,0.0,0,,,,,144.058262533,1
publimetro_2019-02-28_8,39,none,,adaptive_gaussian,docling_rapidocr,llama,7,0,0,0,7,0.0,0.0,0.0,0,,,,,54.96453399,1
publimetro_2019-02-28_8,39,none,,adaptive_mean,docling_easyocr,llama,7,0,0,0,7,0.0,0.0,0.0,0,,,,,143.341543807,1
publimetro_2019-02-28_8,39,none,,adaptive_mean,docling_rapidocr,llama,7,0,0,0,7,0.0,0.0,0.0,0,,,,,52.273128881,1
publimetro_2019-02-28_8,39,none,,basic,docling_easyocr,llama,7,0,0,0,7,0.0,0.0,0.0,0,,,,,122.322294172,1
publimetro_2019-02-28_8,39,none,,basic,docling_rapidocr,llama,7,0,0,0,7,0.0,0.0,0.0,0,,,,,54.577939685,1
publimetro_2019-02-28_8,39,none,,niblack,docling_easyocr,llama,7,0,0,0,7,0.0,0.0,0.0,0,,,,,95.549513276,1
publimetro_2019-02-28_8,39,none,,niblack,docling_rapidocr,llama,7,0,0,0,7,0.0,0.0,0.0,0,,,,,41.645121511,1
publimetro_2019-02-28_8,39,none,,none_color,docling_easyocr,llama,7,0,0,0,7,0.0,0.0,0.0,0,,,,,125.984638482,1
publimetro_2019-02-28_8,39,none,,none_color,docling_rapidocr,llama,7,0,0,0,7,0.0,0.0,0.0,0,,,,,51.610297471,1
publimetro_2019-02-28_8,39,none,,none_grayscale,docling_easyocr,llama,7,0,0,0,7,0.0,0.0,0.0,0,,,,,129.152870757,1
publimetro_2019-02-28_8,39,none,,none_grayscale,docling_rapidocr,llama,7,0,0,0,7,0.0,0.0,0.0,0,,,,,54.339257581,1
publimetro_2019-02-28_8,39,none,,otsu,docling_easyocr,llama,7,8,4,4,3,0.5,0.571429,0.533333,7,0.0623015873015873,0.42857142857142855,0.47385643748355527,0.5320222247202714,128.360001573,0
publimetro_2019-02-28_8,39,none,,otsu,docling_rapidocr,llama,7,0,0,0,7,0.0,0.0,0.0,0,,,,,51.564399967,1
publimetro_2019-02-28_8,40,none,,adaptive_gaussian,docling_easyocr,llama,7,0,0,0,7,0.0,0.0,0.0,0,,,,,118.692995986,1
publimetro_2019-02-28_8,40,none,,adaptive_gaussian,docling_rapidocr,llama,7,0,0,0,7,0.0,0.0,0.0,0,,,,,43.983654222,1
publimetro_2019-02-28_8,40,none,,adaptive_mean,docling_easyocr,llama,7,0,0,0,7,0.0,0.0,0.0,0,,,,,138.983840303,1
publimetro_2019-02-28_8,40,none,,adaptive_mean,docling_rapidocr,llama,7,0,0,0,7,0.0,0.0,0.0,0,,,,,51.533083753,1
publimetro_2019-02-28_8,40,none,,basic,docling_easyocr,llama,7,0,0,0,7,0.0,0.0,0.0,0,,,,,128.131497096,1
publimetro_2019-02-28_8,40,none,,basic,docling_rapidocr,llama,7,0,0,0,7,0.0,0.0,0.0,0,,,,,55.204400491,1
publimetro_2019-02-28_8,40,none,,niblack,docling_easyocr,llama,7,0,0,0,7,0.0,0.0,0.0,0,,,,,97.503769609,1
publimetro_2019-02-28_8,40,none,,niblack,docling_rapidocr,llama,7,0,0,0,7,0.0,0.0,0.0,0,,,,,41.44538376,1
publimetro_2019-02-28_8,40,none,,none_color,docling_easyocr,llama,7,0,0,0,7,0.0,0.0,0.0,0,,,,,129.476460979,1
publimetro_2019-02-28_8,40,none,,none_color,docling_rapidocr,llama,7,0,0,0,7,0.0,0.0,0.0,0,,,,,53.329455898,1
publimetro_2019-02-28_8,40,none,,none_grayscale,docling_easyocr,llama,7,0,0,0,7,0.0,0.0,0.0,0,,,,,128.416012643,1
publimetro_2019-02-28_8,40,none,,none_grayscale,docling_rapidocr,llama,7,0,0,0,7,0.0,0.0,0.0,0,,,,,53.137687085,1
publimetro_2019-02-28_8,40,none,,otsu,docling_easyocr,llama,7,0,0,0,7,0.0,0.0,0.0,0,,,,,127.854256177,1
publimetro_2019-02-28_8,40,none,,otsu,docling_rapidocr,llama,7,0,0,0,7,0.0,0.0,0.0,0,,,,,51.769326473,1
publimetro_2019-02-28_8,41,none,,adaptive_gaussian,docling_easyocr,llama,7,0,0,0,7,0.0,0.0,0.0,0,,,,,147.193668496,1
publimetro_2019-02-28_8,41,none,,adaptive_gaussian,docling_rapidocr,llama,7,0,0,0,7,0.0,0.0,0.0,0,,,,,54.320114267,1
publimetro_2019-02-28_8,41,none,,adaptive_mean,docling_easyocr,llama,7,0,0,0,7,0.0,0.0,0.0,0,,,,,144.5942494,1
publimetro_2019-02-28_8,41,none,,adaptive_mean,docling_rapidocr,llama,7,0,0,0,7,0.0,0.0,0.0,0,,,,,54.629461679,1
publimetro_2019-02-28_8,41,none,,basic,docling_easyocr,llama,7,0,0,0,7,0.0,0.0,0.0,0,,,,,133.348316863,1
publimetro_2019-02-28_8,41,none,,basic,docling_rapidocr,llama,7,0,0,0,7,0.0,0.0,0.0,0,,,,,55.048608735,1
publimetro_2019-02-28_8,41,none,,niblack,docling_easyocr,llama,7,0,0,0,7,0.0,0.0,0.0,0,,,,,97.802621932,1
publimetro_2019-02-28_8,41,none,,niblack,docling_rapidocr,llama,7,0,0,0,7,0.0,0.0,0.0,0,,,,,42.555295797,1
publimetro_2019-02-28_8,41,none,,none_color,docling_easyocr,llama,7,0,0,0,7,0.0,0.0,0.0,0,,,,,128.536253574,1
publimetro_2019-02-28_8,41,none,,none_color,docling_rapidocr,llama,7,0,0,0,7,0.0,0.0,0.0,0,,,,,54.771499278,1
publimetro_2019-02-28_8,41,none,,none_grayscale,docling_easyocr,llama,7,0,0,0,7,0.0,0.0,0.0,0,,,,,125.160668733,1
publimetro_2019-02-28_8,41,none,,none_grayscale,docling_rapidocr,llama,7,0,0,0,7,0.0,0.0,0.0,0,,,,,54.863746764,1
publimetro_2019-02-28_8,41,none,,otsu,docling_easyocr,llama,7,0,0,0,7,0.0,0.0,0.0,0,,,,,127.636134176,1
publimetro_2019-02-28_8,41,none,,otsu,docling_rapidocr,llama,7,0,0,0,7,0.0,0.0,0.0,0,,,,,51.092188148,1
publimetro_2019-02-28_8,42,none,,adaptive_gaussian,docling_easyocr,llama,7,0,0,0,7,0.0,0.0,0.0,0,,,,,83.221234652,1
publimetro_2019-02-28_8,42,none,,adaptive_gaussian,docling_rapidocr,llama,7,0,0,0,7,0.0,0.0,0.0,0,,,,,11.876790854,1
publimetro_2019-02-28_8,42,none,,adaptive_mean,docling_easyocr,llama,7,0,0,0,7,0.0,0.0,0.0,0,,,,,87.962747687,1
publimetro_2019-02-28_8,42,none,,adaptive_mean,docling_rapidocr,llama,7,0,0,0,7,0.0,0.0,0.0,0,,,,,11.982258671,1
publimetro_2019-02-28_8,42,none,,basic,docling_easyocr,llama,7,0,0,0,7,0.0,0.0,0.0,0,,,,,97.210638606,1
publimetro_2019-02-28_8,42,none,,basic,docling_rapidocr,llama,7,0,0,0,7,0.0,0.0,0.0,0,,,,,23.448779904,1
publimetro_2019-02-28_8,42,none,,niblack,docling_easyocr,llama,7,0,0,0,7,0.0,0.0,0.0,0,,,,,65.37519003,1
publimetro_2019-02-28_8,42,none,,niblack,docling_rapidocr,llama,7,0,0,0,7,0.0,0.0,0.0,0,,,,,12.967783461,1
publimetro_2019-02-28_8,42,none,,none_color,docling_easyocr,llama,7,0,0,0,7,0.0,0.0,0.0,0,,,,,92.493065606,1
publimetro_2019-02-28_8,42,none,,none_color,docling_rapidocr,llama,7,0,0,0,7,0.0,0.0,0.0,0,,,,,23.336790095,1
publimetro_2019-02-28_8,42,none,,none_grayscale,docling_easyocr,llama,7,0,0,0,7,0.0,0.0,0.0,0,,,,,100.047002875,1
publimetro_2019-02-28_8,42,none,,none_grayscale,docling_rapidocr,llama,7,0,0,0,7,0.0,0.0,0.0,0,,,,,21.40420016,1
publimetro_2019-02-28_8,42,none,,otsu,docling_easyocr,llama,7,0,0,0,7,0.0,0.0,0.0,0,,,,,102.44762348,1
publimetro_2019-02-28_8,42,none,,otsu,docling_rapidocr,llama,7,0,0,0,7,0.0,0.0,0.0,0,,,,,22.903162707,1
publimetro_2019-02-28_8,43,none,,adaptive_gaussian,docling_easyocr,llama,7,0,0,0,7,0.0,0.0,0.0,0,,,,,74.177486159,1
publimetro_2019-02-28_8,43,none,,adaptive_gaussian,docling_rapidocr,llama,7,0,0,0,7,0.0,0.0,0.0,0,,,,,11.497127511,1
publimetro_2019-02-28_8,43,none,,adaptive_mean,docling_easyocr,llama,7,0,0,0,7,0.0,0.0,0.0,0,,,,,75.263366387,1
publimetro_2019-02-28_8,43,none,,adaptive_mean,docling_rapidocr,llama,7,0,0,0,7,0.0,0.0,0.0,0,,,,,11.052904294,1
publimetro_2019-02-28_8,43,none,,basic,docling_easyocr,llama,7,0,0,0,7,0.0,0.0,0.0,0,,,,,103.677577225,1
publimetro_2019-02-28_8,43,none,,basic,docling_rapidocr,llama,7,0,0,0,7,0.0,0.0,0.0,0,,,,,23.696675507,1
publimetro_2019-02-28_8,43,none,,niblack,docling_easyocr,llama,7,0,0,0,7,0.0,0.0,0.0,0,,,,,64.903651372,1
publimetro_2019-02-28_8,43,none,,niblack,docling_rapidocr,llama,7,0,0,0,7,0.0,0.0,0.0,0,,,,,12.935012713,1
publimetro_2019-02-28_8,43,none,,none_color,docling_easyocr,llama,7,0,0,0,7,0.0,0.0,0.0,0,,,,,103.297955409,1
publimetro_2019-02-28_8,43,none,,none_color,docling_rapidocr,llama,7,0,0,0,7,0.0,0.0,0.0,0,,,,,24.621007577,1
publimetro_2019-02-28_8,43,none,,none_grayscale,docling_easyocr,llama,7,0,0,0,7,0.0,0.0,0.0,0,,,,,97.562571494,1
publimetro_2019-02-28_8,43,none,,none_grayscale,docling_rapidocr,llama,7,0,0,0,7,0.0,0.0,0.0,0,,,,,23.985608069,1
publimetro_2019-02-28_8,43,none,,otsu,docling_easyocr,llama,7,0,0,0,7,0.0,0.0,0.0,0,,,,,106.34649598,1
publimetro_2019-02-28_8,43,none,,otsu,docling_rapidocr,llama,7,0,0,0,7,0.0,0.0,0.0,0,,,,,19.344369286,1
publimetro_2019-02-28_8,44,none,,adaptive_gaussian,docling_easyocr,llama,7,0,0,0,7,0.0,0.0,0.0,0,,,,,86.997784997,1
publimetro_2019-02-28_8,44,none,,adaptive_gaussian,docling_rapidocr,llama,7,0,0,0,7,0.0,0.0,0.0,0,,,,,11.326159383,1
publimetro_2019-02-28_8,44,none,,adaptive_mean,docling_easyocr,llama,7,0,0,0,7,0.0,0.0,0.0,0,,,,,94.261114762,1
publimetro_2019-02-28_8,44,none,,adaptive_mean,docling_rapidocr,llama,7,0,0,0,7,0.0,0.0,0.0,0,,,,,11.322336838,1
publimetro_2019-02-28_8,44,none,,basic,docling_easyocr,llama,7,0,0,0,7,0.0,0.0,0.0,0,,,,,100.909595458,1
publimetro_2019-02-28_8,44,none,,basic,docling_rapidocr,llama,7,0,0,0,7,0.0,0.0,0.0,0,,,,,22.489473311,1
publimetro_2019-02-28_8,44,none,,niblack,docling_easyocr,llama,7,0,0,0,7,0.0,0.0,0.0,0,,,,,64.371794047,1
publimetro_2019-02-28_8,44,none,,niblack,docling_rapidocr,llama,7,0,0,0,7,0.0,0.0,0.0,0,,,,,12.185268225,1
publimetro_2019-02-28_8,44,none,,none_color,docling_easyocr,llama,7,0,0,0,7,0.0,0.0,0.0,0,,,,,99.025949851,1
publimetro_2019-02-28_8,44,none,,none_color,docling_rapidocr,llama,7,0,0,0,7,0.0,0.0,0.0,0,,,,,23.686120644,1
publimetro_2019-02-28_8,44,none,,none_grayscale,docling_easyocr,llama,7,0,0,0,7,0.0,0.0,0.0,0,,,,,93.230430737,1
publimetro_2019-02-28_8,44,none,,none_grayscale,docling_rapidocr,llama,7,0,0,0,7,0.0,0.0,0.0,0,,,,,21.050201312,1
publimetro_2019-02-28_8,44,none,,otsu,docling_easyocr,llama,7,0,0,0,7,0.0,0.0,0.0,0,,,,,97.296129744,1
publimetro_2019-02-28_8,44,none,,otsu,docling_rapidocr,llama,7,0,0,0,7,0.0,0.0,0.0,0,,,,,22.741857331,1
publimetro_2019-02-28_8,45,none,,adaptive_gaussian,docling_easyocr,llama,7,0,0,0,7,0.0,0.0,0.0,0,,,,,65.017281804,1
publimetro_2019-02-28_8,45,none,,adaptive_gaussian,docling_rapidocr,llama,7,0,0,0,7,0.0,0.0,0.0,0,,,,,10.494142327,1
publimetro_2019-02-28_8,45,none,,adaptive_mean,docling_easyocr,llama,7,0,0,0,7,0.0,0.0,0.0,0,,,,,65.234631116,1
publimetro_2019-02-28_8,45,none,,adaptive_mean,docling_rapidocr,llama,7,0,0,0,7,0.0,0.0,0.0,0,,,,,12.437597329,1
publimetro_2019-02-28_8,45,none,,basic,docling_easyocr,llama,7,0,0,0,7,0.0,0.0,0.0,0,,,,,65.617046214,1
publimetro_2019-02-28_8,45,none,,basic,docling_rapidocr,llama,7,0,0,0,7,0.0,0.0,0.0,0,,,,,10.277126885,1
publimetro_2019-02-28_8,45,none,,none_color,docling_easyocr,llama,7,0,0,0,7,0.0,0.0,0.0,0,,,,,68.060809636,1
publimetro_2019-02-28_8,45,none,,none_grayscale,docling_easyocr,llama,7,0,0,0,7,0.0,0.0,0.0,0,,,,,63.173493409,1
publimetro_2019-02-28_8,45,none,,otsu,docling_easyocr,llama,7,0,0,0,7,0.0,0.0,0.0,0,,,,,65.281320979,1
publimetro_2019-02-28_8,45,none,,otsu,docling_rapidocr,llama,7,0,0,0,7,0.0,0.0,0.0,0,,,,,11.283494879,1
publimetro_2019-02-28_8,45,none,,yannihorne,docling_rapidocr,llama,7,0,0,0,7,0.0,0.0,0.0,0,,,,,12.03710549,1
publimetro_2019-02-28_8,46,none,,adaptive_gaussian,docling_easyocr,llama,7,0,0,0,7,0.0,0.0,0.0,0,,,,,61.840260375,1
publimetro_2019-02-28_8,46,none,,adaptive_gaussian,docling_rapidocr,llama,7,0,0,0,7,0.0,0.0,0.0,0,,,,,10.868479359,1
publimetro_2019-02-28_8,46,none,,adaptive_mean,docling_easyocr,llama,7,0,0,0,7,0.0,0.0,0.0,0,,,,,62.164571341,1
publimetro_2019-02-28_8,46,none,,adaptive_mean,docling_rapidocr,llama,7,0,0,0,7,0.0,0.0,0.0,0,,,,,11.401798781,1
publimetro_2019-02-28_8,46,none,,basic,docling_easyocr,llama,7,0,0,0,7,0.0,0.0,0.0,0,,,,,64.807161906,1
publimetro_2019-02-28_8,46,none,,basic,docling_rapidocr,llama,7,0,0,0,7,0.0,0.0,0.0,0,,,,,11.972281554,1
publimetro_2019-02-28_8,46,none,,niblack,docling_easyocr,llama,7,0,0,0,7,0.0,0.0,0.0,0,,,,,62.980773184,1
publimetro_2019-02-28_8,46,none,,none_color,docling_easyocr,llama,7,0,0,0,7,0.0,0.0,0.0,0,,,,,63.379573371,1
publimetro_2019-02-28_8,46,none,,none_grayscale,docling_easyocr,llama,7,0,0,0,7,0.0,0.0,0.0,0,,,,,66.747234608,1
publimetro_2019-02-28_8,46,none,,otsu,docling_easyocr,llama,7,0,0,0,7,0.0,0.0,0.0,0,,,,,63.438056639,1
publimetro_2019-02-28_8,46,none,,otsu,docling_rapidocr,llama,7,0,0,0,7,0.0,0.0,0.0,0,,,,,11.448200396,1
publimetro_2019-02-28_8,46,none,,yannihorne,docling_easyocr,llama,7,0,0,0,7,0.0,0.0,0.0,0,,,,,61.465525082,1
publimetro_2019-02-28_8,46,none,,yannihorne,docling_rapidocr,llama,7,0,0,0,7,0.0,0.0,0.0,0,,,,,11.967086962,1
publimetro_2019-02-28_8,47,none,,adaptive_gaussian,docling_easyocr,llama,7,0,0,0,7,0.0,0.0,0.0,0,,,,,61.36119961,1
publimetro_2019-02-28_8,47,none,,adaptive_gaussian,docling_rapidocr,llama,7,0,0,0,7,0.0,0.0,0.0,0,,,,,12.160662644,1
publimetro_2019-02-28_8,47,none,,adaptive_mean,docling_easyocr,llama,7,0,0,0,7,0.0,0.0,0.0,0,,,,,66.17514223,1
publimetro_2019-02-28_8,47,none,,adaptive_mean,docling_rapidocr,llama,7,0,0,0,7,0.0,0.0,0.0,0,,,,,12.349498929,1
publimetro_2019-02-28_8,47,none,,basic,docling_easyocr,llama,7,0,0,0,7,0.0,0.0,0.0,0,,,,,64.480160458,1
publimetro_2019-02-28_8,47,none,,basic,docling_rapidocr,llama,7,0,0,0,7,0.0,0.0,0.0,0,,,,,10.678322299,1
publimetro_2019-02-28_8,47,none,,niblack,docling_easyocr,llama,7,0,0,0,7,0.0,0.0,0.0,0,,,,,67.677619223,1
publimetro_2019-02-28_8,47,none,,none_color,docling_easyocr,llama,7,0,0,0,7,0.0,0.0,0.0,0,,,,,62.699870974,1
publimetro_2019-02-28_8,47,none,,none_grayscale,docling_easyocr,llama,7,0,0,0,7,0.0,0.0,0.0,0,,,,,66.21281758,1
publimetro_2019-02-28_8,47,none,,otsu,docling_easyocr,llama,7,0,0,0,7,0.0,0.0,0.0,0,,,,,64.858041581,1
publimetro_2019-02-28_8,47,none,,otsu,docling_rapidocr,llama,7,0,0,0,7,0.0,0.0,0.0,0,,,,,11.605656918,1
publimetro_2019-02-28_8,47,none,,yannihorne,docling_easyocr,llama,7,0,0,0,7,0.0,0.0,0.0,0,,,,,62.394406851,1
publimetro_2019-02-28_8,47,none,,yannihorne,docling_rapidocr,llama,7,0,0,0,7,0.0,0.0,0.0,0,,,,,11.995119628,1
publimetro_2019-02-28_8,48,none,,adaptive_gaussian,docling_easyocr,llama,7,0,0,0,7,0.0,0.0,0.0,0,,,,,190.854207049,1
publimetro_2019-02-28_8,48,none,,adaptive_gaussian,docling_rapidocr,llama,7,0,0,0,7,0.0,0.0,0.0,0,,,,,106.193131695,1
publimetro_2019-02-28_8,48,none,,adaptive_mean,docling_easyocr,llama,7,0,0,0,7,0.0,0.0,0.0,0,,,,,190.374203806,1
publimetro_2019-02-28_8,48,none,,adaptive_mean,docling_rapidocr,llama,7,0,0,0,7,0.0,0.0,0.0,0,,,,,108.111696129,1
publimetro_2019-02-28_8,48,none,,basic,docling_easyocr,llama,7,0,0,0,7,0.0,0.0,0.0,0,,,,,200.444982218,1
publimetro_2019-02-28_8,48,none,,basic,docling_rapidocr,llama,7,0,0,0,7,0.0,0.0,0.0,0,,,,,108.251045394,1
publimetro_2019-02-28_8,48,none,,niblack,docling_easyocr,llama,7,0,0,0,7,0.0,0.0,0.0,0,,,,,150.869808146,1
publimetro_2019-02-28_8,48,none,,niblack,docling_rapidocr,llama,7,0,0,0,7,0.0,0.0,0.0,0,,,,,95.201173731,1
publimetro_2019-02-28_8,48,none,,none_color,docling_easyocr,llama,7,0,0,0,7,0.0,0.0,0.0,0,,,,,196.253417824,1
publimetro_2019-02-28_8,48,none,,none_color,docling_rapidocr,llama,7,0,0,0,7,0.0,0.0,0.0,0,,,,,106.189971303,1
publimetro_2019-02-28_8,48,none,,none_grayscale,docling_easyocr,llama,7,0,0,0,7,0.0,0.0,0.0,0,,,,,195.29131255,1
publimetro_2019-02-28_8,48,none,,none_grayscale,docling_rapidocr,llama,7,0,0,0,7,0.0,0.0,0.0,0,,,,,108.030024146,1
publimetro_2019-02-28_8,48,none,,otsu,docling_easyocr,llama,7,0,0,0,7,0.0,0.0,0.0,0,,,,,195.636279345,1
publimetro_2019-02-28_8,48,none,,otsu,docling_rapidocr,llama,7,0,0,0,7,0.0,0.0,0.0,0,,,,,108.78168273,1
publimetro_2019-02-28_8,49,none,,adaptive_gaussian,docling_easyocr,llama,7,0,0,0,7,0.0,0.0,0.0,0,,,,,183.955701691,1
publimetro_2019-02-28_8,49,none,,adaptive_gaussian,docling_rapidocr,llama,7,0,0,0,7,0.0,0.0,0.0,0,,,,,105.893452031,1
publimetro_2019-02-28_8,49,none,,adaptive_mean,docling_easyocr,llama,7,0,0,0,7,0.0,0.0,0.0,0,,,,,180.324674729,1
publimetro_2019-02-28_8,49,none,,adaptive_mean,docling_rapidocr,llama,7,0,0,0,7,0.0,0.0,0.0,0,,,,,108.078892354,1
publimetro_2019-02-28_8,49,none,,basic,docling_easyocr,llama,7,0,0,0,7,0.0,0.0,0.0,0,,,,,197.950718733,1
publimetro_2019-02-28_8,49,none,,basic,docling_rapidocr,llama,7,0,0,0,7,0.0,0.0,0.0,0,,,,,108.304751488,1
publimetro_2019-02-28_8,49,none,,niblack,docling_easyocr,llama,7,0,0,0,7,0.0,0.0,0.0,0,,,,,150.687549176,1
publimetro_2019-02-28_8,49,none,,niblack,docling_rapidocr,llama,7,0,0,0,7,0.0,0.0,0.0,0,,,,,96.07774383,1
publimetro_2019-02-28_8,49,none,,none_color,docling_easyocr,llama,7,0,0,0,7,0.0,0.0,0.0,0,,,,,193.362424155,1
publimetro_2019-02-28_8,49,none,,none_color,docling_rapidocr,llama,7,0,0,0,7,0.0,0.0,0.0,0,,,,,108.758172293,1
publimetro_2019-02-28_8,49,none,,none_grayscale,docling_easyocr,llama,7,0,0,0,7,0.0,0.0,0.0,0,,,,,194.108079453,1
publimetro_2019-02-28_8,49,none,,none_grayscale,docling_rapidocr,llama,7,0,0,0,7,0.0,0.0,0.0,0,,,,,109.206139823,1
publimetro_2019-02-28_8,49,none,,otsu,docling_easyocr,llama,7,0,0,0,7,0.0,0.0,0.0,0,,,,,186.909548924,1
publimetro_2019-02-28_8,49,none,,otsu,docling_rapidocr,llama,7,0,0,0,7,0.0,0.0,0.0,0,,,,,107.65836756,1
publimetro_2019-02-28_8,50,none,,adaptive_gaussian,docling_easyocr,llama,7,0,0,0,7,0.0,0.0,0.0,0,,,,,187.221398548,1
publimetro_2019-02-28_8,50,none,,adaptive_gaussian,docling_rapidocr,llama,7,0,0,0,7,0.0,0.0,0.0,0,,,,,108.009017662,1
publimetro_2019-02-28_8,50,none,,adaptive_mean,docling_easyocr,llama,7,0,0,0,7,0.0,0.0,0.0,0,,,,,185.393745327,1
publimetro_2019-02-28_8,50,none,,adaptive_mean,docling_rapidocr,llama,7,0,0,0,7,0.0,0.0,0.0,0,,,,,109.03129282,1
publimetro_2019-02-28_8,50,none,,basic,docling_easyocr,llama,7,0,0,0,7,0.0,0.0,0.0,0,,,,,197.536231703,1
publimetro_2019-02-28_8,50,none,,basic,docling_rapidocr,llama,7,0,0,0,7,0.0,0.0,0.0,0,,,,,109.35130424,1
publimetro_2019-02-28_8,50,none,,niblack,docling_easyocr,llama,7,0,0,0,7,0.0,0.0,0.0,0,,,,,151.455524174,1
publimetro_2019-02-28_8,50,none,,niblack,docling_rapidocr,llama,7,0,0,0,7,0.0,0.0,0.0,0,,,,,96.06230661,1
publimetro_2019-02-28_8,50,none,,none_color,docling_easyocr,llama,7,0,0,0,7,0.0,0.0,0.0,0,,,,,197.902647847,1
publimetro_2019-02-28_8,50,none,,none_color,docling_rapidocr,llama,7,0,0,0,7,0.0,0.0,0.0,0,,,,,105.504754656,1
publimetro_2019-02-28_8,50,none,,none_grayscale,docling_easyocr,llama,7,0,0,0,7,0.0,0.0,0.0,0,,,,,195.160521859,1
publimetro_2019-02-28_8,50,none,,none_grayscale,docling_rapidocr,llama,7,0,0,0,7,0.0,0.0,0.0,0,,,,,109.238285416,1
publimetro_2019-02-28_8,50,none,,otsu,docling_easyocr,llama,7,0,0,0,7,0.0,0.0,0.0,0,,,,,198.632357378,1
publimetro_2019-02-28_8,50,none,,otsu,docling_rapidocr,llama,7,0,0,0,7,0.0,0.0,0.0,0,,,,,109.970421572,1
publimetro_2019-02-28_8,51,none,,adaptive_gaussian,docling_easyocr,llama,7,0,0,0,7,0.0,0.0,0.0,0,,,,,91.875045117,1
publimetro_2019-02-28_8,51,none,,adaptive_gaussian,docling_rapidocr,llama,7,0,0,0,7,0.0,0.0,0.0,0,,,,,13.707404192,1
publimetro_2019-02-28_8,51,none,,adaptive_mean,docling_easyocr,llama,7,0,0,0,7,0.0,0.0,0.0,0,,,,,107.273764304,1
publimetro_2019-02-28_8,51,none,,adaptive_mean,docling_rapidocr,llama,7,0,0,0,7,0.0,0.0,0.0,0,,,,,21.716448954,1
publimetro_2019-02-28_8,51,none,,basic,docling_easyocr,llama,7,0,0,0,7,0.0,0.0,0.0,0,,,,,92.962175104,1
publimetro_2019-02-28_8,51,none,,basic,docling_rapidocr,llama,7,0,0,0,7,0.0,0.0,0.0,0,,,,,22.146816704,1
publimetro_2019-02-28_8,51,none,,niblack,docling_easyocr,llama,7,0,0,0,7,0.0,0.0,0.0,0,,,,,65.677794358,1
publimetro_2019-02-28_8,51,none,,niblack,docling_rapidocr,llama,7,0,0,0,7,0.0,0.0,0.0,0,,,,,10.795487543,1
publimetro_2019-02-28_8,51,none,,none_color,docling_easyocr,llama,7,0,0,0,7,0.0,0.0,0.0,0,,,,,91.442609927,1
publimetro_2019-02-28_8,51,none,,none_color,docling_rapidocr,llama,7,0,0,0,7,0.0,0.0,0.0,0,,,,,22.667484661,1
publimetro_2019-02-28_8,51,none,,none_grayscale,docling_easyocr,llama,7,0,0,0,7,0.0,0.0,0.0,0,,,,,91.504637453,1
publimetro_2019-02-28_8,51,none,,none_grayscale,docling_rapidocr,llama,7,0,0,0,7,0.0,0.0,0.0,0,,,,,22.426391337,1
publimetro_2019-02-28_8,51,none,,otsu,docling_easyocr,llama,7,0,0,0,7,0.0,0.0,0.0,0,,,,,96.404532074,1
publimetro_2019-02-28_8,51,none,,otsu,docling_rapidocr,llama,7,0,0,0,7,0.0,0.0,0.0,0,,,,,23.25623548,1
publimetro_2019-02-28_8,52,none,,adaptive_gaussian,docling_easyocr,llama,7,0,0,0,7,0.0,0.0,0.0,0,,,,,92.729953863,1
publimetro_2019-02-28_8,52,none,,adaptive_gaussian,docling_rapidocr,llama,7,0,0,0,7,0.0,0.0,0.0,0,,,,,18.176115134,1
publimetro_2019-02-28_8,52,none,,adaptive_mean,docling_easyocr,llama,7,0,0,0,7,0.0,0.0,0.0,0,,,,,101.021637963,1
publimetro_2019-02-28_8,52,none,,adaptive_mean,docling_rapidocr,llama,7,0,0,0,7,0.0,0.0,0.0,0,,,,,21.587446974,1
publimetro_2019-02-28_8,52,none,,basic,docling_easyocr,llama,7,0,0,0,7,0.0,0.0,0.0,0,,,,,92.29888901,1
publimetro_2019-02-28_8,52,none,,basic,docling_rapidocr,llama,7,0,0,0,7,0.0,0.0,0.0,0,,,,,23.911277859,1
publimetro_2019-02-28_8,52,none,,niblack,docling_easyocr,llama,7,0,0,0,7,0.0,0.0,0.0,0,,,,,64.671475758,1
publimetro_2019-02-28_8,52,none,,niblack,docling_rapidocr,llama,7,0,0,0,7,0.0,0.0,0.0,0,,,,,11.125412096,1
publimetro_2019-02-28_8,52,none,,none_color,docling_easyocr,llama,7,0,0,0,7,0.0,0.0,0.0,0,,,,,96.386530342,1
publimetro_2019-02-28_8,52,none,,none_color,docling_rapidocr,llama,7,0,0,0,7,0.0,0.0,0.0,0,,,,,23.516736689,1
publimetro_2019-02-28_8,52,none,,none_grayscale,docling_easyocr,llama,7,0,0,0,7,0.0,0.0,0.0,0,,,,,97.093085781,1
publimetro_2019-02-28_8,52,none,,none_grayscale,docling_rapidocr,llama,7,0,0,0,7,0.0,0.0,0.0,0,,,,,23.382989422,1
publimetro_2019-02-28_8,52,none,,otsu,docling_easyocr,llama,7,0,0,0,7,0.0,0.0,0.0,0,,,,,100.841993016,1
publimetro_2019-02-28_8,52,none,,otsu,docling_rapidocr,llama,7,0,0,0,7,0.0,0.0,0.0,0,,,,,23.457175654,1
publimetro_2019-02-28_8,53,none,,adaptive_gaussian,docling_easyocr,llama,7,0,0,0,7,0.0,0.0,0.0,0,,,,,90.271960408,1
publimetro_2019-02-28_8,53,none,,adaptive_gaussian,docling_rapidocr,llama,7,0,0,0,7,0.0,0.0,0.0,0,,,,,16.768766791,1
publimetro_2019-02-28_8,53,none,,adaptive_mean,docling_easyocr,llama,7,0,0,0,7,0.0,0.0,0.0,0,,,,,102.468726256,1
publimetro_2019-02-28_8,53,none,,adaptive_mean,docling_rapidocr,llama,7,0,0,0,7,0.0,0.0,0.0,0,,,,,19.011140683,1
publimetro_2019-02-28_8,53,none,,basic,docling_easyocr,llama,7,8,7,1,0,0.875,1.0,0.933333,7,0.015873015873015872,0.14285714285714285,0.283963813696612,0.34944045184150124,94.013101717,0
publimetro_2019-02-28_8,53,none,,basic,docling_rapidocr,llama,7,0,0,0,7,0.0,0.0,0.0,0,,,,,19.916472813,1
publimetro_2019-02-28_8,53,none,,niblack,docling_easyocr,llama,7,0,0,0,7,0.0,0.0,0.0,0,,,,,61.62159235,1
publimetro_2019-02-28_8,53,none,,niblack,docling_rapidocr,llama,7,0,0,0,7,0.0,0.0,0.0,0,,,,,10.688559361,1
publimetro_2019-02-28_8,53,none,,none_color,docling_easyocr,llama,7,0,0,0,7,0.0,0.0,0.0,0,,,,,95.311421223,1
publimetro_2019-02-28_8,53,none,,none_color,docling_rapidocr,llama,7,0,0,0,7,0.0,0.0,0.0,0,,,,,23.569192477,1
publimetro_2019-02-28_8,53,none,,none_grayscale,docling_easyocr,llama,7,0,0,0,7,0.0,0.0,0.0,0,,,,,97.358381577,1
publimetro_2019-02-28_8,53,none,,none_grayscale,docling_rapidocr,llama,7,0,0,0,7,0.0,0.0,0.0,0,,,,,24.399527378,1
publimetro_2019-02-28_8,53,none,,otsu,docling_easyocr,llama,7,0,0,0,7,0.0,0.0,0.0,0,,,,,97.4484534,1
publimetro_2019-02-28_8,53,none,,otsu,docling_rapidocr,llama,7,0,0,0,7,0.0,0.0,0.0,0,,,,,20.899267647,1
publimetro_2019-11-07_16,0,none,,adaptive_gaussian,docling_easyocr,llama,4,0,0,0,4,0.0,0.0,0.0,0,,,,,112.612906713,1
publimetro_2019-11-07_16,0,none,,adaptive_gaussian,docling_rapidocr,llama,4,0,0,0,4,0.0,0.0,0.0,0,,,,,23.568027753,1
publimetro_2019-11-07_16,0,none,,adaptive_mean,docling_easyocr,llama,4,0,0,0,4,0.0,0.0,0.0,0,,,,,104.189686887,1
publimetro_2019-11-07_16,0,none,,adaptive_mean,docling_rapidocr,llama,4,0,0,0,4,0.0,0.0,0.0,0,,,,,20.260702007,1
publimetro_2019-11-07_16,0,none,,basic,docling_easyocr,llama,4,0,0,0,4,0.0,0.0,0.0,0,,,,,96.20566257,1
publimetro_2019-11-07_16,0,none,,basic,docling_rapidocr,llama,4,0,0,0,4,0.0,0.0,0.0,0,,,,,23.271684966,1
publimetro_2019-11-07_16,0,none,,niblack,docling_easyocr,llama,4,0,0,0,4,0.0,0.0,0.0,0,,,,,64.756763913,1
publimetro_2019-11-07_16,0,none,,niblack,docling_rapidocr,llama,4,0,0,0,4,0.0,0.0,0.0,0,,,,,12.451781728,1
publimetro_2019-11-07_16,0,none,,none_color,docling_easyocr,llama,4,0,0,0,4,0.0,0.0,0.0,0,,,,,89.949914703,1
publimetro_2019-11-07_16,0,none,,none_color,docling_rapidocr,llama,4,0,0,0,4,0.0,0.0,0.0,0,,,,,23.631628999,1
publimetro_2019-11-07_16,0,none,,none_grayscale,docling_easyocr,llama,4,0,0,0,4,0.0,0.0,0.0,0,,,,,97.00695642,1
publimetro_2019-11-07_16,0,none,,none_grayscale,docling_rapidocr,llama,4,0,0,0,4,0.0,0.0,0.0,0,,,,,19.236492954,1
publimetro_2019-11-07_16,0,none,,otsu,docling_easyocr,llama,4,0,0,0,4,0.0,0.0,0.0,0,,,,,88.643260228,1
publimetro_2019-11-07_16,0,none,,otsu,docling_rapidocr,llama,4,0,0,0,4,0.0,0.0,0.0,0,,,,,23.605332839,1
publimetro_2019-11-07_16,1,none,,adaptive_gaussian,docling_easyocr,llama,4,0,0,0,4,0.0,0.0,0.0,0,,,,,108.133496665,1
publimetro_2019-11-07_16,1,none,,adaptive_gaussian,docling_rapidocr,llama,4,0,0,0,4,0.0,0.0,0.0,0,,,,,20.685156488,1
publimetro_2019-11-07_16,1,none,,adaptive_mean,docling_easyocr,llama,4,0,0,0,4,0.0,0.0,0.0,0,,,,,109.425315305,1
publimetro_2019-11-07_16,1,none,,adaptive_mean,docling_rapidocr,llama,4,0,0,0,4,0.0,0.0,0.0,0,,,,,20.66808097,1
publimetro_2019-11-07_16,1,none,,basic,docling_easyocr,llama,4,0,0,0,4,0.0,0.0,0.0,0,,,,,95.798030986,1
publimetro_2019-11-07_16,1,none,,basic,docling_rapidocr,llama,4,0,0,0,4,0.0,0.0,0.0,0,,,,,23.027430667,1
publimetro_2019-11-07_16,1,none,,niblack,docling_easyocr,llama,4,0,0,0,4,0.0,0.0,0.0,0,,,,,64.822728736,1
publimetro_2019-11-07_16,1,none,,niblack,docling_rapidocr,llama,4,0,0,0,4,0.0,0.0,0.0,0,,,,,12.423352582,1
publimetro_2019-11-07_16,1,none,,none_color,docling_easyocr,llama,4,0,0,0,4,0.0,0.0,0.0,0,,,,,96.198273242,1
publimetro_2019-11-07_16,1,none,,none_color,docling_rapidocr,llama,4,0,0,0,4,0.0,0.0,0.0,0,,,,,23.369576276,1
publimetro_2019-11-07_16,1,none,,none_grayscale,docling_easyocr,llama,4,0,0,0,4,0.0,0.0,0.0,0,,,,,90.162377729,1
publimetro_2019-11-07_16,1,none,,none_grayscale,docling_rapidocr,llama,4,0,0,0,4,0.0,0.0,0.0,0,,,,,22.61999525,1
publimetro_2019-11-07_16,1,none,,otsu,docling_easyocr,llama,4,0,0,0,4,0.0,0.0,0.0,0,,,,,97.499272863,1
publimetro_2019-11-07_16,1,none,,otsu,docling_rapidocr,llama,4,0,0,0,4,0.0,0.0,0.0,0,,,,,20.394688646,1
publimetro_2019-11-07_16,2,none,,adaptive_gaussian,docling_easyocr,llama,4,0,0,0,4,0.0,0.0,0.0,0,,,,,111.345322275,1
publimetro_2019-11-07_16,2,none,,adaptive_gaussian,docling_rapidocr,llama,4,0,0,0,4,0.0,0.0,0.0,0,,,,,22.95428028,1
publimetro_2019-11-07_16,2,none,,adaptive_mean,docling_easyocr,llama,4,0,0,0,4,0.0,0.0,0.0,0,,,,,110.492273183,1
publimetro_2019-11-07_16,2,none,,adaptive_mean,docling_rapidocr,llama,4,0,0,0,4,0.0,0.0,0.0,0,,,,,23.579588981,1
publimetro_2019-11-07_16,2,none,,basic,docling_easyocr,llama,4,0,0,0,4,0.0,0.0,0.0,0,,,,,97.896384206,1
publimetro_2019-11-07_16,2,none,,basic,docling_rapidocr,llama,4,0,0,0,4,0.0,0.0,0.0,0,,,,,21.580315318,1
publimetro_2019-11-07_16,2,none,,niblack,docling_easyocr,llama,4,0,0,0,4,0.0,0.0,0.0,0,,,,,68.568189847,1
publimetro_2019-11-07_16,2,none,,niblack,docling_rapidocr,llama,4,0,0,0,4,0.0,0.0,0.0,0,,,,,11.626476276,1
publimetro_2019-11-07_16,2,none,,none_color,docling_easyocr,llama,4,0,0,0,4,0.0,0.0,0.0,0,,,,,97.922956123,1
publimetro_2019-11-07_16,2,none,,none_color,docling_rapidocr,llama,4,0,0,0,4,0.0,0.0,0.0,0,,,,,23.728079452,1
publimetro_2019-11-07_16,2,none,,none_grayscale,docling_easyocr,llama,4,0,0,0,4,0.0,0.0,0.0,0,,,,,94.624234332,1
publimetro_2019-11-07_16,2,none,,none_grayscale,docling_rapidocr,llama,4,0,0,0,4,0.0,0.0,0.0,0,,,,,22.976031198,1
publimetro_2019-11-07_16,2,none,,otsu,docling_easyocr,llama,4,0,0,0,4,0.0,0.0,0.0,0,,,,,95.584083597,1
publimetro_2019-11-07_16,2,none,,otsu,docling_rapidocr,llama,4,0,0,0,4,0.0,0.0,0.0,0,,,,,23.331524412,1
publimetro_2019-11-07_16,3,none,,adaptive_gaussian,docling_easyocr,llama,4,0,0,0,4,0.0,0.0,0.0,0,,,,,99.360176177,1
publimetro_2019-11-07_16,3,none,,adaptive_gaussian,docling_rapidocr,llama,4,0,0,0,4,0.0,0.0,0.0,0,,,,,22.086635204,1
publimetro_2019-11-07_16,3,none,,adaptive_mean,docling_easyocr,llama,4,0,0,0,4,0.0,0.0,0.0,0,,,,,83.284055272,1
publimetro_2019-11-07_16,3,none,,adaptive_mean,docling_rapidocr,llama,4,0,0,0,4,0.0,0.0,0.0,0,,,,,12.969878713,1
publimetro_2019-11-07_16,3,none,,basic,docling_easyocr,llama,4,0,0,0,4,0.0,0.0,0.0,0,,,,,92.8778015,1
publimetro_2019-11-07_16,3,none,,basic,docling_rapidocr,llama,4,0,0,0,4,0.0,0.0,0.0,0,,,,,19.475632034,1
publimetro_2019-11-07_16,3,none,,niblack,docling_easyocr,llama,4,0,0,0,4,0.0,0.0,0.0,0,,,,,69.987637021,1
publimetro_2019-11-07_16,3,none,,niblack,docling_rapidocr,llama,4,0,0,0,4,0.0,0.0,0.0,0,,,,,11.659989574,1
publimetro_2019-11-07_16,3,none,,none_color,docling_easyocr,llama,4,0,0,0,4,0.0,0.0,0.0,0,,,,,99.462989339,1
publimetro_2019-11-07_16,3,none,,none_color,docling_rapidocr,llama,4,0,0,0,4,0.0,0.0,0.0,0,,,,,20.5597303,1
publimetro_2019-11-07_16,3,none,,none_grayscale,docling_easyocr,llama,4,0,0,0,4,0.0,0.0,0.0,0,,,,,99.664931856,1
publimetro_2019-11-07_16,3,none,,none_grayscale,docling_rapidocr,llama,4,0,0,0,4,0.0,0.0,0.0,0,,,,,22.927363477,1
publimetro_2019-11-07_16,3,none,,otsu,docling_easyocr,llama,4,0,0,0,4,0.0,0.0,0.0,0,,,,,100.959285724,1
publimetro_2019-11-07_16,3,none,,otsu,docling_rapidocr,llama,4,0,0,0,4,0.0,0.0,0.0,0,,,,,22.945252645,1
publimetro_2019-11-07_16,4,none,,adaptive_gaussian,docling_easyocr,llama,4,0,0,0,4,0.0,0.0,0.0,0,,,,,96.136785616,1
publimetro_2019-11-07_16,4,none,,adaptive_gaussian,docling_rapidocr,llama,4,0,0,0,4,0.0,0.0,0.0,0,,,,,22.305509437,1
publimetro_2019-11-07_16,4,none,,adaptive_mean,docling_easyocr,llama,4,0,0,0,4,0.0,0.0,0.0,0,,,,,87.330076513,1
publimetro_2019-11-07_16,4,none,,adaptive_mean,docling_rapidocr,llama,4,0,0,0,4,0.0,0.0,0.0,0,,,,,19.452505169,1
publimetro_2019-11-07_16,4,none,,basic,docling_easyocr,llama,4,0,0,0,4,0.0,0.0,0.0,0,,,,,103.51060193,1
publimetro_2019-11-07_16,4,none,,basic,docling_rapidocr,llama,4,0,0,0,4,0.0,0.0,0.0,0,,,,,21.881635122,1
publimetro_2019-11-07_16,4,none,,niblack,docling_easyocr,llama,4,0,0,0,4,0.0,0.0,0.0,0,,,,,69.173880791,1
publimetro_2019-11-07_16,4,none,,niblack,docling_rapidocr,llama,4,0,0,0,4,0.0,0.0,0.0,0,,,,,12.022056793,1
publimetro_2019-11-07_16,4,none,,none_color,docling_easyocr,llama,4,0,0,0,4,0.0,0.0,0.0,0,,,,,98.44586375,1
publimetro_2019-11-07_16,4,none,,none_color,docling_rapidocr,llama,4,0,0,0,4,0.0,0.0,0.0,0,,,,,22.450879124,1
publimetro_2019-11-07_16,4,none,,none_grayscale,docling_easyocr,llama,4,0,0,0,4,0.0,0.0,0.0,0,,,,,93.378486017,1
publimetro_2019-11-07_16,4,none,,none_grayscale,docling_rapidocr,llama,4,0,0,0,4,0.0,0.0,0.0,0,,,,,22.849836687,1
publimetro_2019-11-07_16,4,none,,otsu,docling_easyocr,llama,4,0,0,0,4,0.0,0.0,0.0,0,,,,,93.217336422,1
publimetro_2019-11-07_16,4,none,,otsu,docling_rapidocr,llama,4,0,0,0,4,0.0,0.0,0.0,0,,,,,20.920292145,1
publimetro_2019-11-07_16,5,none,,adaptive_gaussian,docling_easyocr,llama,4,0,0,0,4,0.0,0.0,0.0,0,,,,,99.430766546,1
publimetro_2019-11-07_16,5,none,,adaptive_gaussian,docling_rapidocr,llama,4,0,0,0,4,0.0,0.0,0.0,0,,,,,21.279381716,1
publimetro_2019-11-07_16,5,none,,adaptive_mean,docling_easyocr,llama,4,0,0,0,4,0.0,0.0,0.0,0,,,,,84.619744047,1
publimetro_2019-11-07_16,5,none,,adaptive_mean,docling_rapidocr,llama,4,0,0,0,4,0.0,0.0,0.0,0,,,,,14.024575456,1
publimetro_2019-11-07_16,5,none,,basic,docling_easyocr,llama,4,0,0,0,4,0.0,0.0,0.0,0,,,,,72.795755413,1
publimetro_2019-11-07_16,5,none,,basic,docling_rapidocr,llama,4,0,0,0,4,0.0,0.0,0.0,0,,,,,12.049952534,1
publimetro_2019-11-07_16,5,none,,niblack,docling_easyocr,llama,4,0,0,0,4,0.0,0.0,0.0,0,,,,,70.023441187,1
publimetro_2019-11-07_16,5,none,,niblack,docling_rapidocr,llama,4,0,0,0,4,0.0,0.0,0.0,0,,,,,12.416457287,1
publimetro_2019-11-07_16,5,none,,none_color,docling_easyocr,llama,4,0,0,0,4,0.0,0.0,0.0,0,,,,,91.10370536,1
publimetro_2019-11-07_16,5,none,,none_color,docling_rapidocr,llama,4,0,0,0,4,0.0,0.0,0.0,0,,,,,21.145310118,1
publimetro_2019-11-07_16,5,none,,none_grayscale,docling_easyocr,llama,4,0,0,0,4,0.0,0.0,0.0,0,,,,,100.151761009,1
publimetro_2019-11-07_16,5,none,,none_grayscale,docling_rapidocr,llama,4,0,0,0,4,0.0,0.0,0.0,0,,,,,22.481339886,1
publimetro_2019-11-07_16,5,none,,otsu,docling_easyocr,llama,4,0,0,0,4,0.0,0.0,0.0,0,,,,,97.758923868,1
publimetro_2019-11-07_16,5,none,,otsu,docling_rapidocr,llama,4,0,0,0,4,0.0,0.0,0.0,0,,,,,21.179390768,1
publimetro_2019-11-07_16,6,none,,adaptive_gaussian,docling_easyocr,llama,4,0,0,0,4,0.0,0.0,0.0,0,,,,,98.396631153,1
publimetro_2019-11-07_16,6,none,,adaptive_gaussian,docling_rapidocr,llama,4,0,0,0,4,0.0,0.0,0.0,0,,,,,21.190508993,1
publimetro_2019-11-07_16,6,none,,adaptive_mean,docling_easyocr,llama,4,0,0,0,4,0.0,0.0,0.0,0,,,,,92.771227459,1
publimetro_2019-11-07_16,6,none,,adaptive_mean,docling_rapidocr,llama,4,0,0,0,4,0.0,0.0,0.0,0,,,,,19.656431059,1
publimetro_2019-11-07_16,6,none,,basic,docling_easyocr,llama,4,0,0,0,4,0.0,0.0,0.0,0,,,,,104.788812136,1
publimetro_2019-11-07_16,6,none,,basic,docling_rapidocr,llama,4,0,0,0,4,0.0,0.0,0.0,0,,,,,21.565257048,1
publimetro_2019-11-07_16,6,none,,niblack,docling_easyocr,llama,4,0,0,0,4,0.0,0.0,0.0,0,,,,,70.192065588,1
publimetro_2019-11-07_16,6,none,,niblack,docling_rapidocr,llama,4,0,0,0,4,0.0,0.0,0.0,0,,,,,12.542125812,1
publimetro_2019-11-07_16,6,none,,none_color,docling_easyocr,llama,4,0,0,0,4,0.0,0.0,0.0,0,,,,,95.43372328,1
publimetro_2019-11-07_16,6,none,,none_color,docling_rapidocr,llama,4,0,0,0,4,0.0,0.0,0.0,0,,,,,22.367418119,1
publimetro_2019-11-07_16,6,none,,none_grayscale,docling_easyocr,llama,4,0,0,0,4,0.0,0.0,0.0,0,,,,,92.030420206,1
publimetro_2019-11-07_16,6,none,,none_grayscale,docling_rapidocr,llama,4,0,0,0,4,0.0,0.0,0.0,0,,,,,22.157816313,1
publimetro_2019-11-07_16,6,none,,otsu,docling_easyocr,llama,4,0,0,0,4,0.0,0.0,0.0,0,,,,,98.915914106,1
publimetro_2019-11-07_16,6,none,,otsu,docling_rapidocr,llama,4,0,0,0,4,0.0,0.0,0.0,0,,,,,23.012102175,1
publimetro_2019-11-07_16,7,none,,adaptive_gaussian,docling_easyocr,llama,4,0,0,0,4,0.0,0.0,0.0,0,,,,,101.007871425,1
publimetro_2019-11-07_16,7,none,,adaptive_gaussian,docling_rapidocr,llama,4,0,0,0,4,0.0,0.0,0.0,0,,,,,21.374024904,1
publimetro_2019-11-07_16,7,none,,adaptive_mean,docling_easyocr,llama,4,0,0,0,4,0.0,0.0,0.0,0,,,,,100.5399165,1
publimetro_2019-11-07_16,7,none,,adaptive_mean,docling_rapidocr,llama,4,0,0,0,4,0.0,0.0,0.0,0,,,,,22.069799885,1
publimetro_2019-11-07_16,7,none,,basic,docling_easyocr,llama,4,0,0,0,4,0.0,0.0,0.0,0,,,,,86.194434193,1
publimetro_2019-11-07_16,7,none,,basic,docling_rapidocr,llama,4,0,0,0,4,0.0,0.0,0.0,0,,,,,19.949317482,1
publimetro_2019-11-07_16,7,none,,niblack,docling_easyocr,llama,4,0,0,0,4,0.0,0.0,0.0,0,,,,,67.947866674,1
publimetro_2019-11-07_16,7,none,,niblack,docling_rapidocr,llama,4,0,0,0,4,0.0,0.0,0.0,0,,,,,10.130052324,1
publimetro_2019-11-07_16,7,none,,none_color,docling_easyocr,llama,4,0,0,0,4,0.0,0.0,0.0,0,,,,,96.168538524,1
publimetro_2019-11-07_16,7,none,,none_color,docling_rapidocr,llama,4,0,0,0,4,0.0,0.0,0.0,0,,,,,20.101686909,1
publimetro_2019-11-07_16,7,none,,none_grayscale,docling_easyocr,llama,4,0,0,0,4,0.0,0.0,0.0,0,,,,,89.9834533,1
publimetro_2019-11-07_16,7,none,,none_grayscale,docling_rapidocr,llama,4,0,0,0,4,0.0,0.0,0.0,0,,,,,22.386246231,1
publimetro_2019-11-07_16,7,none,,otsu,docling_easyocr,llama,4,0,0,0,4,0.0,0.0,0.0,0,,,,,87.861913303,1
publimetro_2019-11-07_16,7,none,,otsu,docling_rapidocr,llama,4,0,0,0,4,0.0,0.0,0.0,0,,,,,22.287321905,1
publimetro_2019-11-07_16,8,none,,adaptive_gaussian,docling_easyocr,llama,4,0,0,0,4,0.0,0.0,0.0,0,,,,,103.581087898,1
publimetro_2019-11-07_16,8,none,,adaptive_gaussian,docling_rapidocr,llama,4,0,0,0,4,0.0,0.0,0.0,0,,,,,19.023163627,1
publimetro_2019-11-07_16,8,none,,adaptive_mean,docling_easyocr,llama,4,0,0,0,4,0.0,0.0,0.0,0,,,,,83.235806079,1
publimetro_2019-11-07_16,8,none,,adaptive_mean,docling_rapidocr,llama,4,0,0,0,4,0.0,0.0,0.0,0,,,,,17.016030641,1
publimetro_2019-11-07_16,8,none,,basic,docling_easyocr,llama,4,0,0,0,4,0.0,0.0,0.0,0,,,,,101.841721429,1
publimetro_2019-11-07_16,8,none,,basic,docling_rapidocr,llama,4,0,0,0,4,0.0,0.0,0.0,0,,,,,20.098249807,1
publimetro_2019-11-07_16,8,none,,niblack,docling_easyocr,llama,4,0,0,0,4,0.0,0.0,0.0,0,,,,,69.458544284,1
publimetro_2019-11-07_16,8,none,,niblack,docling_rapidocr,llama,4,0,0,0,4,0.0,0.0,0.0,0,,,,,11.944110662,1
publimetro_2019-11-07_16,8,none,,none_color,docling_easyocr,llama,4,0,0,0,4,0.0,0.0,0.0,0,,,,,95.718752206,1
publimetro_2019-11-07_16,8,none,,none_color,docling_rapidocr,llama,4,0,0,0,4,0.0,0.0,0.0,0,,,,,20.791459383,1
publimetro_2019-11-07_16,8,none,,none_grayscale,docling_easyocr,llama,4,0,0,0,4,0.0,0.0,0.0,0,,,,,96.328419269,1
publimetro_2019-11-07_16,8,none,,none_grayscale,docling_rapidocr,llama,4,0,0,0,4,0.0,0.0,0.0,0,,,,,22.524664939,1
publimetro_2019-11-07_16,8,none,,otsu,docling_easyocr,llama,4,0,0,0,4,0.0,0.0,0.0,0,,,,,100.68612453,1
publimetro_2019-11-07_16,8,none,,otsu,docling_rapidocr,llama,4,0,0,0,4,0.0,0.0,0.0,0,,,,,23.115705219,1
publimetro_2019-11-07_16,9,none,,adaptive_gaussian,docling_easyocr,llama,4,0,0,0,4,0.0,0.0,0.0,0,,,,,108.123366779,1
publimetro_2019-11-07_16,9,none,,adaptive_gaussian,docling_rapidocr,llama,4,0,0,0,4,0.0,0.0,0.0,0,,,,,19.244052595,1
publimetro_2019-11-07_16,9,none,,adaptive_mean,docling_easyocr,llama,4,0,0,0,4,0.0,0.0,0.0,0,,,,,98.966034069,1
publimetro_2019-11-07_16,9,none,,adaptive_mean,docling_rapidocr,llama,4,0,0,0,4,0.0,0.0,0.0,0,,,,,18.771640434,1
publimetro_2019-11-07_16,9,none,,basic,docling_easyocr,llama,4,0,0,0,4,0.0,0.0,0.0,0,,,,,93.113801416,1
publimetro_2019-11-07_16,9,none,,basic,docling_rapidocr,llama,4,0,0,0,4,0.0,0.0,0.0,0,,,,,18.829128679,1
publimetro_2019-11-07_16,9,none,,niblack,docling_easyocr,llama,4,0,0,0,4,0.0,0.0,0.0,0,,,,,69.045694402,1
publimetro_2019-11-07_16,9,none,,niblack,docling_rapidocr,llama,4,0,0,0,4,0.0,0.0,0.0,0,,,,,10.986428789,1
publimetro_2019-11-07_16,9,none,,none_color,docling_easyocr,llama,4,0,0,0,4,0.0,0.0,0.0,0,,,,,95.369460208,1
publimetro_2019-11-07_16,9,none,,none_color,docling_rapidocr,llama,4,0,0,0,4,0.0,0.0,0.0,0,,,,,22.820356472,1
publimetro_2019-11-07_16,9,none,,none_grayscale,docling_easyocr,llama,4,0,0,0,4,0.0,0.0,0.0,0,,,,,103.159840759,1
publimetro_2019-11-07_16,9,none,,none_grayscale,docling_rapidocr,llama,4,0,0,0,4,0.0,0.0,0.0,0,,,,,21.955331977,1
publimetro_2019-11-07_16,9,none,,otsu,docling_easyocr,llama,4,0,0,0,4,0.0,0.0,0.0,0,,,,,103.997620187,1
publimetro_2019-11-07_16,9,none,,otsu,docling_rapidocr,llama,4,0,0,0,4,0.0,0.0,0.0,0,,,,,24.012261472,1
publimetro_2019-11-07_16,10,none,,adaptive_gaussian,docling_easyocr,llama,4,0,0,0,4,0.0,0.0,0.0,0,,,,,105.443389486,1
publimetro_2019-11-07_16,10,none,,adaptive_gaussian,docling_rapidocr,llama,4,0,0,0,4,0.0,0.0,0.0,0,,,,,23.001965116,1
publimetro_2019-11-07_16,10,none,,adaptive_mean,docling_easyocr,llama,4,0,0,0,4,0.0,0.0,0.0,0,,,,,99.610318441,1
publimetro_2019-11-07_16,10,none,,adaptive_mean,docling_rapidocr,llama,4,0,0,0,4,0.0,0.0,0.0,0,,,,,22.432878036,1
publimetro_2019-11-07_16,10,none,,basic,docling_easyocr,llama,4,0,0,0,4,0.0,0.0,0.0,0,,,,,105.258526624,1
publimetro_2019-11-07_16,10,none,,basic,docling_rapidocr,llama,4,0,0,0,4,0.0,0.0,0.0,0,,,,,22.190367759,1
publimetro_2019-11-07_16,10,none,,niblack,docling_easyocr,llama,4,0,0,0,4,0.0,0.0,0.0,0,,,,,68.77613335,1
publimetro_2019-11-07_16,10,none,,niblack,docling_rapidocr,llama,4,0,0,0,4,0.0,0.0,0.0,0,,,,,11.42950373,1
publimetro_2019-11-07_16,10,none,,none_color,docling_easyocr,llama,4,0,0,0,4,0.0,0.0,0.0,0,,,,,105.343202341,1
publimetro_2019-11-07_16,10,none,,none_color,docling_rapidocr,llama,4,0,0,0,4,0.0,0.0,0.0,0,,,,,21.95148896,1
publimetro_2019-11-07_16,10,none,,none_grayscale,docling_easyocr,llama,4,0,0,0,4,0.0,0.0,0.0,0,,,,,101.962224783,1
publimetro_2019-11-07_16,10,none,,none_grayscale,docling_rapidocr,llama,4,0,0,0,4,0.0,0.0,0.0,0,,,,,22.746037305,1
publimetro_2019-11-07_16,10,none,,otsu,docling_easyocr,llama,4,0,0,0,4,0.0,0.0,0.0,0,,,,,103.230852022,1
publimetro_2019-11-07_16,10,none,,otsu,docling_rapidocr,llama,4,0,0,0,4,0.0,0.0,0.0,0,,,,,22.631461515,1
publimetro_2019-11-07_16,11,none,,adaptive_gaussian,docling_easyocr,llama,4,0,0,0,4,0.0,0.0,0.0,0,,,,,105.022286485,1
publimetro_2019-11-07_16,11,none,,adaptive_gaussian,docling_rapidocr,llama,4,0,0,0,4,0.0,0.0,0.0,0,,,,,22.475271772,1
publimetro_2019-11-07_16,11,none,,adaptive_mean,docling_easyocr,llama,4,0,0,0,4,0.0,0.0,0.0,0,,,,,98.611388774,1
publimetro_2019-11-07_16,11,none,,adaptive_mean,docling_rapidocr,llama,4,0,0,0,4,0.0,0.0,0.0,0,,,,,21.342629285,1
publimetro_2019-11-07_16,11,none,,basic,docling_easyocr,llama,4,0,0,0,4,0.0,0.0,0.0,0,,,,,71.993616952,1
publimetro_2019-11-07_16,11,none,,basic,docling_rapidocr,llama,4,0,0,0,4,0.0,0.0,0.0,0,,,,,12.890151157,1
publimetro_2019-11-07_16,11,none,,niblack,docling_easyocr,llama,4,0,0,0,4,0.0,0.0,0.0,0,,,,,69.147452385,1
publimetro_2019-11-07_16,11,none,,niblack,docling_rapidocr,llama,4,0,0,0,4,0.0,0.0,0.0,0,,,,,11.976895839,1
publimetro_2019-11-07_16,11,none,,none_color,docling_easyocr,llama,4,0,0,0,4,0.0,0.0,0.0,0,,,,,104.735487117,1
publimetro_2019-11-07_16,11,none,,none_color,docling_rapidocr,llama,4,0,0,0,4,0.0,0.0,0.0,0,,,,,19.63587965,1
publimetro_2019-11-07_16,11,none,,none_grayscale,docling_easyocr,llama,4,0,0,0,4,0.0,0.0,0.0,0,,,,,104.546949924,1
publimetro_2019-11-07_16,11,none,,none_grayscale,docling_rapidocr,llama,4,0,0,0,4,0.0,0.0,0.0,0,,,,,22.395959915,1
publimetro_2019-11-07_16,11,none,,otsu,docling_easyocr,llama,4,0,0,0,4,0.0,0.0,0.0,0,,,,,104.737204996,1
publimetro_2019-11-07_16,11,none,,otsu,docling_rapidocr,llama,4,0,0,0,4,0.0,0.0,0.0,0,,,,,21.900470701,1
publimetro_2019-11-07_16,12,none,,adaptive_gaussian,docling_easyocr,llama,4,0,0,0,4,0.0,0.0,0.0,0,,,,,140.874635755,1
publimetro_2019-11-07_16,12,none,,adaptive_gaussian,docling_rapidocr,llama,4,0,0,0,4,0.0,0.0,0.0,0,,,,,51.304734527,1
publimetro_2019-11-07_16,12,none,,adaptive_mean,docling_easyocr,llama,4,0,0,0,4,0.0,0.0,0.0,0,,,,,136.26819206,1
publimetro_2019-11-07_16,12,none,,adaptive_mean,docling_rapidocr,llama,4,0,0,0,4,0.0,0.0,0.0,0,,,,,51.982586152,1
publimetro_2019-11-07_16,12,none,,basic,docling_easyocr,llama,4,0,0,0,4,0.0,0.0,0.0,0,,,,,117.140448857,1
publimetro_2019-11-07_16,12,none,,basic,docling_rapidocr,llama,4,0,0,0,4,0.0,0.0,0.0,0,,,,,51.677439023,1
publimetro_2019-11-07_16,12,none,,niblack,docling_easyocr,llama,4,0,0,0,4,0.0,0.0,0.0,0,,,,,91.256828586,1
publimetro_2019-11-07_16,12,none,,niblack,docling_rapidocr,llama,4,0,0,0,4,0.0,0.0,0.0,0,,,,,41.270204345,1
publimetro_2019-11-07_16,12,none,,none_color,docling_easyocr,llama,4,0,0,0,4,0.0,0.0,0.0,0,,,,,116.325731731,1
publimetro_2019-11-07_16,12,none,,none_color,docling_rapidocr,llama,4,0,0,0,4,0.0,0.0,0.0,0,,,,,51.527834392,1
publimetro_2019-11-07_16,12,none,,none_grayscale,docling_easyocr,llama,4,0,0,0,4,0.0,0.0,0.0,0,,,,,115.229763795,1
publimetro_2019-11-07_16,12,none,,none_grayscale,docling_rapidocr,llama,4,0,0,0,4,0.0,0.0,0.0,0,,,,,51.87118249,1
publimetro_2019-11-07_16,12,none,,otsu,docling_easyocr,llama,4,0,0,0,4,0.0,0.0,0.0,0,,,,,118.615105823,1
publimetro_2019-11-07_16,12,none,,otsu,docling_rapidocr,llama,4,0,0,0,4,0.0,0.0,0.0,0,,,,,49.72618337,1
publimetro_2019-11-07_16,13,none,,adaptive_gaussian,docling_easyocr,llama,4,0,0,0,4,0.0,0.0,0.0,0,,,,,136.777519975,1
publimetro_2019-11-07_16,13,none,,adaptive_gaussian,docling_rapidocr,llama,4,0,0,0,4,0.0,0.0,0.0,0,,,,,47.716424737,1
publimetro_2019-11-07_16,13,none,,adaptive_mean,docling_easyocr,llama,4,0,0,0,4,0.0,0.0,0.0,0,,,,,130.362589341,1
publimetro_2019-11-07_16,13,none,,adaptive_mean,docling_rapidocr,llama,4,0,0,0,4,0.0,0.0,0.0,0,,,,,48.46815632,1
publimetro_2019-11-07_16,13,none,,basic,docling_easyocr,llama,4,0,0,0,4,0.0,0.0,0.0,0,,,,,124.065641116,1
publimetro_2019-11-07_16,13,none,,basic,docling_rapidocr,llama,4,0,0,0,4,0.0,0.0,0.0,0,,,,,49.848537396,1
publimetro_2019-11-07_16,13,none,,niblack,docling_easyocr,llama,4,0,0,0,4,0.0,0.0,0.0,0,,,,,96.948375674,1
publimetro_2019-11-07_16,13,none,,niblack,docling_rapidocr,llama,4,0,0,0,4,0.0,0.0,0.0,0,,,,,39.869998666,1
publimetro_2019-11-07_16,13,none,,none_color,docling_easyocr,llama,4,0,0,0,4,0.0,0.0,0.0,0,,,,,127.361104844,1
publimetro_2019-11-07_16,13,none,,none_color,docling_rapidocr,llama,4,0,0,0,4,0.0,0.0,0.0,0,,,,,51.897327302,1
publimetro_2019-11-07_16,13,none,,none_grayscale,docling_easyocr,llama,4,0,0,0,4,0.0,0.0,0.0,0,,,,,124.520168017,1
publimetro_2019-11-07_16,13,none,,none_grayscale,docling_rapidocr,llama,4,0,0,0,4,0.0,0.0,0.0,0,,,,,51.388840388,1
publimetro_2019-11-07_16,13,none,,otsu,docling_easyocr,llama,4,0,0,0,4,0.0,0.0,0.0,0,,,,,114.890976049,1
publimetro_2019-11-07_16,13,none,,otsu,docling_rapidocr,llama,4,0,0,0,4,0.0,0.0,0.0,0,,,,,51.537354804,1
publimetro_2019-11-07_16,14,none,,adaptive_gaussian,docling_easyocr,llama,4,0,0,0,4,0.0,0.0,0.0,0,,,,,141.454424901,1
publimetro_2019-11-07_16,14,none,,adaptive_gaussian,docling_rapidocr,llama,4,0,0,0,4,0.0,0.0,0.0,0,,,,,51.833135648,1
publimetro_2019-11-07_16,14,none,,adaptive_mean,docling_easyocr,llama,4,0,0,0,4,0.0,0.0,0.0,0,,,,,128.317779533,1
publimetro_2019-11-07_16,14,none,,adaptive_mean,docling_rapidocr,llama,4,0,0,0,4,0.0,0.0,0.0,0,,,,,51.618483058,1
publimetro_2019-11-07_16,14,none,,basic,docling_easyocr,llama,4,0,0,0,4,0.0,0.0,0.0,0,,,,,128.184784446,1
publimetro_2019-11-07_16,14,none,,basic,docling_rapidocr,llama,4,0,0,0,4,0.0,0.0,0.0,0,,,,,50.464644227,1
publimetro_2019-11-07_16,14,none,,niblack,docling_easyocr,llama,4,0,0,0,4,0.0,0.0,0.0,0,,,,,87.580571893,1
publimetro_2019-11-07_16,14,none,,niblack,docling_rapidocr,llama,4,0,0,0,4,0.0,0.0,0.0,0,,,,,40.808597568,1
publimetro_2019-11-07_16,14,none,,none_color,docling_easyocr,llama,4,0,0,0,4,0.0,0.0,0.0,0,,,,,125.774400506,1
publimetro_2019-11-07_16,14,none,,none_color,docling_rapidocr,llama,4,0,0,0,4,0.0,0.0,0.0,0,,,,,51.720387015,1
publimetro_2019-11-07_16,14,none,,none_grayscale,docling_easyocr,llama,4,0,0,0,4,0.0,0.0,0.0,0,,,,,123.772408208,1
publimetro_2019-11-07_16,14,none,,none_grayscale,docling_rapidocr,llama,4,0,0,0,4,0.0,0.0,0.0,0,,,,,51.934313497,1
publimetro_2019-11-07_16,14,none,,otsu,docling_easyocr,llama,4,0,0,0,4,0.0,0.0,0.0,0,,,,,115.41795622,1
publimetro_2019-11-07_16,14,none,,otsu,docling_rapidocr,llama,4,0,0,0,4,0.0,0.0,0.0,0,,,,,52.495910512,1
publimetro_2019-11-07_16,15,none,,adaptive_gaussian,docling_easyocr,llama,4,0,0,0,4,0.0,0.0,0.0,0,,,,,83.166375337,1
publimetro_2019-11-07_16,15,none,,adaptive_gaussian,docling_rapidocr,llama,4,0,0,0,4,0.0,0.0,0.0,0,,,,,10.577628551,1
publimetro_2019-11-07_16,15,none,,adaptive_mean,docling_easyocr,llama,4,0,0,0,4,0.0,0.0,0.0,0,,,,,84.633112079,1
publimetro_2019-11-07_16,15,none,,adaptive_mean,docling_rapidocr,llama,4,0,0,0,4,0.0,0.0,0.0,0,,,,,9.866865521,1
publimetro_2019-11-07_16,15,none,,basic,docling_easyocr,llama,4,0,0,0,4,0.0,0.0,0.0,0,,,,,96.49937408,1
publimetro_2019-11-07_16,15,none,,basic,docling_rapidocr,llama,4,0,0,0,4,0.0,0.0,0.0,0,,,,,22.411665368,1
publimetro_2019-11-07_16,15,none,,niblack,docling_easyocr,llama,4,0,0,0,4,0.0,0.0,0.0,0,,,,,66.396530692,1
publimetro_2019-11-07_16,15,none,,niblack,docling_rapidocr,llama,4,0,0,0,4,0.0,0.0,0.0,0,,,,,12.281770293,1
publimetro_2019-11-07_16,15,none,,none_color,docling_easyocr,llama,4,0,0,0,4,0.0,0.0,0.0,0,,,,,95.286958312,1
publimetro_2019-11-07_16,15,none,,none_color,docling_rapidocr,llama,4,0,0,0,4,0.0,0.0,0.0,0,,,,,22.83410797,1
publimetro_2019-11-07_16,15,none,,none_grayscale,docling_easyocr,llama,4,0,0,0,4,0.0,0.0,0.0,0,,,,,93.319259334,1
publimetro_2019-11-07_16,15,none,,none_grayscale,docling_rapidocr,llama,4,0,0,0,4,0.0,0.0,0.0,0,,,,,22.70079844,1
publimetro_2019-11-07_16,15,none,,otsu,docling_easyocr,llama,4,0,0,0,4,0.0,0.0,0.0,0,,,,,86.022671296,1
publimetro_2019-11-07_16,15,none,,otsu,docling_rapidocr,llama,4,0,0,0,4,0.0,0.0,0.0,0,,,,,23.167441442,1
publimetro_2019-11-07_16,16,none,,adaptive_gaussian,docling_easyocr,llama,4,0,0,0,4,0.0,0.0,0.0,0,,,,,74.5854615,1
publimetro_2019-11-07_16,16,none,,adaptive_gaussian,docling_rapidocr,llama,4,0,0,0,4,0.0,0.0,0.0,0,,,,,9.459704283,1
publimetro_2019-11-07_16,16,none,,adaptive_mean,docling_easyocr,llama,4,0,0,0,4,0.0,0.0,0.0,0,,,,,74.563370298,1
publimetro_2019-11-07_16,16,none,,adaptive_mean,docling_rapidocr,llama,4,0,0,0,4,0.0,0.0,0.0,0,,,,,11.960885595,1
publimetro_2019-11-07_16,16,none,,basic,docling_easyocr,llama,4,0,0,0,4,0.0,0.0,0.0,0,,,,,94.622568554,1
publimetro_2019-11-07_16,16,none,,basic,docling_rapidocr,llama,4,6,3,3,1,0.5,0.75,0.6,4,0.5511006289308176,0.6527777777777778,0.19964375977952528,0.2465679950520226,22.613095945,0
publimetro_2019-11-07_16,16,none,,niblack,docling_easyocr,llama,4,0,0,0,4,0.0,0.0,0.0,0,,,,,65.981364405,1
publimetro_2019-11-07_16,16,none,,niblack,docling_rapidocr,llama,4,0,0,0,4,0.0,0.0,0.0,0,,,,,12.317803299,1
publimetro_2019-11-07_16,16,none,,none_color,docling_easyocr,llama,4,0,0,0,4,0.0,0.0,0.0,0,,,,,87.335616867,1
publimetro_2019-11-07_16,16,none,,none_color,docling_rapidocr,llama,4,0,0,0,4,0.0,0.0,0.0,0,,,,,22.641134302,1
publimetro_2019-11-07_16,16,none,,none_grayscale,docling_easyocr,llama,4,0,0,0,4,0.0,0.0,0.0,0,,,,,95.3219608,1
publimetro_2019-11-07_16,16,none,,none_grayscale,docling_rapidocr,llama,4,0,0,0,4,0.0,0.0,0.0,0,,,,,23.05264222,1
publimetro_2019-11-07_16,16,none,,otsu,docling_easyocr,llama,4,0,0,0,4,0.0,0.0,0.0,0,,,,,93.648238678,1
publimetro_2019-11-07_16,16,none,,otsu,docling_rapidocr,llama,4,0,0,0,4,0.0,0.0,0.0,0,,,,,22.600645084,1
publimetro_2019-11-07_16,17,none,,adaptive_gaussian,docling_easyocr,llama,4,0,0,0,4,0.0,0.0,0.0,0,,,,,83.796615889,1
publimetro_2019-11-07_16,17,none,,adaptive_gaussian,docling_rapidocr,llama,4,0,0,0,4,0.0,0.0,0.0,0,,,,,11.768818905,1
publimetro_2019-11-07_16,17,none,,adaptive_mean,docling_easyocr,llama,4,0,0,0,4,0.0,0.0,0.0,0,,,,,86.125128267,1
publimetro_2019-11-07_16,17,none,,adaptive_mean,docling_rapidocr,llama,4,0,0,0,4,0.0,0.0,0.0,0,,,,,11.556505678,1
publimetro_2019-11-07_16,17,none,,basic,docling_easyocr,llama,4,0,0,0,4,0.0,0.0,0.0,0,,,,,93.406498545,1
publimetro_2019-11-07_16,17,none,,basic,docling_rapidocr,llama,4,0,0,0,4,0.0,0.0,0.0,0,,,,,22.410631769,1
publimetro_2019-11-07_16,17,none,,niblack,docling_easyocr,llama,4,0,0,0,4,0.0,0.0,0.0,0,,,,,67.432440674,1
publimetro_2019-11-07_16,17,none,,niblack,docling_rapidocr,llama,4,0,0,0,4,0.0,0.0,0.0,0,,,,,9.801191723,1
publimetro_2019-11-07_16,17,none,,none_color,docling_easyocr,llama,4,0,0,0,4,0.0,0.0,0.0,0,,,,,96.985092918,1
publimetro_2019-11-07_16,17,none,,none_color,docling_rapidocr,llama,4,0,0,0,4,0.0,0.0,0.0,0,,,,,22.429406445,1
publimetro_2019-11-07_16,17,none,,none_grayscale,docling_easyocr,llama,4,0,0,0,4,0.0,0.0,0.0,0,,,,,88.864461939,1
publimetro_2019-11-07_16,17,none,,none_grayscale,docling_rapidocr,llama,4,0,0,0,4,0.0,0.0,0.0,0,,,,,23.051754753,1
publimetro_2019-11-07_16,17,none,,otsu,docling_easyocr,llama,4,0,0,0,4,0.0,0.0,0.0,0,,,,,96.111147589,1
publimetro_2019-11-07_16,17,none,,otsu,docling_rapidocr,llama,4,0,0,0,4,0.0,0.0,0.0,0,,,,,19.755083984,1
publimetro_2019-11-07_16,18,none,,adaptive_gaussian,docling_easyocr,llama,4,0,0,0,4,0.0,0.0,0.0,0,,,,,66.577433554,1
publimetro_2019-11-07_16,18,none,,adaptive_gaussian,docling_rapidocr,llama,4,0,0,0,4,0.0,0.0,0.0,0,,,,,11.74517366,1
publimetro_2019-11-07_16,18,none,,adaptive_mean,docling_easyocr,llama,4,0,0,0,4,0.0,0.0,0.0,0,,,,,67.846695339,1
publimetro_2019-11-07_16,18,none,,adaptive_mean,docling_rapidocr,llama,4,0,0,0,4,0.0,0.0,0.0,0,,,,,12.510304367,1
publimetro_2019-11-07_16,18,none,,basic,docling_easyocr,llama,4,0,0,0,4,0.0,0.0,0.0,0,,,,,66.675366432,1
publimetro_2019-11-07_16,18,none,,basic,docling_rapidocr,llama,4,0,0,0,4,0.0,0.0,0.0,0,,,,,11.600510151,1
publimetro_2019-11-07_16,18,none,,niblack,docling_easyocr,llama,4,0,0,0,4,0.0,0.0,0.0,0,,,,,68.445661659,1
publimetro_2019-11-07_16,18,none,,niblack,docling_rapidocr,llama,4,0,0,0,4,0.0,0.0,0.0,0,,,,,11.689908142,1
publimetro_2019-11-07_16,18,none,,otsu,docling_easyocr,llama,4,0,0,0,4,0.0,0.0,0.0,0,,,,,58.880463942,1
publimetro_2019-11-07_16,18,none,,otsu,docling_rapidocr,llama,4,0,0,0,4,0.0,0.0,0.0,0,,,,,11.229908092,1
publimetro_2019-11-07_16,18,none,,yannihorne,docling_rapidocr,llama,4,0,0,0,4,0.0,0.0,0.0,0,,,,,11.96437393,1
publimetro_2019-11-07_16,19,none,,adaptive_gaussian,docling_easyocr,llama,4,0,0,0,4,0.0,0.0,0.0,0,,,,,59.83350338,1
publimetro_2019-11-07_16,19,none,,adaptive_gaussian,docling_rapidocr,llama,4,0,0,0,4,0.0,0.0,0.0,0,,,,,11.870526209,1
publimetro_2019-11-07_16,19,none,,adaptive_mean,docling_easyocr,llama,4,0,0,0,4,0.0,0.0,0.0,0,,,,,67.812152945,1
publimetro_2019-11-07_16,19,none,,adaptive_mean,docling_rapidocr,llama,4,0,0,0,4,0.0,0.0,0.0,0,,,,,12.326270185,1
publimetro_2019-11-07_16,19,none,,basic,docling_easyocr,llama,4,0,0,0,4,0.0,0.0,0.0,0,,,,,69.064880091,1
publimetro_2019-11-07_16,19,none,,basic,docling_rapidocr,llama,4,0,0,0,4,0.0,0.0,0.0,0,,,,,11.831047016,1
publimetro_2019-11-07_16,19,none,,niblack,docling_easyocr,llama,4,0,0,0,4,0.0,0.0,0.0,0,,,,,68.962341061,1
publimetro_2019-11-07_16,19,none,,niblack,docling_rapidocr,llama,4,0,0,0,4,0.0,0.0,0.0,0,,,,,10.526407471,1
publimetro_2019-11-07_16,19,none,,otsu,docling_easyocr,llama,4,0,0,0,4,0.0,0.0,0.0,0,,,,,67.474771769,1
publimetro_2019-11-07_16,19,none,,otsu,docling_rapidocr,llama,4,0,0,0,4,0.0,0.0,0.0,0,,,,,11.596046955,1
publimetro_2019-11-07_16,19,none,,yannihorne,docling_rapidocr,llama,4,0,0,0,4,0.0,0.0,0.0,0,,,,,10.223434479,1
publimetro_2019-11-07_16,20,none,,adaptive_gaussian,docling_easyocr,llama,4,0,0,0,4,0.0,0.0,0.0,0,,,,,63.157199566,1
publimetro_2019-11-07_16,20,none,,adaptive_gaussian,docling_rapidocr,llama,4,0,0,0,4,0.0,0.0,0.0,0,,,,,11.036826794,1
publimetro_2019-11-07_16,20,none,,adaptive_mean,docling_easyocr,llama,4,0,0,0,4,0.0,0.0,0.0,0,,,,,59.597288502,1
publimetro_2019-11-07_16,20,none,,adaptive_mean,docling_rapidocr,llama,4,0,0,0,4,0.0,0.0,0.0,0,,,,,12.518937958,1
publimetro_2019-11-07_16,20,none,,basic,docling_easyocr,llama,4,0,0,0,4,0.0,0.0,0.0,0,,,,,58.767570265,1
publimetro_2019-11-07_16,20,none,,basic,docling_rapidocr,llama,4,0,0,0,4,0.0,0.0,0.0,0,,,,,11.622073181,1
publimetro_2019-11-07_16,20,none,,niblack,docling_easyocr,llama,4,0,0,0,4,0.0,0.0,0.0,0,,,,,68.391941992,1
publimetro_2019-11-07_16,20,none,,niblack,docling_rapidocr,llama,4,0,0,0,4,0.0,0.0,0.0,0,,,,,11.638953892,1
publimetro_2019-11-07_16,20,none,,otsu,docling_easyocr,llama,4,0,0,0,4,0.0,0.0,0.0,0,,,,,67.075488409,1
publimetro_2019-11-07_16,20,none,,otsu,docling_rapidocr,llama,4,0,0,0,4,0.0,0.0,0.0,0,,,,,10.098769983,1
publimetro_2019-11-07_16,20,none,,yannihorne,docling_rapidocr,llama,4,0,0,0,4,0.0,0.0,0.0,0,,,,,11.987289509,1
publimetro_2019-11-07_16,21,none,,adaptive_gaussian,docling_easyocr,llama,4,0,0,0,4,0.0,0.0,0.0,0,,,,,179.349724548,1
publimetro_2019-11-07_16,21,none,,adaptive_gaussian,docling_rapidocr,llama,4,0,0,0,4,0.0,0.0,0.0,0,,,,,104.188130634,1
publimetro_2019-11-07_16,21,none,,adaptive_mean,docling_easyocr,llama,4,0,0,0,4,0.0,0.0,0.0,0,,,,,184.90733222,1
publimetro_2019-11-07_16,21,none,,adaptive_mean,docling_rapidocr,llama,4,0,0,0,4,0.0,0.0,0.0,0,,,,,104.491706171,1
publimetro_2019-11-07_16,21,none,,basic,docling_easyocr,llama,4,0,0,0,4,0.0,0.0,0.0,0,,,,,168.622850498,1
publimetro_2019-11-07_16,21,none,,basic,docling_rapidocr,llama,4,0,0,0,4,0.0,0.0,0.0,0,,,,,102.482924541,1
publimetro_2019-11-07_16,21,none,,niblack,docling_easyocr,llama,4,0,0,0,4,0.0,0.0,0.0,0,,,,,150.619382847,1
publimetro_2019-11-07_16,21,none,,niblack,docling_rapidocr,llama,4,0,0,0,4,0.0,0.0,0.0,0,,,,,92.458671797,1
publimetro_2019-11-07_16,21,none,,none_color,docling_easyocr,llama,4,0,0,0,4,0.0,0.0,0.0,0,,,,,192.132507809,1
publimetro_2019-11-07_16,21,none,,none_color,docling_rapidocr,llama,4,0,0,0,4,0.0,0.0,0.0,0,,,,,101.466391571,1
publimetro_2019-11-07_16,21,none,,none_grayscale,docling_easyocr,llama,4,0,0,0,4,0.0,0.0,0.0,0,,,,,191.235943802,1
publimetro_2019-11-07_16,21,none,,none_grayscale,docling_rapidocr,llama,4,0,0,0,4,0.0,0.0,0.0,0,,,,,104.28731633,1
publimetro_2019-11-07_16,21,none,,otsu,docling_easyocr,llama,4,0,0,0,4,0.0,0.0,0.0,0,,,,,190.702321443,1
publimetro_2019-11-07_16,21,none,,otsu,docling_rapidocr,llama,4,0,0,0,4,0.0,0.0,0.0,0,,,,,104.800883207,1
publimetro_2019-11-07_16,22,none,,adaptive_gaussian,docling_easyocr,llama,4,0,0,0,4,0.0,0.0,0.0,0,,,,,188.911926475,1
publimetro_2019-11-07_16,22,none,,adaptive_gaussian,docling_rapidocr,llama,4,0,0,0,4,0.0,0.0,0.0,0,,,,,103.948118654,1
publimetro_2019-11-07_16,22,none,,adaptive_mean,docling_easyocr,llama,4,0,0,0,4,0.0,0.0,0.0,0,,,,,188.544590389,1
publimetro_2019-11-07_16,22,none,,adaptive_mean,docling_rapidocr,llama,4,0,0,0,4,0.0,0.0,0.0,0,,,,,103.874440824,1
publimetro_2019-11-07_16,22,none,,basic,docling_easyocr,llama,4,0,0,0,4,0.0,0.0,0.0,0,,,,,181.037306028,1
publimetro_2019-11-07_16,22,none,,basic,docling_rapidocr,llama,4,0,0,0,4,0.0,0.0,0.0,0,,,,,105.024221855,1
publimetro_2019-11-07_16,22,none,,niblack,docling_easyocr,llama,4,0,0,0,4,0.0,0.0,0.0,0,,,,,150.664901422,1
publimetro_2019-11-07_16,22,none,,niblack,docling_rapidocr,llama,4,0,0,0,4,0.0,0.0,0.0,0,,,,,93.153049873,1
publimetro_2019-11-07_16,22,none,,none_color,docling_easyocr,llama,4,0,0,0,4,0.0,0.0,0.0,0,,,,,178.506012087,1
publimetro_2019-11-07_16,22,none,,none_color,docling_rapidocr,llama,4,0,0,0,4,0.0,0.0,0.0,0,,,,,104.004118805,1
publimetro_2019-11-07_16,22,none,,none_grayscale,docling_easyocr,llama,4,0,0,0,4,0.0,0.0,0.0,0,,,,,190.682526712,1
publimetro_2019-11-07_16,22,none,,none_grayscale,docling_rapidocr,llama,4,0,0,0,4,0.0,0.0,0.0,0,,,,,104.122320537,1
publimetro_2019-11-07_16,22,none,,otsu,docling_easyocr,llama,4,0,0,0,4,0.0,0.0,0.0,0,,,,,189.776394398,1
publimetro_2019-11-07_16,22,none,,otsu,docling_rapidocr,llama,4,0,0,0,4,0.0,0.0,0.0,0,,,,,103.976967604,1
publimetro_2019-11-07_16,23,none,,adaptive_gaussian,docling_easyocr,llama,4,0,0,0,4,0.0,0.0,0.0,0,,,,,189.766230675,1
publimetro_2019-11-07_16,23,none,,adaptive_gaussian,docling_rapidocr,llama,4,0,0,0,4,0.0,0.0,0.0,0,,,,,105.218698116,1
publimetro_2019-11-07_16,23,none,,adaptive_mean,docling_easyocr,llama,4,0,0,0,4,0.0,0.0,0.0,0,,,,,174.154341738,1
publimetro_2019-11-07_16,23,none,,adaptive_mean,docling_rapidocr,llama,4,0,0,0,4,0.0,0.0,0.0,0,,,,,104.761152307,1
publimetro_2019-11-07_16,23,none,,basic,docling_easyocr,llama,4,0,0,0,4,0.0,0.0,0.0,0,,,,,157.026041351,1
publimetro_2019-11-07_16,23,none,,basic,docling_rapidocr,llama,4,0,0,0,4,0.0,0.0,0.0,0,,,,,95.592379652,1
publimetro_2019-11-07_16,23,none,,niblack,docling_easyocr,llama,4,0,0,0,4,0.0,0.0,0.0,0,,,,,152.685757305,1
publimetro_2019-11-07_16,23,none,,niblack,docling_rapidocr,llama,4,0,0,0,4,0.0,0.0,0.0,0,,,,,91.359091665,1
publimetro_2019-11-07_16,23,none,,none_color,docling_easyocr,llama,4,0,0,0,4,0.0,0.0,0.0,0,,,,,191.913426647,1
publimetro_2019-11-07_16,23,none,,none_color,docling_rapidocr,llama,4,0,0,0,4,0.0,0.0,0.0,0,,,,,100.760259399,1
publimetro_2019-11-07_16,23,none,,none_grayscale,docling_easyocr,llama,4,0,0,0,4,0.0,0.0,0.0,0,,,,,190.693781147,1
publimetro_2019-11-07_16,23,none,,none_grayscale,docling_rapidocr,llama,4,0,0,0,4,0.0,0.0,0.0,0,,,,,100.413387785,1
publimetro_2019-11-07_16,23,none,,otsu,docling_easyocr,llama,4,0,0,0,4,0.0,0.0,0.0,0,,,,,191.374597704,1
publimetro_2019-11-07_16,23,none,,otsu,docling_rapidocr,llama,4,0,0,0,4,0.0,0.0,0.0,0,,,,,105.11449114,1
publimetro_2019-11-07_16,24,none,,adaptive_gaussian,docling_easyocr,llama,4,0,0,0,4,0.0,0.0,0.0,0,,,,,110.228881318,1
publimetro_2019-11-07_16,24,none,,adaptive_gaussian,docling_rapidocr,llama,4,0,0,0,4,0.0,0.0,0.0,0,,,,,21.170933444,1
publimetro_2019-11-07_16,24,none,,adaptive_mean,docling_easyocr,llama,4,0,0,0,4,0.0,0.0,0.0,0,,,,,111.419841197,1
publimetro_2019-11-07_16,24,none,,adaptive_mean,docling_rapidocr,llama,4,0,0,0,4,0.0,0.0,0.0,0,,,,,23.017792847,1
publimetro_2019-11-07_16,24,none,,basic,docling_easyocr,llama,4,0,0,0,4,0.0,0.0,0.0,0,,,,,99.399897763,1
publimetro_2019-11-07_16,24,none,,basic,docling_rapidocr,llama,4,0,0,0,4,0.0,0.0,0.0,0,,,,,22.729518601,1
publimetro_2019-11-07_16,24,none,,niblack,docling_easyocr,llama,4,0,0,0,4,0.0,0.0,0.0,0,,,,,67.886138835,1
publimetro_2019-11-07_16,24,none,,niblack,docling_rapidocr,llama,4,0,0,0,4,0.0,0.0,0.0,0,,,,,11.919721999,1
publimetro_2019-11-07_16,24,none,,none_color,docling_easyocr,llama,4,0,0,0,4,0.0,0.0,0.0,0,,,,,96.838381405,1
publimetro_2019-11-07_16,24,none,,none_color,docling_rapidocr,llama,4,0,0,0,4,0.0,0.0,0.0,0,,,,,23.079943295,1
publimetro_2019-11-07_16,24,none,,none_grayscale,docling_easyocr,llama,4,0,0,0,4,0.0,0.0,0.0,0,,,,,94.481233691,1
publimetro_2019-11-07_16,24,none,,none_grayscale,docling_rapidocr,llama,4,0,0,0,4,0.0,0.0,0.0,0,,,,,22.471409176,1
publimetro_2019-11-07_16,24,none,,otsu,docling_easyocr,llama,4,0,0,0,4,0.0,0.0,0.0,0,,,,,95.220036839,1
publimetro_2019-11-07_16,24,none,,otsu,docling_rapidocr,llama,4,0,0,0,4,0.0,0.0,0.0,0,,,,,22.866263484,1
publimetro_2019-11-07_16,25,none,,adaptive_gaussian,docling_easyocr,llama,4,0,0,0,4,0.0,0.0,0.0,0,,,,,95.590996899,1
publimetro_2019-11-07_16,25,none,,adaptive_gaussian,docling_rapidocr,llama,4,0,0,0,4,0.0,0.0,0.0,0,,,,,18.648755707,1
publimetro_2019-11-07_16,25,none,,adaptive_mean,docling_easyocr,llama,4,0,0,0,4,0.0,0.0,0.0,0,,,,,110.116935286,1
publimetro_2019-11-07_16,25,none,,adaptive_mean,docling_rapidocr,llama,4,0,0,0,4,0.0,0.0,0.0,0,,,,,21.210516724,1
publimetro_2019-11-07_16,25,none,,basic,docling_easyocr,llama,4,0,0,0,4,0.0,0.0,0.0,0,,,,,96.351015,1
publimetro_2019-11-07_16,25,none,,basic,docling_rapidocr,llama,4,0,0,0,4,0.0,0.0,0.0,0,,,,,23.312304167,1
publimetro_2019-11-07_16,25,none,,niblack,docling_easyocr,llama,4,0,0,0,4,0.0,0.0,0.0,0,,,,,68.475154278,1
publimetro_2019-11-07_16,25,none,,niblack,docling_rapidocr,llama,4,0,0,0,4,0.0,0.0,0.0,0,,,,,11.635083554,1
publimetro_2019-11-07_16,25,none,,none_color,docling_easyocr,llama,4,0,0,0,4,0.0,0.0,0.0,0,,,,,95.22546387,1
publimetro_2019-11-07_16,25,none,,none_color,docling_rapidocr,llama,4,0,0,0,4,0.0,0.0,0.0,0,,,,,18.670142653,1
publimetro_2019-11-07_16,25,none,,none_grayscale,docling_easyocr,llama,4,0,0,0,4,0.0,0.0,0.0,0,,,,,89.615442589,1
publimetro_2019-11-07_16,25,none,,none_grayscale,docling_rapidocr,llama,4,0,0,0,4,0.0,0.0,0.0,0,,,,,23.267190531,1
publimetro_2019-11-07_16,25,none,,otsu,docling_easyocr,llama,4,0,0,0,4,0.0,0.0,0.0,0,,,,,95.083626729,1
publimetro_2019-11-07_16,25,none,,otsu,docling_rapidocr,llama,4,0,0,0,4,0.0,0.0,0.0,0,,,,,19.217468005,1
publimetro_2019-11-07_16,26,none,,adaptive_gaussian,docling_easyocr,llama,4,0,0,0,4,0.0,0.0,0.0,0,,,,,97.458636462,1
publimetro_2019-11-07_16,26,none,,adaptive_gaussian,docling_rapidocr,llama,4,0,0,0,4,0.0,0.0,0.0,0,,,,,22.984773814,1
publimetro_2019-11-07_16,26,none,,adaptive_mean,docling_easyocr,llama,4,0,0,0,4,0.0,0.0,0.0,0,,,,,111.778251059,1
publimetro_2019-11-07_16,26,none,,adaptive_mean,docling_rapidocr,llama,4,0,0,0,4,0.0,0.0,0.0,0,,,,,21.584791548,1
publimetro_2019-11-07_16,26,none,,basic,docling_easyocr,llama,4,0,0,0,4,0.0,0.0,0.0,0,,,,,96.270928862,1
publimetro_2019-11-07_16,26,none,,basic,docling_rapidocr,llama,4,0,0,0,4,0.0,0.0,0.0,0,,,,,19.622959378,1
publimetro_2019-11-07_16,26,none,,niblack,docling_easyocr,llama,4,0,0,0,4,0.0,0.0,0.0,0,,,,,61.091260384,1
publimetro_2019-11-07_16,26,none,,niblack,docling_rapidocr,llama,4,0,0,0,4,0.0,0.0,0.0,0,,,,,10.627408932,1
publimetro_2019-11-07_16,26,none,,none_color,docling_easyocr,llama,4,0,0,0,4,0.0,0.0,0.0,0,,,,,95.74866121,1
publimetro_2019-11-07_16,26,none,,none_color,docling_rapidocr,llama,4,0,0,0,4,0.0,0.0,0.0,0,,,,,23.077310492,1
publimetro_2019-11-07_16,26,none,,none_grayscale,docling_easyocr,llama,4,0,0,0,4,0.0,0.0,0.0,0,,,,,95.637186457,1
publimetro_2019-11-07_16,26,none,,none_grayscale,docling_rapidocr,llama,4,0,0,0,4,0.0,0.0,0.0,0,,,,,22.962937523,1
publimetro_2019-11-07_16,26,none,,otsu,docling_easyocr,llama,4,0,0,0,4,0.0,0.0,0.0,0,,,,,94.20688589,1
publimetro_2019-11-07_16,26,none,,otsu,docling_rapidocr,llama,4,0,0,0,4,0.0,0.0,0.0,0,,,,,22.740101174,1
publimetro_2019-11-07_16,27,none,,adaptive_gaussian,docling_easyocr,llama,4,0,0,0,4,0.0,0.0,0.0,0,,,,,108.46673602,1
publimetro_2019-11-07_16,27,none,,adaptive_gaussian,docling_rapidocr,llama,4,0,0,0,4,0.0,0.0,0.0,0,,,,,18.332998217,1
publimetro_2019-11-07_16,27,none,,adaptive_mean,docling_easyocr,llama,4,0,0,0,4,0.0,0.0,0.0,0,,,,,97.653289042,1
publimetro_2019-11-07_16,27,none,,adaptive_mean,docling_rapidocr,llama,4,0,0,0,4,0.0,0.0,0.0,0,,,,,22.5394065,1
publimetro_2019-11-07_16,27,none,,basic,docling_easyocr,llama,4,0,0,0,4,0.0,0.0,0.0,0,,,,,96.114960675,1
publimetro_2019-11-07_16,27,none,,basic,docling_rapidocr,llama,4,0,0,0,4,0.0,0.0,0.0,0,,,,,23.33772469,1
publimetro_2019-11-07_16,27,none,,niblack,docling_easyocr,llama,4,0,0,0,4,0.0,0.0,0.0,0,,,,,58.811493537,1
publimetro_2019-11-07_16,27,none,,niblack,docling_rapidocr,llama,4,0,0,0,4,0.0,0.0,0.0,0,,,,,12.23995175,1
publimetro_2019-11-07_16,27,none,,none_color,docling_easyocr,llama,4,0,0,0,4,0.0,0.0,0.0,0,,,,,97.259101323,1
publimetro_2019-11-07_16,27,none,,none_color,docling_rapidocr,llama,4,0,0,0,4,0.0,0.0,0.0,0,,,,,20.875892809,1
publimetro_2019-11-07_16,27,none,,none_grayscale,docling_easyocr,llama,4,0,0,0,4,0.0,0.0,0.0,0,,,,,95.635199313,1
publimetro_2019-11-07_16,27,none,,none_grayscale,docling_rapidocr,llama,4,0,0,0,4,0.0,0.0,0.0,0,,,,,23.055619006,1
publimetro_2019-11-07_16,27,none,,otsu,docling_easyocr,llama,4,0,0,0,4,0.0,0.0,0.0,0,,,,,94.617708117,1
publimetro_2019-11-07_16,27,none,,otsu,docling_rapidocr,llama,4,0,0,0,4,0.0,0.0,0.0,0,,,,,23.138227851,1
publimetro_2019-11-07_16,28,none,,adaptive_gaussian,docling_easyocr,llama,4,0,0,0,4,0.0,0.0,0.0,0,,,,,92.108092182,1
publimetro_2019-11-07_16,28,none,,adaptive_gaussian,docling_rapidocr,llama,4,0,0,0,4,0.0,0.0,0.0,0,,,,,13.477701538,1
publimetro_2019-11-07_16,28,none,,adaptive_mean,docling_easyocr,llama,4,0,0,0,4,0.0,0.0,0.0,0,,,,,104.497472109,1
publimetro_2019-11-07_16,28,none,,adaptive_mean,docling_rapidocr,llama,4,0,0,0,4,0.0,0.0,0.0,0,,,,,21.42670256,1
publimetro_2019-11-07_16,28,none,,basic,docling_easyocr,llama,4,0,0,0,4,0.0,0.0,0.0,0,,,,,84.387022909,1
publimetro_2019-11-07_16,28,none,,basic,docling_rapidocr,llama,4,0,0,0,4,0.0,0.0,0.0,0,,,,,23.461216863,1
publimetro_2019-11-07_16,28,none,,niblack,docling_easyocr,llama,4,0,0,0,4,0.0,0.0,0.0,0,,,,,69.508756378,1
publimetro_2019-11-07_16,28,none,,niblack,docling_rapidocr,llama,4,0,0,0,4,0.0,0.0,0.0,0,,,,,11.079867342,1
publimetro_2019-11-07_16,28,none,,none_color,docling_easyocr,llama,4,0,0,0,4,0.0,0.0,0.0,0,,,,,95.159714968,1
publimetro_2019-11-07_16,28,none,,none_color,docling_rapidocr,llama,4,0,0,0,4,0.0,0.0,0.0,0,,,,,23.141449005,1
publimetro_2019-11-07_16,28,none,,none_grayscale,docling_easyocr,llama,4,0,0,0,4,0.0,0.0,0.0,0,,,,,89.819436891,1
publimetro_2019-11-07_16,28,none,,none_grayscale,docling_rapidocr,llama,4,0,0,0,4,0.0,0.0,0.0,0,,,,,23.256899698,1
publimetro_2019-11-07_16,28,none,,otsu,docling_easyocr,llama,4,0,0,0,4,0.0,0.0,0.0,0,,,,,96.085153589,1
publimetro_2019-11-07_16,28,none,,otsu,docling_rapidocr,llama,4,0,0,0,4,0.0,0.0,0.0,0,,,,,22.903764019,1
publimetro_2019-11-07_16,29,none,,adaptive_gaussian,docling_easyocr,llama,4,0,0,0,4,0.0,0.0,0.0,0,,,,,109.971158306,1
publimetro_2019-11-07_16,29,none,,adaptive_gaussian,docling_rapidocr,llama,4,0,0,0,4,0.0,0.0,0.0,0,,,,,22.518567125,1
publimetro_2019-11-07_16,29,none,,adaptive_mean,docling_easyocr,llama,4,0,0,0,4,0.0,0.0,0.0,0,,,,,91.844044197,1
publimetro_2019-11-07_16,29,none,,adaptive_mean,docling_rapidocr,llama,4,0,0,0,4,0.0,0.0,0.0,0,,,,,19.016506183,1
publimetro_2019-11-07_16,29,none,,basic,docling_easyocr,llama,4,0,0,0,4,0.0,0.0,0.0,0,,,,,96.843785866,1
publimetro_2019-11-07_16,29,none,,basic,docling_rapidocr,llama,4,0,0,0,4,0.0,0.0,0.0,0,,,,,22.042188032,1
publimetro_2019-11-07_16,29,none,,niblack,docling_easyocr,llama,4,0,0,0,4,0.0,0.0,0.0,0,,,,,68.635428045,1
publimetro_2019-11-07_16,29,none,,niblack,docling_rapidocr,llama,4,0,0,0,4,0.0,0.0,0.0,0,,,,,12.326098535,1
publimetro_2019-11-07_16,29,none,,none_color,docling_easyocr,llama,4,0,0,0,4,0.0,0.0,0.0,0,,,,,92.48392275,1
publimetro_2019-11-07_16,29,none,,none_color,docling_rapidocr,llama,4,0,0,0,4,0.0,0.0,0.0,0,,,,,24.148533136,1
publimetro_2019-11-07_16,29,none,,none_grayscale,docling_easyocr,llama,4,0,0,0,4,0.0,0.0,0.0,0,,,,,95.212491543,1
publimetro_2019-11-07_16,29,none,,none_grayscale,docling_rapidocr,llama,4,0,0,0,4,0.0,0.0,0.0,0,,,,,22.890550405,1
publimetro_2019-11-07_16,29,none,,otsu,docling_easyocr,llama,4,0,0,0,4,0.0,0.0,0.0,0,,,,,96.578595814,1
publimetro_2019-11-07_16,29,none,,otsu,docling_rapidocr,llama,4,0,0,0,4,0.0,0.0,0.0,0,,,,,22.925145801,1
publimetro_2019-11-07_16,30,none,,adaptive_gaussian,docling_easyocr,llama,4,0,0,0,4,0.0,0.0,0.0,0,,,,,87.075497999,1
publimetro_2019-11-07_16,30,none,,adaptive_gaussian,docling_rapidocr,llama,4,0,0,0,4,0.0,0.0,0.0,0,,,,,20.899522676,1
publimetro_2019-11-07_16,30,none,,adaptive_mean,docling_easyocr,llama,4,0,0,0,4,0.0,0.0,0.0,0,,,,,82.900567779,1
publimetro_2019-11-07_16,30,none,,adaptive_mean,docling_rapidocr,llama,4,0,0,0,4,0.0,0.0,0.0,0,,,,,13.02988697,1
publimetro_2019-11-07_16,30,none,,basic,docling_easyocr,llama,4,0,0,0,4,0.0,0.0,0.0,0,,,,,104.005587629,1
publimetro_2019-11-07_16,30,none,,basic,docling_rapidocr,llama,4,0,0,0,4,0.0,0.0,0.0,0,,,,,20.967478327,1
publimetro_2019-11-07_16,30,none,,niblack,docling_easyocr,llama,4,0,0,0,4,0.0,0.0,0.0,0,,,,,68.703751585,1
publimetro_2019-11-07_16,30,none,,niblack,docling_rapidocr,llama,4,0,0,0,4,0.0,0.0,0.0,0,,,,,12.190539142,1
publimetro_2019-11-07_16,30,none,,none_color,docling_easyocr,llama,4,0,0,0,4,0.0,0.0,0.0,0,,,,,87.596937397,1
publimetro_2019-11-07_16,30,none,,none_color,docling_rapidocr,llama,4,0,0,0,4,0.0,0.0,0.0,0,,,,,20.778155067,1
publimetro_2019-11-07_16,30,none,,none_grayscale,docling_easyocr,llama,4,0,0,0,4,0.0,0.0,0.0,0,,,,,98.879032808,1
publimetro_2019-11-07_16,30,none,,none_grayscale,docling_rapidocr,llama,4,0,0,0,4,0.0,0.0,0.0,0,,,,,19.109563785,1
publimetro_2019-11-07_16,30,none,,otsu,docling_easyocr,llama,4,0,0,0,4,0.0,0.0,0.0,0,,,,,89.405437904,1
publimetro_2019-11-07_16,30,none,,otsu,docling_rapidocr,llama,4,0,0,0,4,0.0,0.0,0.0,0,,,,,22.097620683,1
publimetro_2019-11-07_16,31,none,,adaptive_gaussian,docling_easyocr,llama,4,0,0,0,4,0.0,0.0,0.0,0,,,,,88.640645855,1
publimetro_2019-11-07_16,31,none,,adaptive_gaussian,docling_rapidocr,llama,4,0,0,0,4,0.0,0.0,0.0,0,,,,,21.123644941,1
publimetro_2019-11-07_16,31,none,,adaptive_mean,docling_easyocr,llama,4,0,0,0,4,0.0,0.0,0.0,0,,,,,92.30602342,1
publimetro_2019-11-07_16,31,none,,adaptive_mean,docling_rapidocr,llama,4,0,0,0,4,0.0,0.0,0.0,0,,,,,17.762808861,1
publimetro_2019-11-07_16,31,none,,basic,docling_easyocr,llama,4,0,0,0,4,0.0,0.0,0.0,0,,,,,99.055928095,1
publimetro_2019-11-07_16,31,none,,basic,docling_rapidocr,llama,4,0,0,0,4,0.0,0.0,0.0,0,,,,,19.453882559,1
publimetro_2019-11-07_16,31,none,,niblack,docling_easyocr,llama,4,0,0,0,4,0.0,0.0,0.0,0,,,,,68.131131224,1
publimetro_2019-11-07_16,31,none,,niblack,docling_rapidocr,llama,4,0,0,0,4,0.0,0.0,0.0,0,,,,,12.49064999,1
publimetro_2019-11-07_16,31,none,,none_color,docling_easyocr,llama,4,0,0,0,4,0.0,0.0,0.0,0,,,,,98.060677559,1
publimetro_2019-11-07_16,31,none,,none_color,docling_rapidocr,llama,4,0,0,0,4,0.0,0.0,0.0,0,,,,,20.466826946,1
publimetro_2019-11-07_16,31,none,,none_grayscale,docling_easyocr,llama,4,0,0,0,4,0.0,0.0,0.0,0,,,,,86.351290806,1
publimetro_2019-11-07_16,31,none,,none_grayscale,docling_rapidocr,llama,4,0,0,0,4,0.0,0.0,0.0,0,,,,,18.983260973,1
publimetro_2019-11-07_16,31,none,,otsu,docling_easyocr,llama,4,0,0,0,4,0.0,0.0,0.0,0,,,,,86.595078478,1
publimetro_2019-11-07_16,31,none,,otsu,docling_rapidocr,llama,4,0,0,0,4,0.0,0.0,0.0,0,,,,,22.324430713,1
publimetro_2019-11-07_16,32,none,,adaptive_gaussian,docling_easyocr,llama,4,0,0,0,4,0.0,0.0,0.0,0,,,,,97.557269984,1
publimetro_2019-11-07_16,32,none,,adaptive_gaussian,docling_rapidocr,llama,4,0,0,0,4,0.0,0.0,0.0,0,,,,,21.635898047,1
publimetro_2019-11-07_16,32,none,,adaptive_mean,docling_easyocr,llama,4,0,0,0,4,0.0,0.0,0.0,0,,,,,83.244862749,1
publimetro_2019-11-07_16,32,none,,adaptive_mean,docling_rapidocr,llama,4,0,0,0,4,0.0,0.0,0.0,0,,,,,13.81831999,1
publimetro_2019-11-07_16,32,none,,basic,docling_easyocr,llama,4,0,0,0,4,0.0,0.0,0.0,0,,,,,95.315617319,1
publimetro_2019-11-07_16,32,none,,basic,docling_rapidocr,llama,4,0,0,0,4,0.0,0.0,0.0,0,,,,,19.120458838,1
publimetro_2019-11-07_16,32,none,,niblack,docling_easyocr,llama,4,0,0,0,4,0.0,0.0,0.0,0,,,,,60.958856497,1
publimetro_2019-11-07_16,32,none,,niblack,docling_rapidocr,llama,4,0,0,0,4,0.0,0.0,0.0,0,,,,,12.489871893,1
publimetro_2019-11-07_16,32,none,,none_color,docling_easyocr,llama,4,0,0,0,4,0.0,0.0,0.0,0,,,,,97.307455225,1
publimetro_2019-11-07_16,32,none,,none_color,docling_rapidocr,llama,4,0,0,0,4,0.0,0.0,0.0,0,,,,,21.807197733,1
publimetro_2019-11-07_16,32,none,,none_grayscale,docling_easyocr,llama,4,0,0,0,4,0.0,0.0,0.0,0,,,,,98.714330597,1
publimetro_2019-11-07_16,32,none,,none_grayscale,docling_rapidocr,llama,4,0,0,0,4,0.0,0.0,0.0,0,,,,,22.984847946,1
publimetro_2019-11-07_16,32,none,,otsu,docling_easyocr,llama,4,0,0,0,4,0.0,0.0,0.0,0,,,,,103.080019781,1
publimetro_2019-11-07_16,32,none,,otsu,docling_rapidocr,llama,4,0,0,0,4,0.0,0.0,0.0,0,,,,,22.38507087,1
publimetro_2019-11-07_16,33,none,,adaptive_gaussian,docling_easyocr,llama,4,0,0,0,4,0.0,0.0,0.0,0,,,,,103.706832125,1
publimetro_2019-11-07_16,33,none,,adaptive_gaussian,docling_rapidocr,llama,4,0,0,0,4,0.0,0.0,0.0,0,,,,,22.090203955,1
publimetro_2019-11-07_16,33,none,,adaptive_mean,docling_easyocr,llama,4,0,0,0,4,0.0,0.0,0.0,0,,,,,93.40589156,1
publimetro_2019-11-07_16,33,none,,adaptive_mean,docling_rapidocr,llama,4,0,0,0,4,0.0,0.0,0.0,0,,,,,19.463095806,1
publimetro_2019-11-07_16,33,none,,basic,docling_easyocr,llama,4,0,0,0,4,0.0,0.0,0.0,0,,,,,101.151822512,1
publimetro_2019-11-07_16,33,none,,basic,docling_rapidocr,llama,4,0,0,0,4,0.0,0.0,0.0,0,,,,,19.545290415,1
publimetro_2019-11-07_16,33,none,,niblack,docling_easyocr,llama,4,0,0,0,4,0.0,0.0,0.0,0,,,,,69.035595476,1
publimetro_2019-11-07_16,33,none,,niblack,docling_rapidocr,llama,4,0,0,0,4,0.0,0.0,0.0,0,,,,,11.806070626,1
publimetro_2019-11-07_16,33,none,,none_color,docling_easyocr,llama,4,0,0,0,4,0.0,0.0,0.0,0,,,,,88.042144409,1
publimetro_2019-11-07_16,33,none,,none_color,docling_rapidocr,llama,4,0,0,0,4,0.0,0.0,0.0,0,,,,,19.669147364,1
publimetro_2019-11-07_16,33,none,,none_grayscale,docling_easyocr,llama,4,0,0,0,4,0.0,0.0,0.0,0,,,,,95.139528935,1
publimetro_2019-11-07_16,33,none,,none_grayscale,docling_rapidocr,llama,4,0,0,0,4,0.0,0.0,0.0,0,,,,,19.413023178,1
publimetro_2019-11-07_16,33,none,,otsu,docling_easyocr,llama,4,0,0,0,4,0.0,0.0,0.0,0,,,,,97.314506859,1
publimetro_2019-11-07_16,33,none,,otsu,docling_rapidocr,llama,4,0,0,0,4,0.0,0.0,0.0,0,,,,,23.097026676,1
publimetro_2019-11-07_16,34,none,,adaptive_gaussian,docling_easyocr,llama,4,0,0,0,4,0.0,0.0,0.0,0,,,,,105.146957642,1
publimetro_2019-11-07_16,34,none,,adaptive_gaussian,docling_rapidocr,llama,4,0,0,0,4,0.0,0.0,0.0,0,,,,,19.982226616,1
publimetro_2019-11-07_16,34,none,,adaptive_mean,docling_easyocr,llama,4,0,0,0,4,0.0,0.0,0.0,0,,,,,103.857944205,1
publimetro_2019-11-07_16,34,none,,adaptive_mean,docling_rapidocr,llama,4,0,0,0,4,0.0,0.0,0.0,0,,,,,19.726058199,1
publimetro_2019-11-07_16,34,none,,basic,docling_easyocr,llama,4,0,0,0,4,0.0,0.0,0.0,0,,,,,96.62924647,1
publimetro_2019-11-07_16,34,none,,basic,docling_rapidocr,llama,4,0,0,0,4,0.0,0.0,0.0,0,,,,,22.487313744,1
publimetro_2019-11-07_16,34,none,,niblack,docling_easyocr,llama,4,0,0,0,4,0.0,0.0,0.0,0,,,,,68.405219044,1
publimetro_2019-11-07_16,34,none,,niblack,docling_rapidocr,llama,4,0,0,0,4,0.0,0.0,0.0,0,,,,,11.910956826,1
publimetro_2019-11-07_16,34,none,,none_color,docling_easyocr,llama,4,0,0,0,4,0.0,0.0,0.0,0,,,,,95.65858285,1
publimetro_2019-11-07_16,34,none,,none_color,docling_rapidocr,llama,4,0,0,0,4,0.0,0.0,0.0,0,,,,,22.607681914,1
publimetro_2019-11-07_16,34,none,,none_grayscale,docling_easyocr,llama,4,0,0,0,4,0.0,0.0,0.0,0,,,,,82.915151831,1
publimetro_2019-11-07_16,34,none,,none_grayscale,docling_rapidocr,llama,4,0,0,0,4,0.0,0.0,0.0,0,,,,,22.692269799,1
publimetro_2019-11-07_16,34,none,,otsu,docling_easyocr,llama,4,0,0,0,4,0.0,0.0,0.0,0,,,,,93.953404734,1
publimetro_2019-11-07_16,34,none,,otsu,docling_rapidocr,llama,4,0,0,0,4,0.0,0.0,0.0,0,,,,,22.841725418,1
publimetro_2019-11-07_16,35,none,,adaptive_gaussian,docling_easyocr,llama,4,0,0,0,4,0.0,0.0,0.0,0,,,,,102.347172816,1
publimetro_2019-11-07_16,35,none,,adaptive_gaussian,docling_rapidocr,llama,4,0,0,0,4,0.0,0.0,0.0,0,,,,,21.854446013,1
publimetro_2019-11-07_16,35,none,,adaptive_mean,docling_easyocr,llama,4,0,0,0,4,0.0,0.0,0.0,0,,,,,90.43324609,1
publimetro_2019-11-07_16,35,none,,adaptive_mean,docling_rapidocr,llama,4,0,0,0,4,0.0,0.0,0.0,0,,,,,16.343727543,1
publimetro_2019-11-07_16,35,none,,basic,docling_easyocr,llama,4,0,0,0,4,0.0,0.0,0.0,0,,,,,93.643958399,1
publimetro_2019-11-07_16,35,none,,basic,docling_rapidocr,llama,4,0,0,0,4,0.0,0.0,0.0,0,,,,,18.451188156,1
publimetro_2019-11-07_16,35,none,,niblack,docling_easyocr,llama,4,0,0,0,4,0.0,0.0,0.0,0,,,,,69.244151703,1
publimetro_2019-11-07_16,35,none,,niblack,docling_rapidocr,llama,4,0,0,0,4,0.0,0.0,0.0,0,,,,,11.541297308,1
publimetro_2019-11-07_16,35,none,,none_color,docling_easyocr,llama,4,0,0,0,4,0.0,0.0,0.0,0,,,,,97.168792006,1
publimetro_2019-11-07_16,35,none,,none_color,docling_rapidocr,llama,4,0,0,0,4,0.0,0.0,0.0,0,,,,,22.973654028,1
publimetro_2019-11-07_16,35,none,,none_grayscale,docling_easyocr,llama,4,0,0,0,4,0.0,0.0,0.0,0,,,,,96.376839707,1
publimetro_2019-11-07_16,35,none,,none_grayscale,docling_rapidocr,llama,4,0,0,0,4,0.0,0.0,0.0,0,,,,,22.662458966,1
publimetro_2019-11-07_16,35,none,,otsu,docling_easyocr,llama,4,0,0,0,4,0.0,0.0,0.0,0,,,,,86.623159788,1
publimetro_2019-11-07_16,35,none,,otsu,docling_rapidocr,llama,4,0,0,0,4,0.0,0.0,0.0,0,,,,,22.500075482,1
publimetro_2019-11-07_16,36,none,,adaptive_gaussian,docling_easyocr,llama,4,0,0,0,4,0.0,0.0,0.0,0,,,,,104.469480567,1
publimetro_2019-11-07_16,36,none,,adaptive_gaussian,docling_rapidocr,llama,4,0,0,0,4,0.0,0.0,0.0,0,,,,,21.523539595,1
publimetro_2019-11-07_16,36,none,,adaptive_mean,docling_easyocr,llama,4,0,0,0,4,0.0,0.0,0.0,0,,,,,83.087934329,1
publimetro_2019-11-07_16,36,none,,adaptive_mean,docling_rapidocr,llama,4,0,0,0,4,0.0,0.0,0.0,0,,,,,20.403392388,1
publimetro_2019-11-07_16,36,none,,basic,docling_easyocr,llama,4,0,0,0,4,0.0,0.0,0.0,0,,,,,105.472695393,1
publimetro_2019-11-07_16,36,none,,basic,docling_rapidocr,llama,4,0,0,0,4,0.0,0.0,0.0,0,,,,,20.86156897,1
publimetro_2019-11-07_16,36,none,,niblack,docling_easyocr,llama,4,0,0,0,4,0.0,0.0,0.0,0,,,,,69.520772563,1
publimetro_2019-11-07_16,36,none,,niblack,docling_rapidocr,llama,4,0,0,0,4,0.0,0.0,0.0,0,,,,,10.982426749,1
publimetro_2019-11-07_16,36,none,,none_color,docling_easyocr,llama,4,0,0,0,4,0.0,0.0,0.0,0,,,,,104.007130832,1
publimetro_2019-11-07_16,36,none,,none_color,docling_rapidocr,llama,4,0,0,0,4,0.0,0.0,0.0,0,,,,,22.107281894,1
publimetro_2019-11-07_16,36,none,,none_grayscale,docling_easyocr,llama,4,0,0,0,4,0.0,0.0,0.0,0,,,,,100.840064879,1
publimetro_2019-11-07_16,36,none,,none_grayscale,docling_rapidocr,llama,4,0,0,0,4,0.0,0.0,0.0,0,,,,,22.14805996,1
publimetro_2019-11-07_16,36,none,,otsu,docling_easyocr,llama,4,0,0,0,4,0.0,0.0,0.0,0,,,,,93.465369651,1
publimetro_2019-11-07_16,36,none,,otsu,docling_rapidocr,llama,4,0,0,0,4,0.0,0.0,0.0,0,,,,,22.11347861,1
publimetro_2019-11-07_16,37,none,,adaptive_gaussian,docling_easyocr,llama,4,0,0,0,4,0.0,0.0,0.0,0,,,,,95.902655612,1
publimetro_2019-11-07_16,37,none,,adaptive_gaussian,docling_rapidocr,llama,4,0,0,0,4,0.0,0.0,0.0,0,,,,,18.84646083,1
publimetro_2019-11-07_16,37,none,,adaptive_mean,docling_easyocr,llama,4,0,0,0,4,0.0,0.0,0.0,0,,,,,97.56329127,1
publimetro_2019-11-07_16,37,none,,adaptive_mean,docling_rapidocr,llama,4,0,0,0,4,0.0,0.0,0.0,0,,,,,20.517590482,1
publimetro_2019-11-07_16,37,none,,basic,docling_easyocr,llama,4,0,0,0,4,0.0,0.0,0.0,0,,,,,103.549852299,1
publimetro_2019-11-07_16,37,none,,basic,docling_rapidocr,llama,4,0,0,0,4,0.0,0.0,0.0,0,,,,,21.745638776,1
publimetro_2019-11-07_16,37,none,,niblack,docling_easyocr,llama,4,0,0,0,4,0.0,0.0,0.0,0,,,,,68.868470898,1
publimetro_2019-11-07_16,37,none,,niblack,docling_rapidocr,llama,4,0,0,0,4,0.0,0.0,0.0,0,,,,,11.543255797,1
publimetro_2019-11-07_16,37,none,,none_color,docling_easyocr,llama,4,0,0,0,4,0.0,0.0,0.0,0,,,,,102.342357491,1
publimetro_2019-11-07_16,37,none,,none_color,docling_rapidocr,llama,4,0,0,0,4,0.0,0.0,0.0,0,,,,,22.048460339,1
publimetro_2019-11-07_16,37,none,,none_grayscale,docling_easyocr,llama,4,0,0,0,4,0.0,0.0,0.0,0,,,,,92.712545562,1
publimetro_2019-11-07_16,37,none,,none_grayscale,docling_rapidocr,llama,4,0,0,0,4,0.0,0.0,0.0,0,,,,,22.371986794,1
publimetro_2019-11-07_16,37,none,,otsu,docling_easyocr,llama,4,0,0,0,4,0.0,0.0,0.0,0,,,,,90.414477422,1
publimetro_2019-11-07_16,37,none,,otsu,docling_rapidocr,llama,4,0,0,0,4,0.0,0.0,0.0,0,,,,,21.585232093,1
publimetro_2019-11-07_16,38,none,,adaptive_gaussian,docling_easyocr,llama,4,0,0,0,4,0.0,0.0,0.0,0,,,,,102.660442529,1
publimetro_2019-11-07_16,38,none,,adaptive_gaussian,docling_rapidocr,llama,4,0,0,0,4,0.0,0.0,0.0,0,,,,,21.642668662,1
publimetro_2019-11-07_16,38,none,,adaptive_mean,docling_easyocr,llama,4,0,0,0,4,0.0,0.0,0.0,0,,,,,96.988921124,1
publimetro_2019-11-07_16,38,none,,adaptive_mean,docling_rapidocr,llama,4,0,0,0,4,0.0,0.0,0.0,0,,,,,18.458272416,1
publimetro_2019-11-07_16,38,none,,basic,docling_easyocr,llama,4,0,0,0,4,0.0,0.0,0.0,0,,,,,92.20819831,1
publimetro_2019-11-07_16,38,none,,basic,docling_rapidocr,llama,4,0,0,0,4,0.0,0.0,0.0,0,,,,,16.268352509,1
publimetro_2019-11-07_16,38,none,,niblack,docling_easyocr,llama,4,0,0,0,4,0.0,0.0,0.0,0,,,,,60.686870826,1
publimetro_2019-11-07_16,38,none,,niblack,docling_rapidocr,llama,4,0,0,0,4,0.0,0.0,0.0,0,,,,,11.73595382,1
publimetro_2019-11-07_16,38,none,,none_color,docling_easyocr,llama,4,0,0,0,4,0.0,0.0,0.0,0,,,,,92.024745631,1
publimetro_2019-11-07_16,38,none,,none_color,docling_rapidocr,llama,4,0,0,0,4,0.0,0.0,0.0,0,,,,,22.889718222,1
publimetro_2019-11-07_16,38,none,,none_grayscale,docling_easyocr,llama,4,0,0,0,4,0.0,0.0,0.0,0,,,,,104.586737323,1
publimetro_2019-11-07_16,38,none,,none_grayscale,docling_rapidocr,llama,4,0,0,0,4,0.0,0.0,0.0,0,,,,,22.384249139,1
publimetro_2019-11-07_16,38,none,,otsu,docling_easyocr,llama,4,0,0,0,4,0.0,0.0,0.0,0,,,,,106.60087259,1
publimetro_2019-11-07_16,38,none,,otsu,docling_rapidocr,llama,4,0,0,0,4,0.0,0.0,0.0,0,,,,,22.605930402,1
publimetro_2019-11-07_16,39,none,,adaptive_gaussian,docling_easyocr,llama,4,0,0,0,4,0.0,0.0,0.0,0,,,,,133.743530469,1
publimetro_2019-11-07_16,39,none,,adaptive_gaussian,docling_rapidocr,llama,4,0,0,0,4,0.0,0.0,0.0,0,,,,,50.692915396,1
publimetro_2019-11-07_16,39,none,,adaptive_mean,docling_easyocr,llama,4,0,0,0,4,0.0,0.0,0.0,0,,,,,135.750871087,1
publimetro_2019-11-07_16,39,none,,adaptive_mean,docling_rapidocr,llama,4,0,0,0,4,0.0,0.0,0.0,0,,,,,51.033763076,1
publimetro_2019-11-07_16,39,none,,basic,docling_easyocr,llama,4,0,0,0,4,0.0,0.0,0.0,0,,,,,116.789370484,1
publimetro_2019-11-07_16,39,none,,basic,docling_rapidocr,llama,4,0,0,0,4,0.0,0.0,0.0,0,,,,,52.547343678,1
publimetro_2019-11-07_16,39,none,,niblack,docling_easyocr,llama,4,0,0,0,4,0.0,0.0,0.0,0,,,,,92.069909655,1
publimetro_2019-11-07_16,39,none,,niblack,docling_rapidocr,llama,4,0,0,0,4,0.0,0.0,0.0,0,,,,,40.275054299,1
publimetro_2019-11-07_16,39,none,,none_color,docling_easyocr,llama,4,0,0,0,4,0.0,0.0,0.0,0,,,,,125.460072154,1
publimetro_2019-11-07_16,39,none,,none_color,docling_rapidocr,llama,4,0,0,0,4,0.0,0.0,0.0,0,,,,,48.69956314,1
publimetro_2019-11-07_16,39,none,,none_grayscale,docling_easyocr,llama,4,0,0,0,4,0.0,0.0,0.0,0,,,,,112.990806527,1
publimetro_2019-11-07_16,39,none,,none_grayscale,docling_rapidocr,llama,4,0,0,0,4,0.0,0.0,0.0,0,,,,,51.513618178,1
publimetro_2019-11-07_16,39,none,,otsu,docling_easyocr,llama,4,0,0,0,4,0.0,0.0,0.0,0,,,,,113.53630695,1
publimetro_2019-11-07_16,39,none,,otsu,docling_rapidocr,llama,4,0,0,0,4,0.0,0.0,0.0,0,,,,,51.446514699,1
publimetro_2019-11-07_16,40,none,,adaptive_gaussian,docling_easyocr,llama,4,0,0,0,4,0.0,0.0,0.0,0,,,,,124.275586881,1
publimetro_2019-11-07_16,40,none,,adaptive_gaussian,docling_rapidocr,llama,4,0,0,0,4,0.0,0.0,0.0,0,,,,,44.955678739,1
publimetro_2019-11-07_16,40,none,,adaptive_mean,docling_easyocr,llama,4,0,0,0,4,0.0,0.0,0.0,0,,,,,133.454515443,1
publimetro_2019-11-07_16,40,none,,adaptive_mean,docling_rapidocr,llama,4,0,0,0,4,0.0,0.0,0.0,0,,,,,49.680942522,1
publimetro_2019-11-07_16,40,none,,basic,docling_easyocr,llama,4,0,0,0,4,0.0,0.0,0.0,0,,,,,125.609946756,1
publimetro_2019-11-07_16,40,none,,basic,docling_rapidocr,llama,4,0,0,0,4,0.0,0.0,0.0,0,,,,,50.76946309,1
publimetro_2019-11-07_16,40,none,,niblack,docling_easyocr,llama,4,0,0,0,4,0.0,0.0,0.0,0,,,,,88.384080553,1
publimetro_2019-11-07_16,40,none,,niblack,docling_rapidocr,llama,4,0,0,0,4,0.0,0.0,0.0,0,,,,,41.126824283,1
publimetro_2019-11-07_16,40,none,,none_color,docling_easyocr,llama,4,0,0,0,4,0.0,0.0,0.0,0,,,,,124.034277633,1
publimetro_2019-11-07_16,40,none,,none_color,docling_rapidocr,llama,4,0,0,0,4,0.0,0.0,0.0,0,,,,,48.623811201,1
publimetro_2019-11-07_16,40,none,,none_grayscale,docling_easyocr,llama,4,0,0,0,4,0.0,0.0,0.0,0,,,,,123.417136697,1
publimetro_2019-11-07_16,40,none,,none_grayscale,docling_rapidocr,llama,4,0,0,0,4,0.0,0.0,0.0,0,,,,,51.905450611,1
publimetro_2019-11-07_16,40,none,,otsu,docling_easyocr,llama,4,0,0,0,4,0.0,0.0,0.0,0,,,,,124.24726687,1
publimetro_2019-11-07_16,40,none,,otsu,docling_rapidocr,llama,4,0,0,0,4,0.0,0.0,0.0,0,,,,,51.952944141,1
publimetro_2019-11-07_16,41,none,,adaptive_gaussian,docling_easyocr,llama,4,0,0,0,4,0.0,0.0,0.0,0,,,,,138.507661983,1
publimetro_2019-11-07_16,41,none,,adaptive_gaussian,docling_rapidocr,llama,4,0,0,0,4,0.0,0.0,0.0,0,,,,,49.929727718,1
publimetro_2019-11-07_16,41,none,,adaptive_mean,docling_easyocr,llama,4,0,0,0,4,0.0,0.0,0.0,0,,,,,123.809697502,1
publimetro_2019-11-07_16,41,none,,adaptive_mean,docling_rapidocr,llama,4,0,0,0,4,0.0,0.0,0.0,0,,,,,50.667971485,1
publimetro_2019-11-07_16,41,none,,basic,docling_easyocr,llama,4,0,0,0,4,0.0,0.0,0.0,0,,,,,125.251977836,1
publimetro_2019-11-07_16,41,none,,basic,docling_rapidocr,llama,4,0,0,0,4,0.0,0.0,0.0,0,,,,,51.058318292,1
publimetro_2019-11-07_16,41,none,,niblack,docling_easyocr,llama,4,0,0,0,4,0.0,0.0,0.0,0,,,,,96.997409467,1
publimetro_2019-11-07_16,41,none,,niblack,docling_rapidocr,llama,4,0,0,0,4,0.0,0.0,0.0,0,,,,,41.421868686,1
publimetro_2019-11-07_16,41,none,,none_color,docling_easyocr,llama,4,0,0,0,4,0.0,0.0,0.0,0,,,,,125.83640512,1
publimetro_2019-11-07_16,41,none,,none_color,docling_rapidocr,llama,4,0,0,0,4,0.0,0.0,0.0,0,,,,,50.625165782,1
publimetro_2019-11-07_16,41,none,,none_grayscale,docling_easyocr,llama,4,0,0,0,4,0.0,0.0,0.0,0,,,,,124.69492539,1
publimetro_2019-11-07_16,41,none,,none_grayscale,docling_rapidocr,llama,4,0,0,0,4,0.0,0.0,0.0,0,,,,,50.762104116,1
publimetro_2019-11-07_16,41,none,,otsu,docling_easyocr,llama,4,0,0,0,4,0.0,0.0,0.0,0,,,,,124.850231874,1
publimetro_2019-11-07_16,41,none,,otsu,docling_rapidocr,llama,4,0,0,0,4,0.0,0.0,0.0,0,,,,,53.177105415,1
publimetro_2019-11-07_16,42,none,,adaptive_gaussian,docling_easyocr,llama,4,0,0,0,4,0.0,0.0,0.0,0,,,,,92.954017768,1
publimetro_2019-11-07_16,42,none,,adaptive_gaussian,docling_rapidocr,llama,4,0,0,0,4,0.0,0.0,0.0,0,,,,,11.243931184,1
publimetro_2019-11-07_16,42,none,,adaptive_mean,docling_easyocr,llama,4,0,0,0,4,0.0,0.0,0.0,0,,,,,95.796265918,1
publimetro_2019-11-07_16,42,none,,adaptive_mean,docling_rapidocr,llama,4,0,0,0,4,0.0,0.0,0.0,0,,,,,11.513352233,1
publimetro_2019-11-07_16,42,none,,basic,docling_easyocr,llama,4,0,0,0,4,0.0,0.0,0.0,0,,,,,96.497835756,1
publimetro_2019-11-07_16,42,none,,basic,docling_rapidocr,llama,4,0,0,0,4,0.0,0.0,0.0,0,,,,,22.624857784,1
publimetro_2019-11-07_16,42,none,,niblack,docling_easyocr,llama,4,0,0,0,4,0.0,0.0,0.0,0,,,,,66.574344175,1
publimetro_2019-11-07_16,42,none,,niblack,docling_rapidocr,llama,4,0,0,0,4,0.0,0.0,0.0,0,,,,,12.318485038,1
publimetro_2019-11-07_16,42,none,,none_color,docling_easyocr,llama,4,0,0,0,4,0.0,0.0,0.0,0,,,,,94.004229831,1
publimetro_2019-11-07_16,42,none,,none_color,docling_rapidocr,llama,4,0,0,0,4,0.0,0.0,0.0,0,,,,,23.046812105,1
publimetro_2019-11-07_16,42,none,,none_grayscale,docling_easyocr,llama,4,0,0,0,4,0.0,0.0,0.0,0,,,,,95.35087955,1
publimetro_2019-11-07_16,42,none,,none_grayscale,docling_rapidocr,llama,4,0,0,0,4,0.0,0.0,0.0,0,,,,,22.150432229,1
publimetro_2019-11-07_16,42,none,,otsu,docling_easyocr,llama,4,0,0,0,4,0.0,0.0,0.0,0,,,,,97.734484222,1
publimetro_2019-11-07_16,42,none,,otsu,docling_rapidocr,llama,4,0,0,0,4,0.0,0.0,0.0,0,,,,,22.523577001,1
publimetro_2019-11-07_16,43,none,,adaptive_gaussian,docling_easyocr,llama,4,0,0,0,4,0.0,0.0,0.0,0,,,,,73.124578563,1
publimetro_2019-11-07_16,43,none,,adaptive_gaussian,docling_rapidocr,llama,4,0,0,0,4,0.0,0.0,0.0,0,,,,,12.575601427,1
publimetro_2019-11-07_16,43,none,,adaptive_mean,docling_easyocr,llama,4,0,0,0,4,0.0,0.0,0.0,0,,,,,78.10804721,1
publimetro_2019-11-07_16,43,none,,adaptive_mean,docling_rapidocr,llama,4,0,0,0,4,0.0,0.0,0.0,0,,,,,11.159871303,1
publimetro_2019-11-07_16,43,none,,basic,docling_easyocr,llama,4,0,0,0,4,0.0,0.0,0.0,0,,,,,101.553093677,1
publimetro_2019-11-07_16,43,none,,basic,docling_rapidocr,llama,4,0,0,0,4,0.0,0.0,0.0,0,,,,,19.262911563,1
publimetro_2019-11-07_16,43,none,,niblack,docling_easyocr,llama,4,0,0,0,4,0.0,0.0,0.0,0,,,,,58.807378101,1
publimetro_2019-11-07_16,43,none,,niblack,docling_rapidocr,llama,4,0,0,0,4,0.0,0.0,0.0,0,,,,,11.380641984,1
publimetro_2019-11-07_16,43,none,,none_color,docling_easyocr,llama,4,0,0,0,4,0.0,0.0,0.0,0,,,,,98.549885444,1
publimetro_2019-11-07_16,43,none,,none_color,docling_rapidocr,llama,4,0,0,0,4,0.0,0.0,0.0,0,,,,,20.279050998,1
publimetro_2019-11-07_16,43,none,,none_grayscale,docling_easyocr,llama,4,0,0,0,4,0.0,0.0,0.0,0,,,,,89.451702362,1
publimetro_2019-11-07_16,43,none,,none_grayscale,docling_rapidocr,llama,4,17,1,16,3,0.058824,0.25,0.095238,4,1.0,1.0,0.21062769744237678,0.23166679380635277,19.535211091,0
publimetro_2019-11-07_16,43,none,,otsu,docling_easyocr,llama,4,0,0,0,4,0.0,0.0,0.0,0,,,,,101.615049512,1
publimetro_2019-11-07_16,43,none,,otsu,docling_rapidocr,llama,4,0,0,0,4,0.0,0.0,0.0,0,,,,,21.07291785,1
publimetro_2019-11-07_16,44,none,,adaptive_gaussian,docling_easyocr,llama,4,0,0,0,4,0.0,0.0,0.0,0,,,,,96.375226679,1
publimetro_2019-11-07_16,44,none,,adaptive_gaussian,docling_rapidocr,llama,4,0,0,0,4,0.0,0.0,0.0,0,,,,,11.70837945,1
publimetro_2019-11-07_16,44,none,,adaptive_mean,docling_easyocr,llama,4,0,0,0,4,0.0,0.0,0.0,0,,,,,100.039111579,1
publimetro_2019-11-07_16,44,none,,adaptive_mean,docling_rapidocr,llama,4,0,0,0,4,0.0,0.0,0.0,0,,,,,11.722900832,1
publimetro_2019-11-07_16,44,none,,basic,docling_easyocr,llama,4,0,0,0,4,0.0,0.0,0.0,0,,,,,97.421301133,1
publimetro_2019-11-07_16,44,none,,basic,docling_rapidocr,llama,4,0,0,0,4,0.0,0.0,0.0,0,,,,,21.156342274,1
publimetro_2019-11-07_16,44,none,,niblack,docling_easyocr,llama,4,0,0,0,4,0.0,0.0,0.0,0,,,,,68.605239367,1
publimetro_2019-11-07_16,44,none,,niblack,docling_rapidocr,llama,4,0,0,0,4,0.0,0.0,0.0,0,,,,,11.783620095,1
publimetro_2019-11-07_16,44,none,,none_color,docling_easyocr,llama,4,0,0,0,4,0.0,0.0,0.0,0,,,,,94.861657553,1
publimetro_2019-11-07_16,44,none,,none_color,docling_rapidocr,llama,4,0,0,0,4,0.0,0.0,0.0,0,,,,,20.897920304,1
publimetro_2019-11-07_16,44,none,,none_grayscale,docling_easyocr,llama,4,0,0,0,4,0.0,0.0,0.0,0,,,,,85.537657195,1
publimetro_2019-11-07_16,44,none,,none_grayscale,docling_rapidocr,llama,4,0,0,0,4,0.0,0.0,0.0,0,,,,,20.739845925,1
publimetro_2019-11-07_16,44,none,,otsu,docling_easyocr,llama,4,0,0,0,4,0.0,0.0,0.0,0,,,,,99.226873,1
publimetro_2019-11-07_16,44,none,,otsu,docling_rapidocr,llama,4,0,0,0,4,0.0,0.0,0.0,0,,,,,20.393040974,1
publimetro_2019-11-07_16,45,none,,adaptive_gaussian,docling_easyocr,llama,4,0,0,0,4,0.0,0.0,0.0,0,,,,,67.406900225,1
publimetro_2019-11-07_16,45,none,,adaptive_gaussian,docling_rapidocr,llama,4,0,0,0,4,0.0,0.0,0.0,0,,,,,11.864110051,1
publimetro_2019-11-07_16,45,none,,adaptive_mean,docling_easyocr,llama,4,0,0,0,4,0.0,0.0,0.0,0,,,,,59.282433993,1
publimetro_2019-11-07_16,45,none,,adaptive_mean,docling_rapidocr,llama,4,0,0,0,4,0.0,0.0,0.0,0,,,,,12.852853543,1
publimetro_2019-11-07_16,45,none,,basic,docling_easyocr,llama,4,0,0,0,4,0.0,0.0,0.0,0,,,,,68.094187142,1
publimetro_2019-11-07_16,45,none,,basic,docling_rapidocr,llama,4,0,0,0,4,0.0,0.0,0.0,0,,,,,11.356630685,1
publimetro_2019-11-07_16,45,none,,niblack,docling_easyocr,llama,4,0,0,0,4,0.0,0.0,0.0,0,,,,,68.725340933,1
publimetro_2019-11-07_16,45,none,,otsu,docling_easyocr,llama,4,0,0,0,4,0.0,0.0,0.0,0,,,,,66.306738093,1
publimetro_2019-11-07_16,45,none,,otsu,docling_rapidocr,llama,4,0,0,0,4,0.0,0.0,0.0,0,,,,,11.120431378,1
publimetro_2019-11-07_16,45,none,,yannihorne,docling_rapidocr,llama,4,0,0,0,4,0.0,0.0,0.0,0,,,,,12.016468957,1
publimetro_2019-11-07_16,46,none,,adaptive_gaussian,docling_easyocr,llama,4,0,0,0,4,0.0,0.0,0.0,0,,,,,67.533297669,1
publimetro_2019-11-07_16,46,none,,adaptive_gaussian,docling_rapidocr,llama,4,0,0,0,4,0.0,0.0,0.0,0,,,,,10.645162951,1
publimetro_2019-11-07_16,46,none,,adaptive_mean,docling_easyocr,llama,4,0,0,0,4,0.0,0.0,0.0,0,,,,,58.139796097,1
publimetro_2019-11-07_16,46,none,,adaptive_mean,docling_rapidocr,llama,4,0,0,0,4,0.0,0.0,0.0,0,,,,,12.376093228,1
publimetro_2019-11-07_16,46,none,,basic,docling_easyocr,llama,4,0,0,0,4,0.0,0.0,0.0,0,,,,,58.84899874,1
publimetro_2019-11-07_16,46,none,,basic,docling_rapidocr,llama,4,0,0,0,4,0.0,0.0,0.0,0,,,,,12.374053195,1
publimetro_2019-11-07_16,46,none,,niblack,docling_easyocr,llama,4,0,0,0,4,0.0,0.0,0.0,0,,,,,68.071571295,1
publimetro_2019-11-07_16,46,none,,otsu,docling_easyocr,llama,4,0,0,0,4,0.0,0.0,0.0,0,,,,,60.794301226,1
publimetro_2019-11-07_16,46,none,,otsu,docling_rapidocr,llama,4,0,0,0,4,0.0,0.0,0.0,0,,,,,10.218731358,1
publimetro_2019-11-07_16,46,none,,yannihorne,docling_rapidocr,llama,4,0,0,0,4,0.0,0.0,0.0,0,,,,,11.857334641,1
publimetro_2019-11-07_16,47,none,,adaptive_gaussian,docling_easyocr,llama,4,0,0,0,4,0.0,0.0,0.0,0,,,,,66.822560254,1
publimetro_2019-11-07_16,47,none,,adaptive_gaussian,docling_rapidocr,llama,4,0,0,0,4,0.0,0.0,0.0,0,,,,,11.440129462,1
publimetro_2019-11-07_16,47,none,,adaptive_mean,docling_easyocr,llama,4,0,0,0,4,0.0,0.0,0.0,0,,,,,58.212126551,1
publimetro_2019-11-07_16,47,none,,adaptive_mean,docling_rapidocr,llama,4,0,0,0,4,0.0,0.0,0.0,0,,,,,12.439417182,1
publimetro_2019-11-07_16,47,none,,basic,docling_easyocr,llama,4,0,0,0,4,0.0,0.0,0.0,0,,,,,59.722365552,1
publimetro_2019-11-07_16,47,none,,basic,docling_rapidocr,llama,4,0,0,0,4,0.0,0.0,0.0,0,,,,,12.04902237,1
publimetro_2019-11-07_16,47,none,,niblack,docling_easyocr,llama,4,0,0,0,4,0.0,0.0,0.0,0,,,,,68.787108823,1
publimetro_2019-11-07_16,47,none,,otsu,docling_easyocr,llama,4,0,0,0,4,0.0,0.0,0.0,0,,,,,67.859776908,1
publimetro_2019-11-07_16,47,none,,otsu,docling_rapidocr,llama,4,0,0,0,4,0.0,0.0,0.0,0,,,,,11.708392792,1
publimetro_2019-11-07_16,47,none,,yannihorne,docling_rapidocr,llama,4,0,0,0,4,0.0,0.0,0.0,0,,,,,11.263078934,1
publimetro_2019-11-07_16,48,none,,adaptive_gaussian,docling_easyocr,llama,4,0,0,0,4,0.0,0.0,0.0,0,,,,,186.874033118,1
publimetro_2019-11-07_16,48,none,,adaptive_gaussian,docling_rapidocr,llama,4,0,0,0,4,0.0,0.0,0.0,0,,,,,101.581243659,1
publimetro_2019-11-07_16,48,none,,adaptive_mean,docling_easyocr,llama,4,0,0,0,4,0.0,0.0,0.0,0,,,,,181.736459586,1
publimetro_2019-11-07_16,48,none,,adaptive_mean,docling_rapidocr,llama,4,0,0,0,4,0.0,0.0,0.0,0,,,,,102.509116742,1
publimetro_2019-11-07_16,48,none,,basic,docling_easyocr,llama,4,0,0,0,4,0.0,0.0,0.0,0,,,,,179.507266418,1
publimetro_2019-11-07_16,48,none,,basic,docling_rapidocr,llama,4,0,0,0,4,0.0,0.0,0.0,0,,,,,102.702077762,1
publimetro_2019-11-07_16,48,none,,niblack,docling_easyocr,llama,4,0,0,0,4,0.0,0.0,0.0,0,,,,,150.899326573,1
publimetro_2019-11-07_16,48,none,,niblack,docling_rapidocr,llama,4,0,0,0,4,0.0,0.0,0.0,0,,,,,91.844689618,1
publimetro_2019-11-07_16,48,none,,none_color,docling_easyocr,llama,4,0,0,0,4,0.0,0.0,0.0,0,,,,,187.632174792,1
publimetro_2019-11-07_16,48,none,,none_color,docling_rapidocr,llama,4,0,0,0,4,0.0,0.0,0.0,0,,,,,103.050998988,1
publimetro_2019-11-07_16,48,none,,none_grayscale,docling_easyocr,llama,4,0,0,0,4,0.0,0.0,0.0,0,,,,,188.66544992,1
publimetro_2019-11-07_16,48,none,,none_grayscale,docling_rapidocr,llama,4,0,0,0,4,0.0,0.0,0.0,0,,,,,104.072463813,1
publimetro_2019-11-07_16,48,none,,otsu,docling_easyocr,llama,4,0,0,0,4,0.0,0.0,0.0,0,,,,,188.784335343,1
publimetro_2019-11-07_16,48,none,,otsu,docling_rapidocr,llama,4,0,0,0,4,0.0,0.0,0.0,0,,,,,100.496794908,1
publimetro_2019-11-07_16,49,none,,adaptive_gaussian,docling_easyocr,llama,4,0,0,0,4,0.0,0.0,0.0,0,,,,,174.666414081,1
publimetro_2019-11-07_16,49,none,,adaptive_gaussian,docling_rapidocr,llama,4,0,0,0,4,0.0,0.0,0.0,0,,,,,102.644744454,1
publimetro_2019-11-07_16,49,none,,adaptive_mean,docling_easyocr,llama,4,0,0,0,4,0.0,0.0,0.0,0,,,,,173.823710687,1
publimetro_2019-11-07_16,49,none,,adaptive_mean,docling_rapidocr,llama,4,0,0,0,4,0.0,0.0,0.0,0,,,,,104.251372106,1
publimetro_2019-11-07_16,49,none,,basic,docling_easyocr,llama,4,0,0,0,4,0.0,0.0,0.0,0,,,,,191.315995027,1
publimetro_2019-11-07_16,49,none,,basic,docling_rapidocr,llama,4,0,0,0,4,0.0,0.0,0.0,0,,,,,104.00960498,1
publimetro_2019-11-07_16,49,none,,niblack,docling_easyocr,llama,4,0,0,0,4,0.0,0.0,0.0,0,,,,,149.801231112,1
publimetro_2019-11-07_16,49,none,,niblack,docling_rapidocr,llama,4,0,0,0,4,0.0,0.0,0.0,0,,,,,93.113770928,1
publimetro_2019-11-07_16,49,none,,none_color,docling_easyocr,llama,4,0,0,0,4,0.0,0.0,0.0,0,,,,,186.827510571,1
publimetro_2019-11-07_16,49,none,,none_color,docling_rapidocr,llama,4,0,0,0,4,0.0,0.0,0.0,0,,,,,103.742497182,1
publimetro_2019-11-07_16,49,none,,none_grayscale,docling_easyocr,llama,4,0,0,0,4,0.0,0.0,0.0,0,,,,,187.708165145,1
publimetro_2019-11-07_16,49,none,,none_grayscale,docling_rapidocr,llama,4,0,0,0,4,0.0,0.0,0.0,0,,,,,101.032962298,1
publimetro_2019-11-07_16,49,none,,otsu,docling_easyocr,llama,4,0,0,0,4,0.0,0.0,0.0,0,,,,,189.600545289,1
publimetro_2019-11-07_16,49,none,,otsu,docling_rapidocr,llama,4,0,0,0,4,0.0,0.0,0.0,0,,,,,103.880028607,1
publimetro_2019-11-07_16,50,none,,adaptive_gaussian,docling_easyocr,llama,4,0,0,0,4,0.0,0.0,0.0,0,,,,,173.625714889,1
publimetro_2019-11-07_16,50,none,,adaptive_gaussian,docling_rapidocr,llama,4,0,0,0,4,0.0,0.0,0.0,0,,,,,103.656455626,1
publimetro_2019-11-07_16,50,none,,adaptive_mean,docling_easyocr,llama,4,0,0,0,4,0.0,0.0,0.0,0,,,,,180.671112285,1
publimetro_2019-11-07_16,50,none,,adaptive_mean,docling_rapidocr,llama,4,0,0,0,4,0.0,0.0,0.0,0,,,,,103.632575498,1
publimetro_2019-11-07_16,50,none,,basic,docling_easyocr,llama,4,0,0,0,4,0.0,0.0,0.0,0,,,,,183.167731862,1
publimetro_2019-11-07_16,50,none,,basic,docling_rapidocr,llama,4,0,0,0,4,0.0,0.0,0.0,0,,,,,103.075298648,1
publimetro_2019-11-07_16,50,none,,niblack,docling_easyocr,llama,4,0,0,0,4,0.0,0.0,0.0,0,,,,,144.131695817,1
publimetro_2019-11-07_16,50,none,,niblack,docling_rapidocr,llama,4,0,0,0,4,0.0,0.0,0.0,0,,,,,92.474695752,1
publimetro_2019-11-07_16,50,none,,none_color,docling_easyocr,llama,4,0,0,0,4,0.0,0.0,0.0,0,,,,,174.506933717,1
publimetro_2019-11-07_16,50,none,,none_color,docling_rapidocr,llama,4,0,0,0,4,0.0,0.0,0.0,0,,,,,104.802688626,1
publimetro_2019-11-07_16,50,none,,none_grayscale,docling_easyocr,llama,4,0,0,0,4,0.0,0.0,0.0,0,,,,,186.910644797,1
publimetro_2019-11-07_16,50,none,,none_grayscale,docling_rapidocr,llama,4,0,0,0,4,0.0,0.0,0.0,0,,,,,104.165001182,1
publimetro_2019-11-07_16,50,none,,otsu,docling_easyocr,llama,4,0,0,0,4,0.0,0.0,0.0,0,,,,,192.496708327,1
publimetro_2019-11-07_16,50,none,,otsu,docling_rapidocr,llama,4,0,0,0,4,0.0,0.0,0.0,0,,,,,104.309736186,1
publimetro_2019-11-07_16,51,none,,adaptive_gaussian,docling_easyocr,llama,4,0,0,0,4,0.0,0.0,0.0,0,,,,,101.158606566,1
publimetro_2019-11-07_16,51,none,,adaptive_gaussian,docling_rapidocr,llama,4,0,0,0,4,0.0,0.0,0.0,0,,,,,14.434388675,1
publimetro_2019-11-07_16,51,none,,adaptive_mean,docling_easyocr,llama,4,0,0,0,4,0.0,0.0,0.0,0,,,,,94.078907714,1
publimetro_2019-11-07_16,51,none,,adaptive_mean,docling_rapidocr,llama,4,0,0,0,4,0.0,0.0,0.0,0,,,,,21.160385118,1
publimetro_2019-11-07_16,51,none,,basic,docling_easyocr,llama,4,0,0,0,4,0.0,0.0,0.0,0,,,,,96.352184562,1
publimetro_2019-11-07_16,51,none,,basic,docling_rapidocr,llama,4,0,0,0,4,0.0,0.0,0.0,0,,,,,24.065825252,1
publimetro_2019-11-07_16,51,none,,niblack,docling_easyocr,llama,4,0,0,0,4,0.0,0.0,0.0,0,,,,,67.562263869,1
publimetro_2019-11-07_16,51,none,,niblack,docling_rapidocr,llama,4,0,0,0,4,0.0,0.0,0.0,0,,,,,11.269850158,1
publimetro_2019-11-07_16,51,none,,none_color,docling_easyocr,llama,4,0,0,0,4,0.0,0.0,0.0,0,,,,,96.760450723,1
publimetro_2019-11-07_16,51,none,,none_color,docling_rapidocr,llama,4,0,0,0,4,0.0,0.0,0.0,0,,,,,22.550356509,1
publimetro_2019-11-07_16,51,none,,none_grayscale,docling_easyocr,llama,4,0,0,0,4,0.0,0.0,0.0,0,,,,,95.296393111,1
publimetro_2019-11-07_16,51,none,,none_grayscale,docling_rapidocr,llama,4,0,0,0,4,0.0,0.0,0.0,0,,,,,23.305438712,1
publimetro_2019-11-07_16,51,none,,otsu,docling_easyocr,llama,4,0,0,0,4,0.0,0.0,0.0,0,,,,,95.025735717,1
publimetro_2019-11-07_16,51,none,,otsu,docling_rapidocr,llama,4,0,0,0,4,0.0,0.0,0.0,0,,,,,23.741651635,1
publimetro_2019-11-07_16,52,none,,adaptive_gaussian,docling_easyocr,llama,4,0,0,0,4,0.0,0.0,0.0,0,,,,,108.522211257,1
publimetro_2019-11-07_16,52,none,,adaptive_gaussian,docling_rapidocr,llama,4,0,0,0,4,0.0,0.0,0.0,0,,,,,20.445251409,1
publimetro_2019-11-07_16,52,none,,adaptive_mean,docling_easyocr,llama,4,0,0,0,4,0.0,0.0,0.0,0,,,,,108.975821626,1
publimetro_2019-11-07_16,52,none,,adaptive_mean,docling_rapidocr,llama,4,0,0,0,4,0.0,0.0,0.0,0,,,,,21.017422807,1
publimetro_2019-11-07_16,52,none,,basic,docling_easyocr,llama,4,0,0,0,4,0.0,0.0,0.0,0,,,,,93.932343179,1
publimetro_2019-11-07_16,52,none,,basic,docling_rapidocr,llama,4,0,0,0,4,0.0,0.0,0.0,0,,,,,23.015157157,1
publimetro_2019-11-07_16,52,none,,niblack,docling_easyocr,llama,4,0,0,0,4,0.0,0.0,0.0,0,,,,,58.629226899,1
publimetro_2019-11-07_16,52,none,,niblack,docling_rapidocr,llama,4,0,0,0,4,0.0,0.0,0.0,0,,,,,12.106098866,1
publimetro_2019-11-07_16,52,none,,none_color,docling_easyocr,llama,4,0,0,0,4,0.0,0.0,0.0,0,,,,,83.3768817,1
publimetro_2019-11-07_16,52,none,,none_color,docling_rapidocr,llama,4,0,0,0,4,0.0,0.0,0.0,0,,,,,23.072485547,1
publimetro_2019-11-07_16,52,none,,none_grayscale,docling_easyocr,llama,4,0,0,0,4,0.0,0.0,0.0,0,,,,,94.419179612,1
publimetro_2019-11-07_16,52,none,,none_grayscale,docling_rapidocr,llama,4,0,0,0,4,0.0,0.0,0.0,0,,,,,18.713289672,1
publimetro_2019-11-07_16,52,none,,otsu,docling_easyocr,llama,4,0,0,0,4,0.0,0.0,0.0,0,,,,,84.233285268,1
publimetro_2019-11-07_16,52,none,,otsu,docling_rapidocr,llama,4,0,0,0,4,0.0,0.0,0.0,0,,,,,18.608734687,1
publimetro_2019-11-07_16,53,none,,adaptive_gaussian,docling_easyocr,llama,4,0,0,0,4,0.0,0.0,0.0,0,,,,,102.680690782,1
publimetro_2019-11-07_16,53,none,,adaptive_gaussian,docling_rapidocr,llama,4,0,0,0,4,0.0,0.0,0.0,0,,,,,15.298723714,1
publimetro_2019-11-07_16,53,none,,adaptive_mean,docling_easyocr,llama,4,0,0,0,4,0.0,0.0,0.0,0,,,,,105.364886798,1
publimetro_2019-11-07_16,53,none,,adaptive_mean,docling_rapidocr,llama,4,0,0,0,4,0.0,0.0,0.0,0,,,,,18.54147581,1
publimetro_2019-11-07_16,53,none,,basic,docling_easyocr,llama,4,0,0,0,4,0.0,0.0,0.0,0,,,,,96.339986403,1
publimetro_2019-11-07_16,53,none,,basic,docling_rapidocr,llama,4,0,0,0,4,0.0,0.0,0.0,0,,,,,22.741627295,1
publimetro_2019-11-07_16,53,none,,niblack,docling_easyocr,llama,4,0,0,0,4,0.0,0.0,0.0,0,,,,,68.482002784,1
publimetro_2019-11-07_16,53,none,,niblack,docling_rapidocr,llama,4,0,0,0,4,0.0,0.0,0.0,0,,,,,11.491022635,1
publimetro_2019-11-07_16,53,none,,none_color,docling_easyocr,llama,4,0,0,0,4,0.0,0.0,0.0,0,,,,,85.526868661,1
publimetro_2019-11-07_16,53,none,,none_color,docling_rapidocr,llama,4,0,0,0,4,0.0,0.0,0.0,0,,,,,23.478607734,1
publimetro_2019-11-07_16,53,none,,none_grayscale,docling_easyocr,llama,4,0,0,0,4,0.0,0.0,0.0,0,,,,,89.331719167,1
publimetro_2019-11-07_16,53,none,,none_grayscale,docling_rapidocr,llama,4,0,0,0,4,0.0,0.0,0.0,0,,,,,22.359738833,1
publimetro_2019-11-07_16,53,none,,otsu,docling_easyocr,llama,4,0,0,0,4,0.0,0.0,0.0,0,,,,,94.85728589,1
publimetro_2019-11-07_16,53,none,,otsu,docling_rapidocr,llama,4,0,0,0,4,0.0,0.0,0.0,0,,,,,23.408257874,1
publimetro_2019-11-12_1,0,none,,adaptive_gaussian,docling_easyocr,llama,6,0,0,0,6,0.0,0.0,0.0,0,,,,,72.285666076,1
publimetro_2019-11-12_1,0,none,,adaptive_gaussian,docling_rapidocr,llama,6,0,0,0,6,0.0,0.0,0.0,0,,,,,14.490332213,1
publimetro_2019-11-12_1,0,none,,adaptive_mean,docling_easyocr,llama,6,0,0,0,6,0.0,0.0,0.0,0,,,,,66.737145936,1
publimetro_2019-11-12_1,0,none,,adaptive_mean,docling_rapidocr,llama,6,0,0,0,6,0.0,0.0,0.0,0,,,,,14.563721454,1
publimetro_2019-11-12_1,0,none,,basic,docling_easyocr,llama,6,0,0,0,6,0.0,0.0,0.0,0,,,,,66.88270474,1
publimetro_2019-11-12_1,0,none,,basic,docling_rapidocr,llama,6,0,0,0,6,0.0,0.0,0.0,0,,,,,13.850157504,1
publimetro_2019-11-12_1,0,none,,niblack,docling_easyocr,llama,6,0,0,0,6,0.0,0.0,0.0,0,,,,,68.453679297,1
publimetro_2019-11-12_1,0,none,,niblack,docling_rapidocr,llama,6,0,0,0,6,0.0,0.0,0.0,0,,,,,11.133160327,1
publimetro_2019-11-12_1,0,none,,none_color,docling_easyocr,llama,6,0,0,0,6,0.0,0.0,0.0,0,,,,,74.884722165,1
publimetro_2019-11-12_1,0,none,,none_color,docling_rapidocr,llama,6,0,0,0,6,0.0,0.0,0.0,0,,,,,15.722999267,1
publimetro_2019-11-12_1,0,none,,none_grayscale,docling_easyocr,llama,6,0,0,0,6,0.0,0.0,0.0,0,,,,,64.416727548,1
publimetro_2019-11-12_1,0,none,,none_grayscale,docling_rapidocr,llama,6,0,0,0,6,0.0,0.0,0.0,0,,,,,12.520351892,1
publimetro_2019-11-12_1,0,none,,otsu,docling_easyocr,llama,6,0,0,0,6,0.0,0.0,0.0,0,,,,,74.593829066,1
publimetro_2019-11-12_1,0,none,,otsu,docling_rapidocr,llama,6,0,0,0,6,0.0,0.0,0.0,0,,,,,13.531587989,1
publimetro_2019-11-12_1,1,none,,adaptive_gaussian,docling_easyocr,llama,6,0,0,0,6,0.0,0.0,0.0,0,,,,,76.115736623,1
publimetro_2019-11-12_1,1,none,,adaptive_gaussian,docling_rapidocr,llama,6,0,0,0,6,0.0,0.0,0.0,0,,,,,12.407919545,1
publimetro_2019-11-12_1,1,none,,adaptive_mean,docling_easyocr,llama,6,0,0,0,6,0.0,0.0,0.0,0,,,,,69.498205987,1
publimetro_2019-11-12_1,1,none,,adaptive_mean,docling_rapidocr,llama,6,0,0,0,6,0.0,0.0,0.0,0,,,,,14.333951322,1
publimetro_2019-11-12_1,1,none,,basic,docling_easyocr,llama,6,0,0,0,6,0.0,0.0,0.0,0,,,,,75.544275413,1
publimetro_2019-11-12_1,1,none,,basic,docling_rapidocr,llama,6,0,0,0,6,0.0,0.0,0.0,0,,,,,14.967879424,1
publimetro_2019-11-12_1,1,none,,niblack,docling_easyocr,llama,6,0,0,0,6,0.0,0.0,0.0,0,,,,,68.696951083,1
publimetro_2019-11-12_1,1,none,,niblack,docling_rapidocr,llama,6,0,0,0,6,0.0,0.0,0.0,0,,,,,12.294631413,1
publimetro_2019-11-12_1,1,none,,none_color,docling_easyocr,llama,6,0,0,0,6,0.0,0.0,0.0,0,,,,,74.626723584,1
publimetro_2019-11-12_1,1,none,,none_color,docling_rapidocr,llama,6,0,0,0,6,0.0,0.0,0.0,0,,,,,15.84944826,1
publimetro_2019-11-12_1,1,none,,none_grayscale,docling_easyocr,llama,6,0,0,0,6,0.0,0.0,0.0,0,,,,,76.537253032,1
publimetro_2019-11-12_1,1,none,,none_grayscale,docling_rapidocr,llama,6,0,0,0,6,0.0,0.0,0.0,0,,,,,16.041829715,1
publimetro_2019-11-12_1,1,none,,otsu,docling_easyocr,llama,6,0,0,0,6,0.0,0.0,0.0,0,,,,,74.476698911,1
publimetro_2019-11-12_1,1,none,,otsu,docling_rapidocr,llama,6,0,0,0,6,0.0,0.0,0.0,0,,,,,15.595675265,1
publimetro_2019-11-12_1,2,none,,adaptive_gaussian,docling_easyocr,llama,6,0,0,0,6,0.0,0.0,0.0,0,,,,,76.891023186,1
publimetro_2019-11-12_1,2,none,,adaptive_gaussian,docling_rapidocr,llama,6,0,0,0,6,0.0,0.0,0.0,0,,,,,15.120154885,1
publimetro_2019-11-12_1,2,none,,adaptive_mean,docling_easyocr,llama,6,0,0,0,6,0.0,0.0,0.0,0,,,,,78.774296021,1
publimetro_2019-11-12_1,2,none,,adaptive_mean,docling_rapidocr,llama,6,0,0,0,6,0.0,0.0,0.0,0,,,,,14.920437311,1
publimetro_2019-11-12_1,2,none,,basic,docling_easyocr,llama,6,0,0,0,6,0.0,0.0,0.0,0,,,,,73.191884846,1
publimetro_2019-11-12_1,2,none,,basic,docling_rapidocr,llama,6,0,0,0,6,0.0,0.0,0.0,0,,,,,15.488115639,1
publimetro_2019-11-12_1,2,none,,niblack,docling_easyocr,llama,6,0,0,0,6,0.0,0.0,0.0,0,,,,,69.043545544,1
publimetro_2019-11-12_1,2,none,,niblack,docling_rapidocr,llama,6,0,0,0,6,0.0,0.0,0.0,0,,,,,13.492548764,1
publimetro_2019-11-12_1,2,none,,none_color,docling_easyocr,llama,6,0,0,0,6,0.0,0.0,0.0,0,,,,,75.524786013,1
publimetro_2019-11-12_1,2,none,,none_color,docling_rapidocr,llama,6,0,0,0,6,0.0,0.0,0.0,0,,,,,13.887054699,1
publimetro_2019-11-12_1,2,none,,none_grayscale,docling_easyocr,llama,6,0,0,0,6,0.0,0.0,0.0,0,,,,,75.129712599,1
publimetro_2019-11-12_1,2,none,,none_grayscale,docling_rapidocr,llama,6,0,0,0,6,0.0,0.0,0.0,0,,,,,15.633972185,1
publimetro_2019-11-12_1,2,none,,otsu,docling_easyocr,llama,6,0,0,0,6,0.0,0.0,0.0,0,,,,,70.039103194,1
publimetro_2019-11-12_1,2,none,,otsu,docling_rapidocr,llama,6,0,0,0,6,0.0,0.0,0.0,0,,,,,15.793946667,1
publimetro_2019-11-12_1,3,none,,adaptive_gaussian,docling_easyocr,llama,6,0,0,0,6,0.0,0.0,0.0,0,,,,,77.315624617,1
publimetro_2019-11-12_1,3,none,,adaptive_gaussian,docling_rapidocr,llama,6,0,0,0,6,0.0,0.0,0.0,0,,,,,12.555541895,1
publimetro_2019-11-12_1,3,none,,adaptive_mean,docling_easyocr,llama,6,0,0,0,6,0.0,0.0,0.0,0,,,,,76.639767021,1
publimetro_2019-11-12_1,3,none,,adaptive_mean,docling_rapidocr,llama,6,0,0,0,6,0.0,0.0,0.0,0,,,,,13.837594599,1
publimetro_2019-11-12_1,3,none,,basic,docling_easyocr,llama,6,0,0,0,6,0.0,0.0,0.0,0,,,,,74.438286986,1
publimetro_2019-11-12_1,3,none,,basic,docling_rapidocr,llama,6,0,0,0,6,0.0,0.0,0.0,0,,,,,14.736903872,1
publimetro_2019-11-12_1,3,none,,niblack,docling_easyocr,llama,6,0,0,0,6,0.0,0.0,0.0,0,,,,,64.512299069,1
publimetro_2019-11-12_1,3,none,,niblack,docling_rapidocr,llama,6,0,0,0,6,0.0,0.0,0.0,0,,,,,11.087537297,1
publimetro_2019-11-12_1,3,none,,none_color,docling_easyocr,llama,6,0,0,0,6,0.0,0.0,0.0,0,,,,,75.634867012,1
publimetro_2019-11-12_1,3,none,,none_color,docling_rapidocr,llama,6,0,0,0,6,0.0,0.0,0.0,0,,,,,15.322983086,1
publimetro_2019-11-12_1,3,none,,none_grayscale,docling_easyocr,llama,6,0,0,0,6,0.0,0.0,0.0,0,,,,,77.885741127,1
publimetro_2019-11-12_1,3,none,,none_grayscale,docling_rapidocr,llama,6,0,0,0,6,0.0,0.0,0.0,0,,,,,13.205744398,1
publimetro_2019-11-12_1,3,none,,otsu,docling_easyocr,llama,6,0,0,0,6,0.0,0.0,0.0,0,,,,,75.779517689,1
publimetro_2019-11-12_1,3,none,,otsu,docling_rapidocr,llama,6,0,0,0,6,0.0,0.0,0.0,0,,,,,13.05039362,1
publimetro_2019-11-12_1,3,none,,yannihorne,docling_easyocr,llama,6,0,0,0,6,0.0,0.0,0.0,0,,,,,60.85524849,1
publimetro_2019-11-12_1,3,none,,yannihorne,docling_rapidocr,llama,6,0,0,0,6,0.0,0.0,0.0,0,,,,,12.01134471,1
publimetro_2019-11-12_1,4,none,,adaptive_gaussian,docling_easyocr,llama,6,0,0,0,6,0.0,0.0,0.0,0,,,,,76.35647593,1
publimetro_2019-11-12_1,4,none,,adaptive_gaussian,docling_rapidocr,llama,6,0,0,0,6,0.0,0.0,0.0,0,,,,,14.042265038,1
publimetro_2019-11-12_1,4,none,,adaptive_mean,docling_easyocr,llama,6,0,0,0,6,0.0,0.0,0.0,0,,,,,76.710733939,1
publimetro_2019-11-12_1,4,none,,adaptive_mean,docling_rapidocr,llama,6,0,0,0,6,0.0,0.0,0.0,0,,,,,14.178388644,1
publimetro_2019-11-12_1,4,none,,basic,docling_easyocr,llama,6,0,0,0,6,0.0,0.0,0.0,0,,,,,74.256791205,1
publimetro_2019-11-12_1,4,none,,basic,docling_rapidocr,llama,6,0,0,0,6,0.0,0.0,0.0,0,,,,,14.534670443,1
publimetro_2019-11-12_1,4,none,,niblack,docling_easyocr,llama,6,0,0,0,6,0.0,0.0,0.0,0,,,,,61.089009127,1
publimetro_2019-11-12_1,4,none,,niblack,docling_rapidocr,llama,6,0,0,0,6,0.0,0.0,0.0,0,,,,,11.997583947,1
publimetro_2019-11-12_1,4,none,,none_color,docling_easyocr,llama,6,0,0,0,6,0.0,0.0,0.0,0,,,,,64.34736039,1
publimetro_2019-11-12_1,4,none,,none_color,docling_rapidocr,llama,6,0,0,0,6,0.0,0.0,0.0,0,,,,,13.939749258,1
publimetro_2019-11-12_1,4,none,,none_grayscale,docling_easyocr,llama,6,0,0,0,6,0.0,0.0,0.0,0,,,,,74.93527779,1
publimetro_2019-11-12_1,4,none,,none_grayscale,docling_rapidocr,llama,6,0,0,0,6,0.0,0.0,0.0,0,,,,,13.137708515,1
publimetro_2019-11-12_1,4,none,,otsu,docling_easyocr,llama,6,0,0,0,6,0.0,0.0,0.0,0,,,,,76.539882418,1
publimetro_2019-11-12_1,4,none,,otsu,docling_rapidocr,llama,6,0,0,0,6,0.0,0.0,0.0,0,,,,,13.534733292,1
publimetro_2019-11-12_1,5,none,,adaptive_gaussian,docling_easyocr,llama,6,0,0,0,6,0.0,0.0,0.0,0,,,,,77.128108933,1
publimetro_2019-11-12_1,5,none,,adaptive_gaussian,docling_rapidocr,llama,6,0,0,0,6,0.0,0.0,0.0,0,,,,,13.369067147,1
publimetro_2019-11-12_1,5,none,,adaptive_mean,docling_easyocr,llama,6,0,0,0,6,0.0,0.0,0.0,0,,,,,77.365334652,1
publimetro_2019-11-12_1,5,none,,adaptive_mean,docling_rapidocr,llama,6,0,0,0,6,0.0,0.0,0.0,0,,,,,13.639367245,1
publimetro_2019-11-12_1,5,none,,basic,docling_easyocr,llama,6,0,0,0,6,0.0,0.0,0.0,0,,,,,68.129128712,1
publimetro_2019-11-12_1,5,none,,basic,docling_rapidocr,llama,6,0,0,0,6,0.0,0.0,0.0,0,,,,,12.145120877,1
publimetro_2019-11-12_1,5,none,,niblack,docling_easyocr,llama,6,0,0,0,6,0.0,0.0,0.0,0,,,,,68.517198,1
publimetro_2019-11-12_1,5,none,,niblack,docling_rapidocr,llama,6,0,0,0,6,0.0,0.0,0.0,0,,,,,12.44034997,1
publimetro_2019-11-12_1,5,none,,none_color,docling_easyocr,llama,6,0,0,0,6,0.0,0.0,0.0,0,,,,,71.902456705,1
publimetro_2019-11-12_1,5,none,,none_color,docling_rapidocr,llama,6,0,0,0,6,0.0,0.0,0.0,0,,,,,14.716405337,1
publimetro_2019-11-12_1,5,none,,none_grayscale,docling_easyocr,llama,6,0,0,0,6,0.0,0.0,0.0,0,,,,,74.795501177,1
publimetro_2019-11-12_1,5,none,,none_grayscale,docling_rapidocr,llama,6,0,0,0,6,0.0,0.0,0.0,0,,,,,14.451338713,1
publimetro_2019-11-12_1,5,none,,otsu,docling_easyocr,llama,6,0,0,0,6,0.0,0.0,0.0,0,,,,,75.233729214,1
publimetro_2019-11-12_1,5,none,,otsu,docling_rapidocr,llama,6,0,0,0,6,0.0,0.0,0.0,0,,,,,14.284371704,1
publimetro_2019-11-12_1,5,none,,yannihorne,docling_easyocr,llama,6,0,0,0,6,0.0,0.0,0.0,0,,,,,67.850509495,1
publimetro_2019-11-12_1,5,none,,yannihorne,docling_rapidocr,llama,6,0,0,0,6,0.0,0.0,0.0,0,,,,,11.953172774,1
publimetro_2019-11-12_1,6,none,,adaptive_gaussian,docling_easyocr,llama,6,0,0,0,6,0.0,0.0,0.0,0,,,,,76.983683879,1
publimetro_2019-11-12_1,6,none,,adaptive_gaussian,docling_rapidocr,llama,6,0,0,0,6,0.0,0.0,0.0,0,,,,,14.959478432,1
publimetro_2019-11-12_1,6,none,,adaptive_mean,docling_easyocr,llama,6,0,0,0,6,0.0,0.0,0.0,0,,,,,76.222105982,1
publimetro_2019-11-12_1,6,none,,adaptive_mean,docling_rapidocr,llama,6,0,0,0,6,0.0,0.0,0.0,0,,,,,13.938241723,1
publimetro_2019-11-12_1,6,none,,basic,docling_easyocr,llama,6,0,0,0,6,0.0,0.0,0.0,0,,,,,74.325843856,1
publimetro_2019-11-12_1,6,none,,basic,docling_rapidocr,llama,6,0,0,0,6,0.0,0.0,0.0,0,,,,,14.797593161,1
publimetro_2019-11-12_1,6,none,,niblack,docling_easyocr,llama,6,0,0,0,6,0.0,0.0,0.0,0,,,,,65.691822543,1
publimetro_2019-11-12_1,6,none,,niblack,docling_rapidocr,llama,6,0,0,0,6,0.0,0.0,0.0,0,,,,,12.251627459,1
publimetro_2019-11-12_1,6,none,,none_color,docling_easyocr,llama,6,0,0,0,6,0.0,0.0,0.0,0,,,,,75.645530196,1
publimetro_2019-11-12_1,6,none,,none_color,docling_rapidocr,llama,6,0,0,0,6,0.0,0.0,0.0,0,,,,,14.650893183,1
publimetro_2019-11-12_1,6,none,,none_grayscale,docling_easyocr,llama,6,0,0,0,6,0.0,0.0,0.0,0,,,,,75.678885743,1
publimetro_2019-11-12_1,6,none,,none_grayscale,docling_rapidocr,llama,6,0,0,0,6,0.0,0.0,0.0,0,,,,,12.924587294,1
publimetro_2019-11-12_1,6,none,,otsu,docling_easyocr,llama,6,0,0,0,6,0.0,0.0,0.0,0,,,,,75.366805266,1
publimetro_2019-11-12_1,6,none,,otsu,docling_rapidocr,llama,6,0,0,0,6,0.0,0.0,0.0,0,,,,,14.259969186,1
publimetro_2019-11-12_1,6,none,,yannihorne,docling_easyocr,llama,6,0,0,0,6,0.0,0.0,0.0,0,,,,,60.44210739,1
publimetro_2019-11-12_1,6,none,,yannihorne,docling_rapidocr,llama,6,0,0,0,6,0.0,0.0,0.0,0,,,,,11.58305354,1
publimetro_2019-11-12_1,7,none,,adaptive_gaussian,docling_easyocr,llama,6,0,0,0,6,0.0,0.0,0.0,0,,,,,78.13147148,1
publimetro_2019-11-12_1,7,none,,adaptive_gaussian,docling_rapidocr,llama,6,0,0,0,6,0.0,0.0,0.0,0,,,,,14.173121775,1
publimetro_2019-11-12_1,7,none,,adaptive_mean,docling_easyocr,llama,6,0,0,0,6,0.0,0.0,0.0,0,,,,,76.928741654,1
publimetro_2019-11-12_1,7,none,,adaptive_mean,docling_rapidocr,llama,6,0,0,0,6,0.0,0.0,0.0,0,,,,,14.82059141,1
publimetro_2019-11-12_1,7,none,,basic,docling_easyocr,llama,6,0,0,0,6,0.0,0.0,0.0,0,,,,,73.423421935,1
publimetro_2019-11-12_1,7,none,,basic,docling_rapidocr,llama,6,0,0,0,6,0.0,0.0,0.0,0,,,,,14.070323542,1
publimetro_2019-11-12_1,7,none,,niblack,docling_easyocr,llama,6,0,0,0,6,0.0,0.0,0.0,0,,,,,68.486747952,1
publimetro_2019-11-12_1,7,none,,niblack,docling_rapidocr,llama,6,0,0,0,6,0.0,0.0,0.0,0,,,,,11.700928898,1
publimetro_2019-11-12_1,7,none,,none_color,docling_easyocr,llama,6,0,0,0,6,0.0,0.0,0.0,0,,,,,80.444989611,1
publimetro_2019-11-12_1,7,none,,none_color,docling_rapidocr,llama,6,0,0,0,6,0.0,0.0,0.0,0,,,,,15.162443091,1
publimetro_2019-11-12_1,7,none,,none_grayscale,docling_easyocr,llama,6,0,0,0,6,0.0,0.0,0.0,0,,,,,75.397128585,1
publimetro_2019-11-12_1,7,none,,none_grayscale,docling_rapidocr,llama,6,0,0,0,6,0.0,0.0,0.0,0,,,,,14.077116492,1
publimetro_2019-11-12_1,7,none,,otsu,docling_easyocr,llama,6,0,0,0,6,0.0,0.0,0.0,0,,,,,75.832419781,1
publimetro_2019-11-12_1,7,none,,otsu,docling_rapidocr,llama,6,0,0,0,6,0.0,0.0,0.0,0,,,,,15.565668015,1
publimetro_2019-11-12_1,8,none,,adaptive_gaussian,docling_easyocr,llama,6,0,0,0,6,0.0,0.0,0.0,0,,,,,77.405634415,1
publimetro_2019-11-12_1,8,none,,adaptive_gaussian,docling_rapidocr,llama,6,0,0,0,6,0.0,0.0,0.0,0,,,,,14.1013744,1
publimetro_2019-11-12_1,8,none,,adaptive_mean,docling_easyocr,llama,6,0,0,0,6,0.0,0.0,0.0,0,,,,,76.499751218,1
publimetro_2019-11-12_1,8,none,,adaptive_mean,docling_rapidocr,llama,6,0,0,0,6,0.0,0.0,0.0,0,,,,,13.311632044,1
publimetro_2019-11-12_1,8,none,,basic,docling_easyocr,llama,6,0,0,0,6,0.0,0.0,0.0,0,,,,,71.173195365,1
publimetro_2019-11-12_1,8,none,,basic,docling_rapidocr,llama,6,0,0,0,6,0.0,0.0,0.0,0,,,,,13.473886492,1
publimetro_2019-11-12_1,8,none,,niblack,docling_easyocr,llama,6,0,0,0,6,0.0,0.0,0.0,0,,,,,70.17340536,1
publimetro_2019-11-12_1,8,none,,niblack,docling_rapidocr,llama,6,0,0,0,6,0.0,0.0,0.0,0,,,,,11.558453273,1
publimetro_2019-11-12_1,8,none,,none_color,docling_easyocr,llama,6,0,0,0,6,0.0,0.0,0.0,0,,,,,75.101900269,1
publimetro_2019-11-12_1,8,none,,none_color,docling_rapidocr,llama,6,0,0,0,6,0.0,0.0,0.0,0,,,,,15.016252925,1
publimetro_2019-11-12_1,8,none,,none_grayscale,docling_easyocr,llama,6,0,0,0,6,0.0,0.0,0.0,0,,,,,75.49941652,1
publimetro_2019-11-12_1,8,none,,none_grayscale,docling_rapidocr,llama,6,0,0,0,6,0.0,0.0,0.0,0,,,,,14.10516112,1
publimetro_2019-11-12_1,8,none,,otsu,docling_easyocr,llama,6,0,0,0,6,0.0,0.0,0.0,0,,,,,75.582958296,1
publimetro_2019-11-12_1,8,none,,otsu,docling_rapidocr,llama,6,0,0,0,6,0.0,0.0,0.0,0,,,,,14.582471446,1
publimetro_2019-11-12_1,8,none,,yannihorne,docling_easyocr,llama,6,0,0,0,6,0.0,0.0,0.0,0,,,,,67.471915558,1
publimetro_2019-11-12_1,8,none,,yannihorne,docling_rapidocr,llama,6,0,0,0,6,0.0,0.0,0.0,0,,,,,10.922114447,1
publimetro_2019-11-12_1,9,none,,adaptive_gaussian,docling_easyocr,llama,6,0,0,0,6,0.0,0.0,0.0,0,,,,,76.751212889,1
publimetro_2019-11-12_1,9,none,,adaptive_gaussian,docling_rapidocr,llama,6,0,0,0,6,0.0,0.0,0.0,0,,,,,13.51734882,1
publimetro_2019-11-12_1,9,none,,adaptive_mean,docling_easyocr,llama,6,0,0,0,6,0.0,0.0,0.0,0,,,,,76.935486796,1
publimetro_2019-11-12_1,9,none,,adaptive_mean,docling_rapidocr,llama,6,0,0,0,6,0.0,0.0,0.0,0,,,,,13.417093518,1
publimetro_2019-11-12_1,9,none,,basic,docling_easyocr,llama,6,0,0,0,6,0.0,0.0,0.0,0,,,,,73.993664786,1
publimetro_2019-11-12_1,9,none,,basic,docling_rapidocr,llama,6,0,0,0,6,0.0,0.0,0.0,0,,,,,13.658072278,1
publimetro_2019-11-12_1,9,none,,niblack,docling_easyocr,llama,6,0,0,0,6,0.0,0.0,0.0,0,,,,,69.800141825,1
publimetro_2019-11-12_1,9,none,,niblack,docling_rapidocr,llama,6,0,0,0,6,0.0,0.0,0.0,0,,,,,11.051503672,1
publimetro_2019-11-12_1,9,none,,none_color,docling_easyocr,llama,6,0,0,0,6,0.0,0.0,0.0,0,,,,,76.78363225,1
publimetro_2019-11-12_1,9,none,,none_color,docling_rapidocr,llama,6,0,0,0,6,0.0,0.0,0.0,0,,,,,14.680921527,1
publimetro_2019-11-12_1,9,none,,none_grayscale,docling_easyocr,llama,6,0,0,0,6,0.0,0.0,0.0,0,,,,,77.952742144,1
publimetro_2019-11-12_1,9,none,,none_grayscale,docling_rapidocr,llama,6,0,0,0,6,0.0,0.0,0.0,0,,,,,14.878027484,1
publimetro_2019-11-12_1,9,none,,otsu,docling_easyocr,llama,6,0,0,0,6,0.0,0.0,0.0,0,,,,,76.934495877,1
publimetro_2019-11-12_1,9,none,,otsu,docling_rapidocr,llama,6,0,0,0,6,0.0,0.0,0.0,0,,,,,14.132993888,1
publimetro_2019-11-12_1,10,none,,adaptive_gaussian,docling_easyocr,llama,6,0,0,0,6,0.0,0.0,0.0,0,,,,,75.360684201,1
publimetro_2019-11-12_1,10,none,,adaptive_gaussian,docling_rapidocr,llama,6,0,0,0,6,0.0,0.0,0.0,0,,,,,13.798300788,1
publimetro_2019-11-12_1,10,none,,adaptive_mean,docling_easyocr,llama,6,0,0,0,6,0.0,0.0,0.0,0,,,,,69.607898467,1
publimetro_2019-11-12_1,10,none,,adaptive_mean,docling_rapidocr,llama,6,0,0,0,6,0.0,0.0,0.0,0,,,,,13.84379267,1
publimetro_2019-11-12_1,10,none,,basic,docling_easyocr,llama,6,0,0,0,6,0.0,0.0,0.0,0,,,,,70.431054938,1
publimetro_2019-11-12_1,10,none,,basic,docling_rapidocr,llama,6,0,0,0,6,0.0,0.0,0.0,0,,,,,13.346034158,1
publimetro_2019-11-12_1,10,none,,niblack,docling_easyocr,llama,6,0,0,0,6,0.0,0.0,0.0,0,,,,,68.120632653,1
publimetro_2019-11-12_1,10,none,,niblack,docling_rapidocr,llama,6,0,0,0,6,0.0,0.0,0.0,0,,,,,11.918398623,1
publimetro_2019-11-12_1,10,none,,none_color,docling_easyocr,llama,6,0,0,0,6,0.0,0.0,0.0,0,,,,,76.635483228,1
publimetro_2019-11-12_1,10,none,,none_color,docling_rapidocr,llama,6,0,0,0,6,0.0,0.0,0.0,0,,,,,14.40556737,1
publimetro_2019-11-12_1,10,none,,none_grayscale,docling_easyocr,llama,6,0,0,0,6,0.0,0.0,0.0,0,,,,,76.113571679,1
publimetro_2019-11-12_1,10,none,,none_grayscale,docling_rapidocr,llama,6,0,0,0,6,0.0,0.0,0.0,0,,,,,14.644699609,1
publimetro_2019-11-12_1,10,none,,otsu,docling_easyocr,llama,6,0,0,0,6,0.0,0.0,0.0,0,,,,,75.318865956,1
publimetro_2019-11-12_1,10,none,,otsu,docling_rapidocr,llama,6,0,0,0,6,0.0,0.0,0.0,0,,,,,14.72904724,1
publimetro_2019-11-12_1,11,none,,adaptive_gaussian,docling_easyocr,llama,6,0,0,0,6,0.0,0.0,0.0,0,,,,,75.789557025,1
publimetro_2019-11-12_1,11,none,,adaptive_gaussian,docling_rapidocr,llama,6,0,0,0,6,0.0,0.0,0.0,0,,,,,13.481701896,1
publimetro_2019-11-12_1,11,none,,adaptive_mean,docling_easyocr,llama,6,0,0,0,6,0.0,0.0,0.0,0,,,,,69.374283307,1
publimetro_2019-11-12_1,11,none,,adaptive_mean,docling_rapidocr,llama,6,0,0,0,6,0.0,0.0,0.0,0,,,,,13.861728661,1
publimetro_2019-11-12_1,11,none,,basic,docling_easyocr,llama,6,0,0,0,6,0.0,0.0,0.0,0,,,,,68.694082606,1
publimetro_2019-11-12_1,11,none,,basic,docling_rapidocr,llama,6,0,0,0,6,0.0,0.0,0.0,0,,,,,14.294016469,1
publimetro_2019-11-12_1,11,none,,niblack,docling_easyocr,llama,6,0,0,0,6,0.0,0.0,0.0,0,,,,,72.737263922,1
publimetro_2019-11-12_1,11,none,,niblack,docling_rapidocr,llama,6,0,0,0,6,0.0,0.0,0.0,0,,,,,10.523921494,1
publimetro_2019-11-12_1,11,none,,none_color,docling_easyocr,llama,6,0,0,0,6,0.0,0.0,0.0,0,,,,,74.445586312,1
publimetro_2019-11-12_1,11,none,,none_color,docling_rapidocr,llama,6,0,0,0,6,0.0,0.0,0.0,0,,,,,14.02449261,1
publimetro_2019-11-12_1,11,none,,none_grayscale,docling_easyocr,llama,6,0,0,0,6,0.0,0.0,0.0,0,,,,,76.404264724,1
publimetro_2019-11-12_1,11,none,,none_grayscale,docling_rapidocr,llama,6,0,0,0,6,0.0,0.0,0.0,0,,,,,14.021192347,1
publimetro_2019-11-12_1,11,none,,otsu,docling_easyocr,llama,6,0,0,0,6,0.0,0.0,0.0,0,,,,,76.469678105,1
publimetro_2019-11-12_1,11,none,,otsu,docling_rapidocr,llama,6,0,0,0,6,0.0,0.0,0.0,0,,,,,13.509077014,1
publimetro_2019-11-12_1,12,none,,adaptive_gaussian,docling_easyocr,llama,6,0,0,0,6,0.0,0.0,0.0,0,,,,,107.54761794,1
publimetro_2019-11-12_1,12,none,,adaptive_gaussian,docling_rapidocr,llama,6,0,0,0,6,0.0,0.0,0.0,0,,,,,43.034159211,1
publimetro_2019-11-12_1,12,none,,adaptive_mean,docling_easyocr,llama,6,0,0,0,6,0.0,0.0,0.0,0,,,,,106.696294284,1
publimetro_2019-11-12_1,12,none,,adaptive_mean,docling_rapidocr,llama,6,0,0,0,6,0.0,0.0,0.0,0,,,,,43.520172334,1
publimetro_2019-11-12_1,12,none,,basic,docling_easyocr,llama,6,0,0,0,6,0.0,0.0,0.0,0,,,,,101.337551373,1
publimetro_2019-11-12_1,12,none,,basic,docling_rapidocr,llama,6,0,0,0,6,0.0,0.0,0.0,0,,,,,41.454598206,1
publimetro_2019-11-12_1,12,none,,niblack,docling_easyocr,llama,6,0,0,0,6,0.0,0.0,0.0,0,,,,,92.805314528,1
publimetro_2019-11-12_1,12,none,,niblack,docling_rapidocr,llama,6,0,0,0,6,0.0,0.0,0.0,0,,,,,41.305578934,1
publimetro_2019-11-12_1,12,none,,none_color,docling_easyocr,llama,6,0,0,0,6,0.0,0.0,0.0,0,,,,,104.962831204,1
publimetro_2019-11-12_1,12,none,,none_color,docling_rapidocr,llama,6,0,0,0,6,0.0,0.0,0.0,0,,,,,44.836013739,1
publimetro_2019-11-12_1,12,none,,none_grayscale,docling_easyocr,llama,6,0,0,0,6,0.0,0.0,0.0,0,,,,,103.854473609,1
publimetro_2019-11-12_1,12,none,,none_grayscale,docling_rapidocr,llama,6,0,0,0,6,0.0,0.0,0.0,0,,,,,43.639675158,1
publimetro_2019-11-12_1,12,none,,otsu,docling_easyocr,llama,6,0,0,0,6,0.0,0.0,0.0,0,,,,,105.544624491,1
publimetro_2019-11-12_1,12,none,,otsu,docling_rapidocr,llama,6,0,0,0,6,0.0,0.0,0.0,0,,,,,44.511116668,1
publimetro_2019-11-12_1,13,none,,adaptive_gaussian,docling_easyocr,llama,6,0,0,0,6,0.0,0.0,0.0,0,,,,,104.245637557,1
publimetro_2019-11-12_1,13,none,,adaptive_gaussian,docling_rapidocr,llama,6,0,0,0,6,0.0,0.0,0.0,0,,,,,42.498594186,1
publimetro_2019-11-12_1,13,none,,adaptive_mean,docling_easyocr,llama,6,0,0,0,6,0.0,0.0,0.0,0,,,,,100.942038863,1
publimetro_2019-11-12_1,13,none,,adaptive_mean,docling_rapidocr,llama,6,0,0,0,6,0.0,0.0,0.0,0,,,,,42.524548857,1
publimetro_2019-11-12_1,13,none,,basic,docling_easyocr,llama,6,0,0,0,6,0.0,0.0,0.0,0,,,,,104.238511454,1
publimetro_2019-11-12_1,13,none,,basic,docling_rapidocr,llama,6,0,0,0,6,0.0,0.0,0.0,0,,,,,44.89729942,1
publimetro_2019-11-12_1,13,none,,niblack,docling_easyocr,llama,6,0,0,0,6,0.0,0.0,0.0,0,,,,,94.367384938,1
publimetro_2019-11-12_1,13,none,,niblack,docling_rapidocr,llama,6,0,0,0,6,0.0,0.0,0.0,0,,,,,39.412978677,1
publimetro_2019-11-12_1,13,none,,none_color,docling_easyocr,llama,6,0,0,0,6,0.0,0.0,0.0,0,,,,,105.526432334,1
publimetro_2019-11-12_1,13,none,,none_color,docling_rapidocr,llama,6,0,0,0,6,0.0,0.0,0.0,0,,,,,44.064381181,1
publimetro_2019-11-12_1,13,none,,none_grayscale,docling_easyocr,llama,6,0,0,0,6,0.0,0.0,0.0,0,,,,,104.999427926,1
publimetro_2019-11-12_1,13,none,,none_grayscale,docling_rapidocr,llama,6,0,0,0,6,0.0,0.0,0.0,0,,,,,44.738458287,1
publimetro_2019-11-12_1,13,none,,otsu,docling_easyocr,llama,6,0,0,0,6,0.0,0.0,0.0,0,,,,,104.793121852,1
publimetro_2019-11-12_1,13,none,,otsu,docling_rapidocr,llama,6,0,0,0,6,0.0,0.0,0.0,0,,,,,44.183574475,1
publimetro_2019-11-12_1,14,none,,adaptive_gaussian,docling_easyocr,llama,6,0,0,0,6,0.0,0.0,0.0,0,,,,,107.01989945,1
publimetro_2019-11-12_1,14,none,,adaptive_gaussian,docling_rapidocr,llama,6,0,0,0,6,0.0,0.0,0.0,0,,,,,43.198734365,1
publimetro_2019-11-12_1,14,none,,adaptive_mean,docling_easyocr,llama,6,0,0,0,6,0.0,0.0,0.0,0,,,,,107.36431442,1
publimetro_2019-11-12_1,14,none,,adaptive_mean,docling_rapidocr,llama,6,0,0,0,6,0.0,0.0,0.0,0,,,,,43.756930692,1
publimetro_2019-11-12_1,14,none,,basic,docling_easyocr,llama,6,0,0,0,6,0.0,0.0,0.0,0,,,,,102.81609049,1
publimetro_2019-11-12_1,14,none,,basic,docling_rapidocr,llama,6,0,0,0,6,0.0,0.0,0.0,0,,,,,44.095972682,1
publimetro_2019-11-12_1,14,none,,niblack,docling_easyocr,llama,6,0,0,0,6,0.0,0.0,0.0,0,,,,,99.344863601,1
publimetro_2019-11-12_1,14,none,,niblack,docling_rapidocr,llama,6,0,0,0,6,0.0,0.0,0.0,0,,,,,41.530029245,1
publimetro_2019-11-12_1,14,none,,none_color,docling_easyocr,llama,6,0,0,0,6,0.0,0.0,0.0,0,,,,,104.776470972,1
publimetro_2019-11-12_1,14,none,,none_color,docling_rapidocr,llama,6,0,0,0,6,0.0,0.0,0.0,0,,,,,44.174135995,1
publimetro_2019-11-12_1,14,none,,none_grayscale,docling_easyocr,llama,6,0,0,0,6,0.0,0.0,0.0,0,,,,,110.358337951,1
publimetro_2019-11-12_1,14,none,,none_grayscale,docling_rapidocr,llama,6,0,0,0,6,0.0,0.0,0.0,0,,,,,43.845407319,1
publimetro_2019-11-12_1,14,none,,otsu,docling_easyocr,llama,6,0,0,0,6,0.0,0.0,0.0,0,,,,,105.642068841,1
publimetro_2019-11-12_1,14,none,,otsu,docling_rapidocr,llama,6,0,0,0,6,0.0,0.0,0.0,0,,,,,44.805110433,1
publimetro_2019-11-12_1,15,none,,adaptive_gaussian,docling_easyocr,llama,6,0,0,0,6,0.0,0.0,0.0,0,,,,,78.925202789,1
publimetro_2019-11-12_1,15,none,,adaptive_gaussian,docling_rapidocr,llama,6,0,0,0,6,0.0,0.0,0.0,0,,,,,10.972944202,1
publimetro_2019-11-12_1,15,none,,adaptive_mean,docling_easyocr,llama,6,0,0,0,6,0.0,0.0,0.0,0,,,,,77.789855609,1
publimetro_2019-11-12_1,15,none,,adaptive_mean,docling_rapidocr,llama,6,0,0,0,6,0.0,0.0,0.0,0,,,,,11.768580566,1
publimetro_2019-11-12_1,15,none,,basic,docling_easyocr,llama,6,0,0,0,6,0.0,0.0,0.0,0,,,,,73.933273963,1
publimetro_2019-11-12_1,15,none,,basic,docling_rapidocr,llama,6,0,0,0,6,0.0,0.0,0.0,0,,,,,14.196128301,1
publimetro_2019-11-12_1,15,none,,niblack,docling_easyocr,llama,6,0,0,0,6,0.0,0.0,0.0,0,,,,,67.375678628,1
publimetro_2019-11-12_1,15,none,,niblack,docling_rapidocr,llama,6,0,0,0,6,0.0,0.0,0.0,0,,,,,11.638008922,1
publimetro_2019-11-12_1,15,none,,none_color,docling_easyocr,llama,6,0,0,0,6,0.0,0.0,0.0,0,,,,,76.466856101,1
publimetro_2019-11-12_1,15,none,,none_color,docling_rapidocr,llama,6,0,0,0,6,0.0,0.0,0.0,0,,,,,15.183509448,1
publimetro_2019-11-12_1,15,none,,none_grayscale,docling_easyocr,llama,6,0,0,0,6,0.0,0.0,0.0,0,,,,,77.285734586,1
publimetro_2019-11-12_1,15,none,,none_grayscale,docling_rapidocr,llama,6,0,0,0,6,0.0,0.0,0.0,0,,,,,15.392913036,1
publimetro_2019-11-12_1,15,none,,otsu,docling_easyocr,llama,6,0,0,0,6,0.0,0.0,0.0,0,,,,,76.314040262,1
publimetro_2019-11-12_1,15,none,,otsu,docling_rapidocr,llama,6,0,0,0,6,0.0,0.0,0.0,0,,,,,14.490418512,1
publimetro_2019-11-12_1,16,none,,adaptive_gaussian,docling_easyocr,llama,6,0,0,0,6,0.0,0.0,0.0,0,,,,,73.430694957,1
publimetro_2019-11-12_1,16,none,,adaptive_gaussian,docling_rapidocr,llama,6,0,0,0,6,0.0,0.0,0.0,0,,,,,9.84196486,1
publimetro_2019-11-12_1,16,none,,adaptive_mean,docling_easyocr,llama,6,0,0,0,6,0.0,0.0,0.0,0,,,,,80.214642539,1
publimetro_2019-11-12_1,16,none,,adaptive_mean,docling_rapidocr,llama,6,0,0,0,6,0.0,0.0,0.0,0,,,,,11.143856063,1
publimetro_2019-11-12_1,16,none,,basic,docling_easyocr,llama,6,0,0,0,6,0.0,0.0,0.0,0,,,,,76.332880077,1
publimetro_2019-11-12_1,16,none,,basic,docling_rapidocr,llama,6,0,0,0,6,0.0,0.0,0.0,0,,,,,14.921311197,1
publimetro_2019-11-12_1,16,none,,niblack,docling_easyocr,llama,6,0,0,0,6,0.0,0.0,0.0,0,,,,,67.806754449,1
publimetro_2019-11-12_1,16,none,,niblack,docling_rapidocr,llama,6,0,0,0,6,0.0,0.0,0.0,0,,,,,11.466487983,1
publimetro_2019-11-12_1,16,none,,none_color,docling_easyocr,llama,6,0,0,0,6,0.0,0.0,0.0,0,,,,,75.565793022,1
publimetro_2019-11-12_1,16,none,,none_color,docling_rapidocr,llama,6,0,0,0,6,0.0,0.0,0.0,0,,,,,15.656257852,1
publimetro_2019-11-12_1,16,none,,none_grayscale,docling_easyocr,llama,6,0,0,0,6,0.0,0.0,0.0,0,,,,,79.069138822,1
publimetro_2019-11-12_1,16,none,,none_grayscale,docling_rapidocr,llama,6,0,0,0,6,0.0,0.0,0.0,0,,,,,15.108314809,1
publimetro_2019-11-12_1,16,none,,otsu,docling_easyocr,llama,6,0,0,0,6,0.0,0.0,0.0,0,,,,,77.486861192,1
publimetro_2019-11-12_1,16,none,,otsu,docling_rapidocr,llama,6,0,0,0,6,0.0,0.0,0.0,0,,,,,15.538006269,1
publimetro_2019-11-12_1,17,none,,adaptive_gaussian,docling_easyocr,llama,6,0,0,0,6,0.0,0.0,0.0,0,,,,,76.240604944,1
publimetro_2019-11-12_1,17,none,,adaptive_gaussian,docling_rapidocr,llama,6,0,0,0,6,0.0,0.0,0.0,0,,,,,10.801127262,1
publimetro_2019-11-12_1,17,none,,adaptive_mean,docling_easyocr,llama,6,0,0,0,6,0.0,0.0,0.0,0,,,,,76.563757911,1
publimetro_2019-11-12_1,17,none,,adaptive_mean,docling_rapidocr,llama,6,0,0,0,6,0.0,0.0,0.0,0,,,,,11.116148963,1
publimetro_2019-11-12_1,17,none,,basic,docling_easyocr,llama,6,0,0,0,6,0.0,0.0,0.0,0,,,,,73.753896842,1
publimetro_2019-11-12_1,17,none,,basic,docling_rapidocr,llama,6,0,0,0,6,0.0,0.0,0.0,0,,,,,11.321392188,1
publimetro_2019-11-12_1,17,none,,niblack,docling_easyocr,llama,6,0,0,0,6,0.0,0.0,0.0,0,,,,,66.620931009,1
publimetro_2019-11-12_1,17,none,,niblack,docling_rapidocr,llama,6,0,0,0,6,0.0,0.0,0.0,0,,,,,10.585816959,1
publimetro_2019-11-12_1,17,none,,none_color,docling_easyocr,llama,6,0,0,0,6,0.0,0.0,0.0,0,,,,,76.014764127,1
publimetro_2019-11-12_1,17,none,,none_color,docling_rapidocr,llama,6,0,0,0,6,0.0,0.0,0.0,0,,,,,15.679048833,1
publimetro_2019-11-12_1,17,none,,none_grayscale,docling_easyocr,llama,6,0,0,0,6,0.0,0.0,0.0,0,,,,,75.728595075,1
publimetro_2019-11-12_1,17,none,,none_grayscale,docling_rapidocr,llama,6,0,0,0,6,0.0,0.0,0.0,0,,,,,15.837635574,1
publimetro_2019-11-12_1,17,none,,otsu,docling_easyocr,llama,6,0,0,0,6,0.0,0.0,0.0,0,,,,,76.466107093,1
publimetro_2019-11-12_1,17,none,,otsu,docling_rapidocr,llama,6,0,0,0,6,0.0,0.0,0.0,0,,,,,14.592591011,1
publimetro_2019-11-12_1,18,none,,adaptive_gaussian,docling_rapidocr,llama,6,0,0,0,6,0.0,0.0,0.0,0,,,,,11.396544035,1
publimetro_2019-11-12_1,18,none,,adaptive_mean,docling_easyocr,llama,6,0,0,0,6,0.0,0.0,0.0,0,,,,,68.752009468,1
publimetro_2019-11-12_1,18,none,,adaptive_mean,docling_rapidocr,llama,6,0,0,0,6,0.0,0.0,0.0,0,,,,,12.209524469,1
publimetro_2019-11-12_1,18,none,,basic,docling_easyocr,llama,6,0,0,0,6,0.0,0.0,0.0,0,,,,,66.901669144,1
publimetro_2019-11-12_1,18,none,,basic,docling_rapidocr,llama,6,0,0,0,6,0.0,0.0,0.0,0,,,,,10.519929289,1
publimetro_2019-11-12_1,18,none,,niblack,docling_easyocr,llama,6,0,0,0,6,0.0,0.0,0.0,0,,,,,68.199067608,1
publimetro_2019-11-12_1,18,none,,otsu,docling_easyocr,llama,6,0,0,0,6,0.0,0.0,0.0,0,,,,,63.313977194,1
publimetro_2019-11-12_1,18,none,,otsu,docling_rapidocr,llama,6,0,0,0,6,0.0,0.0,0.0,0,,,,,11.47266407,1
publimetro_2019-11-12_1,19,none,,adaptive_gaussian,docling_easyocr,llama,6,0,0,0,6,0.0,0.0,0.0,0,,,,,61.043062338,1
publimetro_2019-11-12_1,19,none,,adaptive_gaussian,docling_rapidocr,llama,6,0,0,0,6,0.0,0.0,0.0,0,,,,,9.976627239,1
publimetro_2019-11-12_1,19,none,,adaptive_mean,docling_easyocr,llama,6,0,0,0,6,0.0,0.0,0.0,0,,,,,68.291170839,1
publimetro_2019-11-12_1,19,none,,adaptive_mean,docling_rapidocr,llama,6,0,0,0,6,0.0,0.0,0.0,0,,,,,12.260330204,1
publimetro_2019-11-12_1,19,none,,basic,docling_easyocr,llama,6,0,0,0,6,0.0,0.0,0.0,0,,,,,68.48414719,1
publimetro_2019-11-12_1,19,none,,basic,docling_rapidocr,llama,6,0,0,0,6,0.0,0.0,0.0,0,,,,,10.728263258,1
publimetro_2019-11-12_1,19,none,,niblack,docling_easyocr,llama,6,0,0,0,6,0.0,0.0,0.0,0,,,,,61.03743762,1
publimetro_2019-11-12_1,19,none,,otsu,docling_easyocr,llama,6,0,0,0,6,0.0,0.0,0.0,0,,,,,59.192255854,1
publimetro_2019-11-12_1,19,none,,otsu,docling_rapidocr,llama,6,0,0,0,6,0.0,0.0,0.0,0,,,,,9.707232832,1
publimetro_2019-11-12_1,19,none,,yannihorne,docling_easyocr,llama,6,0,0,0,6,0.0,0.0,0.0,0,,,,,67.366811943,1
publimetro_2019-11-12_1,19,none,,yannihorne,docling_rapidocr,llama,6,0,0,0,6,0.0,0.0,0.0,0,,,,,10.130779934,1
publimetro_2019-11-12_1,20,none,,adaptive_gaussian,docling_rapidocr,llama,6,0,0,0,6,0.0,0.0,0.0,0,,,,,12.390180674,1
publimetro_2019-11-12_1,20,none,,adaptive_mean,docling_easyocr,llama,6,0,0,0,6,0.0,0.0,0.0,0,,,,,68.319589338,1
publimetro_2019-11-12_1,20,none,,adaptive_mean,docling_rapidocr,llama,6,0,0,0,6,0.0,0.0,0.0,0,,,,,12.231533489,1
publimetro_2019-11-12_1,20,none,,basic,docling_easyocr,llama,6,0,0,0,6,0.0,0.0,0.0,0,,,,,60.581674652,1
publimetro_2019-11-12_1,20,none,,basic,docling_rapidocr,llama,6,0,0,0,6,0.0,0.0,0.0,0,,,,,10.290675478,1
publimetro_2019-11-12_1,20,none,,niblack,docling_easyocr,llama,6,0,0,0,6,0.0,0.0,0.0,0,,,,,68.779660105,1
publimetro_2019-11-12_1,20,none,,otsu,docling_easyocr,llama,6,0,0,0,6,0.0,0.0,0.0,0,,,,,59.383643465,1
publimetro_2019-11-12_1,20,none,,otsu,docling_rapidocr,llama,6,0,0,0,6,0.0,0.0,0.0,0,,,,,10.865209179,1
publimetro_2019-11-12_1,21,none,,adaptive_gaussian,docling_easyocr,llama,6,0,0,0,6,0.0,0.0,0.0,0,,,,,157.276323946,1
publimetro_2019-11-12_1,21,none,,adaptive_gaussian,docling_rapidocr,llama,6,0,0,0,6,0.0,0.0,0.0,0,,,,,94.750788124,1
publimetro_2019-11-12_1,21,none,,adaptive_mean,docling_easyocr,llama,6,0,0,0,6,0.0,0.0,0.0,0,,,,,159.375176695,1
publimetro_2019-11-12_1,21,none,,adaptive_mean,docling_rapidocr,llama,6,0,0,0,6,0.0,0.0,0.0,0,,,,,95.001072672,1
publimetro_2019-11-12_1,21,none,,basic,docling_easyocr,llama,6,0,0,0,6,0.0,0.0,0.0,0,,,,,150.251247475,1
publimetro_2019-11-12_1,21,none,,basic,docling_rapidocr,llama,6,0,0,0,6,0.0,0.0,0.0,0,,,,,94.910407135,1
publimetro_2019-11-12_1,21,none,,niblack,docling_easyocr,llama,6,0,0,0,6,0.0,0.0,0.0,0,,,,,151.371668543,1
publimetro_2019-11-12_1,21,none,,niblack,docling_rapidocr,llama,6,0,0,0,6,0.0,0.0,0.0,0,,,,,93.681506361,1
publimetro_2019-11-12_1,21,none,,none_color,docling_easyocr,llama,6,0,0,0,6,0.0,0.0,0.0,0,,,,,159.231587406,1
publimetro_2019-11-12_1,21,none,,none_color,docling_rapidocr,llama,6,0,0,0,6,0.0,0.0,0.0,0,,,,,93.422587391,1
publimetro_2019-11-12_1,21,none,,none_grayscale,docling_easyocr,llama,6,0,0,0,6,0.0,0.0,0.0,0,,,,,157.955127951,1
publimetro_2019-11-12_1,21,none,,none_grayscale,docling_rapidocr,llama,6,0,0,0,6,0.0,0.0,0.0,0,,,,,94.221016165,1
publimetro_2019-11-12_1,21,none,,otsu,docling_easyocr,llama,6,0,0,0,6,0.0,0.0,0.0,0,,,,,158.270050667,1
publimetro_2019-11-12_1,21,none,,otsu,docling_rapidocr,llama,6,0,0,0,6,0.0,0.0,0.0,0,,,,,94.114080093,1
publimetro_2019-11-12_1,22,none,,adaptive_gaussian,docling_easyocr,llama,6,0,0,0,6,0.0,0.0,0.0,0,,,,,157.266147841,1
publimetro_2019-11-12_1,22,none,,adaptive_gaussian,docling_rapidocr,llama,6,0,0,0,6,0.0,0.0,0.0,0,,,,,94.361684073,1
publimetro_2019-11-12_1,22,none,,adaptive_mean,docling_easyocr,llama,6,0,0,0,6,0.0,0.0,0.0,0,,,,,157.259840353,1
publimetro_2019-11-12_1,22,none,,adaptive_mean,docling_rapidocr,llama,6,0,0,0,6,0.0,0.0,0.0,0,,,,,95.496316536,1
publimetro_2019-11-12_1,22,none,,basic,docling_easyocr,llama,6,0,0,0,6,0.0,0.0,0.0,0,,,,,159.287849406,1
publimetro_2019-11-12_1,22,none,,basic,docling_rapidocr,llama,6,0,0,0,6,0.0,0.0,0.0,0,,,,,95.353546599,1
publimetro_2019-11-12_1,22,none,,niblack,docling_easyocr,llama,6,0,0,0,6,0.0,0.0,0.0,0,,,,,150.612802641,1
publimetro_2019-11-12_1,22,none,,niblack,docling_rapidocr,llama,6,0,0,0,6,0.0,0.0,0.0,0,,,,,92.027362721,1
publimetro_2019-11-12_1,22,none,,none_color,docling_easyocr,llama,6,0,0,0,6,0.0,0.0,0.0,0,,,,,150.67230263,1
publimetro_2019-11-12_1,22,none,,none_color,docling_rapidocr,llama,6,0,0,0,6,0.0,0.0,0.0,0,,,,,95.23496547,1
publimetro_2019-11-12_1,22,none,,none_grayscale,docling_easyocr,llama,6,0,0,0,6,0.0,0.0,0.0,0,,,,,157.939159539,1
publimetro_2019-11-12_1,22,none,,none_grayscale,docling_rapidocr,llama,6,0,0,0,6,0.0,0.0,0.0,0,,,,,94.98601475,1
publimetro_2019-11-12_1,22,none,,otsu,docling_easyocr,llama,6,0,0,0,6,0.0,0.0,0.0,0,,,,,159.398880295,1
publimetro_2019-11-12_1,22,none,,otsu,docling_rapidocr,llama,6,0,0,0,6,0.0,0.0,0.0,0,,,,,93.653490834,1
publimetro_2019-11-12_1,23,none,,adaptive_gaussian,docling_easyocr,llama,6,0,0,0,6,0.0,0.0,0.0,0,,,,,157.104808173,1
publimetro_2019-11-12_1,23,none,,adaptive_gaussian,docling_rapidocr,llama,6,0,0,0,6,0.0,0.0,0.0,0,,,,,95.024210057,1
publimetro_2019-11-12_1,23,none,,adaptive_mean,docling_easyocr,llama,6,0,0,0,6,0.0,0.0,0.0,0,,,,,159.749788884,1
publimetro_2019-11-12_1,23,none,,adaptive_mean,docling_rapidocr,llama,6,0,0,0,6,0.0,0.0,0.0,0,,,,,95.429940346,1
publimetro_2019-11-12_1,23,none,,basic,docling_easyocr,llama,6,0,0,0,6,0.0,0.0,0.0,0,,,,,156.219584225,1
publimetro_2019-11-12_1,23,none,,basic,docling_rapidocr,llama,6,0,0,0,6,0.0,0.0,0.0,0,,,,,94.742555378,1
publimetro_2019-11-12_1,23,none,,niblack,docling_easyocr,llama,6,0,0,0,6,0.0,0.0,0.0,0,,,,,151.064642802,1
publimetro_2019-11-12_1,23,none,,niblack,docling_rapidocr,llama,6,0,0,0,6,0.0,0.0,0.0,0,,,,,93.031347886,1
publimetro_2019-11-12_1,23,none,,none_color,docling_easyocr,llama,6,0,0,0,6,0.0,0.0,0.0,0,,,,,157.918705628,1
publimetro_2019-11-12_1,23,none,,none_color,docling_rapidocr,llama,6,0,0,0,6,0.0,0.0,0.0,0,,,,,95.370262311,1
publimetro_2019-11-12_1,23,none,,none_grayscale,docling_easyocr,llama,6,0,0,0,6,0.0,0.0,0.0,0,,,,,157.876388953,1
publimetro_2019-11-12_1,23,none,,none_grayscale,docling_rapidocr,llama,6,0,0,0,6,0.0,0.0,0.0,0,,,,,95.704998181,1
publimetro_2019-11-12_1,23,none,,otsu,docling_easyocr,llama,6,0,0,0,6,0.0,0.0,0.0,0,,,,,147.185072016,1
publimetro_2019-11-12_1,23,none,,otsu,docling_rapidocr,llama,6,0,0,0,6,0.0,0.0,0.0,0,,,,,96.312722516,1
publimetro_2019-11-12_1,24,none,,adaptive_gaussian,docling_easyocr,llama,6,0,0,0,6,0.0,0.0,0.0,0,,,,,77.740590458,1
publimetro_2019-11-12_1,24,none,,adaptive_gaussian,docling_rapidocr,llama,6,0,0,0,6,0.0,0.0,0.0,0,,,,,14.286695366,1
publimetro_2019-11-12_1,24,none,,adaptive_mean,docling_easyocr,llama,6,0,0,0,6,0.0,0.0,0.0,0,,,,,74.87750776,1
publimetro_2019-11-12_1,24,none,,adaptive_mean,docling_rapidocr,llama,6,0,0,0,6,0.0,0.0,0.0,0,,,,,14.928691937,1
publimetro_2019-11-12_1,24,none,,basic,docling_easyocr,llama,6,0,0,0,6,0.0,0.0,0.0,0,,,,,75.41337852,1
publimetro_2019-11-12_1,24,none,,basic,docling_rapidocr,llama,6,0,0,0,6,0.0,0.0,0.0,0,,,,,14.647947592,1
publimetro_2019-11-12_1,24,none,,niblack,docling_easyocr,llama,6,0,0,0,6,0.0,0.0,0.0,0,,,,,61.042281474,1
publimetro_2019-11-12_1,24,none,,niblack,docling_rapidocr,llama,6,0,0,0,6,0.0,0.0,0.0,0,,,,,10.801867808,1
publimetro_2019-11-12_1,24,none,,none_color,docling_easyocr,llama,6,0,0,0,6,0.0,0.0,0.0,0,,,,,75.874608725,1
publimetro_2019-11-12_1,24,none,,none_color,docling_rapidocr,llama,6,0,0,0,6,0.0,0.0,0.0,0,,,,,16.450548619,1
publimetro_2019-11-12_1,24,none,,none_grayscale,docling_easyocr,llama,6,0,0,0,6,0.0,0.0,0.0,0,,,,,75.713282151,1
publimetro_2019-11-12_1,24,none,,none_grayscale,docling_rapidocr,llama,6,0,0,0,6,0.0,0.0,0.0,0,,,,,16.449983639,1
publimetro_2019-11-12_1,24,none,,otsu,docling_easyocr,llama,6,0,0,0,6,0.0,0.0,0.0,0,,,,,76.874379345,1
publimetro_2019-11-12_1,24,none,,otsu,docling_rapidocr,llama,6,0,0,0,6,0.0,0.0,0.0,0,,,,,13.062336632,1
publimetro_2019-11-12_1,25,none,,adaptive_gaussian,docling_easyocr,llama,6,0,0,0,6,0.0,0.0,0.0,0,,,,,69.433413113,1
publimetro_2019-11-12_1,25,none,,adaptive_gaussian,docling_rapidocr,llama,6,0,0,0,6,0.0,0.0,0.0,0,,,,,12.767918194,1
publimetro_2019-11-12_1,25,none,,adaptive_mean,docling_easyocr,llama,6,0,0,0,6,0.0,0.0,0.0,0,,,,,76.599475655,1
publimetro_2019-11-12_1,25,none,,adaptive_mean,docling_rapidocr,llama,6,0,0,0,6,0.0,0.0,0.0,0,,,,,14.887387547,1
publimetro_2019-11-12_1,25,none,,basic,docling_easyocr,llama,6,0,0,0,6,0.0,0.0,0.0,0,,,,,77.304553822,1
publimetro_2019-11-12_1,25,none,,basic,docling_rapidocr,llama,6,0,0,0,6,0.0,0.0,0.0,0,,,,,15.650882557,1
publimetro_2019-11-12_1,25,none,,niblack,docling_easyocr,llama,6,0,0,0,6,0.0,0.0,0.0,0,,,,,60.275091765,1
publimetro_2019-11-12_1,25,none,,niblack,docling_rapidocr,llama,6,0,0,0,6,0.0,0.0,0.0,0,,,,,11.478270171,1
publimetro_2019-11-12_1,25,none,,none_color,docling_easyocr,llama,6,0,0,0,6,0.0,0.0,0.0,0,,,,,76.15569401,1
publimetro_2019-11-12_1,25,none,,none_color,docling_rapidocr,llama,6,0,0,0,6,0.0,0.0,0.0,0,,,,,15.346200469,1
publimetro_2019-11-12_1,25,none,,none_grayscale,docling_easyocr,llama,6,0,0,0,6,0.0,0.0,0.0,0,,,,,76.056408242,1
publimetro_2019-11-12_1,25,none,,none_grayscale,docling_rapidocr,llama,6,0,0,0,6,0.0,0.0,0.0,0,,,,,14.879708127,1
publimetro_2019-11-12_1,25,none,,otsu,docling_easyocr,llama,6,0,0,0,6,0.0,0.0,0.0,0,,,,,76.33091877,1
publimetro_2019-11-12_1,25,none,,otsu,docling_rapidocr,llama,6,0,0,0,6,0.0,0.0,0.0,0,,,,,13.175068598,1
publimetro_2019-11-12_1,26,none,,adaptive_gaussian,docling_easyocr,llama,6,0,0,0,6,0.0,0.0,0.0,0,,,,,77.224898677,1
publimetro_2019-11-12_1,26,none,,adaptive_gaussian,docling_rapidocr,llama,6,0,0,0,6,0.0,0.0,0.0,0,,,,,14.366383653,1
publimetro_2019-11-12_1,26,none,,adaptive_mean,docling_easyocr,llama,6,0,0,0,6,0.0,0.0,0.0,0,,,,,71.007650663,1
publimetro_2019-11-12_1,26,none,,adaptive_mean,docling_rapidocr,llama,6,0,0,0,6,0.0,0.0,0.0,0,,,,,13.821947385,1
publimetro_2019-11-12_1,26,none,,basic,docling_easyocr,llama,6,0,0,0,6,0.0,0.0,0.0,0,,,,,75.367879077,1
publimetro_2019-11-12_1,26,none,,basic,docling_rapidocr,llama,6,0,0,0,6,0.0,0.0,0.0,0,,,,,14.863079711,1
publimetro_2019-11-12_1,26,none,,niblack,docling_easyocr,llama,6,0,0,0,6,0.0,0.0,0.0,0,,,,,63.818372361,1
publimetro_2019-11-12_1,26,none,,niblack,docling_rapidocr,llama,6,0,0,0,6,0.0,0.0,0.0,0,,,,,12.233939759,1
publimetro_2019-11-12_1,26,none,,none_color,docling_easyocr,llama,6,0,0,0,6,0.0,0.0,0.0,0,,,,,74.657136604,1
publimetro_2019-11-12_1,26,none,,none_color,docling_rapidocr,llama,6,0,0,0,6,0.0,0.0,0.0,0,,,,,13.286171838,1
publimetro_2019-11-12_1,26,none,,none_grayscale,docling_easyocr,llama,6,0,0,0,6,0.0,0.0,0.0,0,,,,,75.468414397,1
publimetro_2019-11-12_1,26,none,,none_grayscale,docling_rapidocr,llama,6,0,0,0,6,0.0,0.0,0.0,0,,,,,15.528260322,1
publimetro_2019-11-12_1,26,none,,otsu,docling_easyocr,llama,6,0,0,0,6,0.0,0.0,0.0,0,,,,,76.103443858,1
publimetro_2019-11-12_1,26,none,,otsu,docling_rapidocr,llama,6,0,0,0,6,0.0,0.0,0.0,0,,,,,12.629770991,1
publimetro_2019-11-12_1,27,none,,adaptive_gaussian,docling_easyocr,llama,6,0,0,0,6,0.0,0.0,0.0,0,,,,,77.129555566,1
publimetro_2019-11-12_1,27,none,,adaptive_gaussian,docling_rapidocr,llama,6,0,0,0,6,0.0,0.0,0.0,0,,,,,14.13405667,1
publimetro_2019-11-12_1,27,none,,adaptive_mean,docling_easyocr,llama,6,0,0,0,6,0.0,0.0,0.0,0,,,,,79.565088395,1
publimetro_2019-11-12_1,27,none,,adaptive_mean,docling_rapidocr,llama,6,0,0,0,6,0.0,0.0,0.0,0,,,,,14.82455862,1
publimetro_2019-11-12_1,27,none,,basic,docling_easyocr,llama,6,0,0,0,6,0.0,0.0,0.0,0,,,,,67.00052366,1
publimetro_2019-11-12_1,27,none,,basic,docling_rapidocr,llama,6,0,0,0,6,0.0,0.0,0.0,0,,,,,14.854733321,1
publimetro_2019-11-12_1,27,none,,niblack,docling_easyocr,llama,6,0,0,0,6,0.0,0.0,0.0,0,,,,,70.176925721,1
publimetro_2019-11-12_1,27,none,,niblack,docling_rapidocr,llama,6,0,0,0,6,0.0,0.0,0.0,0,,,,,11.800607267,1
publimetro_2019-11-12_1,27,none,,none_color,docling_easyocr,llama,6,0,0,0,6,0.0,0.0,0.0,0,,,,,66.19408538,1
publimetro_2019-11-12_1,27,none,,none_color,docling_rapidocr,llama,6,0,0,0,6,0.0,0.0,0.0,0,,,,,13.141580363,1
publimetro_2019-11-12_1,27,none,,none_grayscale,docling_easyocr,llama,6,0,0,0,6,0.0,0.0,0.0,0,,,,,75.83616862,1
publimetro_2019-11-12_1,27,none,,none_grayscale,docling_rapidocr,llama,6,0,0,0,6,0.0,0.0,0.0,0,,,,,15.504110191,1
publimetro_2019-11-12_1,27,none,,otsu,docling_easyocr,llama,6,0,0,0,6,0.0,0.0,0.0,0,,,,,67.850091933,1
publimetro_2019-11-12_1,27,none,,otsu,docling_rapidocr,llama,6,0,0,0,6,0.0,0.0,0.0,0,,,,,13.8200922,1
publimetro_2019-11-12_1,27,none,,yannihorne,docling_easyocr,llama,6,0,0,0,6,0.0,0.0,0.0,0,,,,,67.777222394,1
publimetro_2019-11-12_1,27,none,,yannihorne,docling_rapidocr,llama,6,0,0,0,6,0.0,0.0,0.0,0,,,,,12.425498008,1
publimetro_2019-11-12_1,28,none,,adaptive_gaussian,docling_easyocr,llama,6,0,0,0,6,0.0,0.0,0.0,0,,,,,76.014992152,1
publimetro_2019-11-12_1,28,none,,adaptive_gaussian,docling_rapidocr,llama,6,0,0,0,6,0.0,0.0,0.0,0,,,,,13.196951066,1
publimetro_2019-11-12_1,28,none,,adaptive_mean,docling_easyocr,llama,6,0,0,0,6,0.0,0.0,0.0,0,,,,,67.10055178,1
publimetro_2019-11-12_1,28,none,,adaptive_mean,docling_rapidocr,llama,6,0,0,0,6,0.0,0.0,0.0,0,,,,,14.080226119,1
publimetro_2019-11-12_1,28,none,,basic,docling_easyocr,llama,6,0,0,0,6,0.0,0.0,0.0,0,,,,,75.086670615,1
publimetro_2019-11-12_1,28,none,,basic,docling_rapidocr,llama,6,0,0,0,6,0.0,0.0,0.0,0,,,,,14.345469215,1
publimetro_2019-11-12_1,28,none,,niblack,docling_easyocr,llama,6,0,0,0,6,0.0,0.0,0.0,0,,,,,66.012069795,1
publimetro_2019-11-12_1,28,none,,niblack,docling_rapidocr,llama,6,0,0,0,6,0.0,0.0,0.0,0,,,,,10.463607404,1
publimetro_2019-11-12_1,28,none,,none_color,docling_easyocr,llama,6,0,0,0,6,0.0,0.0,0.0,0,,,,,65.490329337,1
publimetro_2019-11-12_1,28,none,,none_color,docling_rapidocr,llama,6,0,0,0,6,0.0,0.0,0.0,0,,,,,15.269638848,1
publimetro_2019-11-12_1,28,none,,none_grayscale,docling_easyocr,llama,6,0,0,0,6,0.0,0.0,0.0,0,,,,,76.135091687,1
publimetro_2019-11-12_1,28,none,,none_grayscale,docling_rapidocr,llama,6,0,0,0,6,0.0,0.0,0.0,0,,,,,13.8177413,1
publimetro_2019-11-12_1,28,none,,otsu,docling_easyocr,llama,6,0,0,0,6,0.0,0.0,0.0,0,,,,,76.448849967,1
publimetro_2019-11-12_1,28,none,,otsu,docling_rapidocr,llama,6,0,0,0,6,0.0,0.0,0.0,0,,,,,14.325401357,1
publimetro_2019-11-12_1,29,none,,adaptive_gaussian,docling_easyocr,llama,6,0,0,0,6,0.0,0.0,0.0,0,,,,,77.374244128,1
publimetro_2019-11-12_1,29,none,,adaptive_gaussian,docling_rapidocr,llama,6,0,0,0,6,0.0,0.0,0.0,0,,,,,12.222679769,1
publimetro_2019-11-12_1,29,none,,adaptive_mean,docling_easyocr,llama,6,0,0,0,6,0.0,0.0,0.0,0,,,,,68.113869054,1
publimetro_2019-11-12_1,29,none,,adaptive_mean,docling_rapidocr,llama,6,0,0,0,6,0.0,0.0,0.0,0,,,,,13.887812001,1
publimetro_2019-11-12_1,29,none,,basic,docling_easyocr,llama,6,0,0,0,6,0.0,0.0,0.0,0,,,,,67.276066281,1
publimetro_2019-11-12_1,29,none,,basic,docling_rapidocr,llama,6,0,0,0,6,0.0,0.0,0.0,0,,,,,14.391100385,1
publimetro_2019-11-12_1,29,none,,niblack,docling_easyocr,llama,6,0,0,0,6,0.0,0.0,0.0,0,,,,,70.351584911,1
publimetro_2019-11-12_1,29,none,,niblack,docling_rapidocr,llama,6,0,0,0,6,0.0,0.0,0.0,0,,,,,12.249161243,1
publimetro_2019-11-12_1,29,none,,none_color,docling_easyocr,llama,6,0,0,0,6,0.0,0.0,0.0,0,,,,,68.758181001,1
publimetro_2019-11-12_1,29,none,,none_color,docling_rapidocr,llama,6,0,0,0,6,0.0,0.0,0.0,0,,,,,13.53332677,1
publimetro_2019-11-12_1,29,none,,none_grayscale,docling_easyocr,llama,6,0,0,0,6,0.0,0.0,0.0,0,,,,,76.170639659,1
publimetro_2019-11-12_1,29,none,,none_grayscale,docling_rapidocr,llama,6,0,0,0,6,0.0,0.0,0.0,0,,,,,14.234113599,1
publimetro_2019-11-12_1,29,none,,otsu,docling_easyocr,llama,6,0,0,0,6,0.0,0.0,0.0,0,,,,,76.168902925,1
publimetro_2019-11-12_1,29,none,,otsu,docling_rapidocr,llama,6,0,0,0,6,0.0,0.0,0.0,0,,,,,12.603062204,1
publimetro_2019-11-12_1,29,none,,yannihorne,docling_easyocr,llama,6,0,0,0,6,0.0,0.0,0.0,0,,,,,62.023240379,1
publimetro_2019-11-12_1,29,none,,yannihorne,docling_rapidocr,llama,6,0,0,0,6,0.0,0.0,0.0,0,,,,,12.12767916,1
publimetro_2019-11-12_1,30,none,,adaptive_gaussian,docling_easyocr,llama,6,0,0,0,6,0.0,0.0,0.0,0,,,,,78.678082236,1
publimetro_2019-11-12_1,30,none,,adaptive_gaussian,docling_rapidocr,llama,6,0,0,0,6,0.0,0.0,0.0,0,,,,,13.796897181,1
publimetro_2019-11-12_1,30,none,,adaptive_mean,docling_easyocr,llama,6,0,0,0,6,0.0,0.0,0.0,0,,,,,65.215258793,1
publimetro_2019-11-12_1,30,none,,adaptive_mean,docling_rapidocr,llama,6,0,0,0,6,0.0,0.0,0.0,0,,,,,13.438020901,1
publimetro_2019-11-12_1,30,none,,basic,docling_easyocr,llama,6,0,0,0,6,0.0,0.0,0.0,0,,,,,75.432479857,1
publimetro_2019-11-12_1,30,none,,basic,docling_rapidocr,llama,6,0,0,0,6,0.0,0.0,0.0,0,,,,,14.83109021,1
publimetro_2019-11-12_1,30,none,,niblack,docling_easyocr,llama,6,0,0,0,6,0.0,0.0,0.0,0,,,,,72.392089097,1
publimetro_2019-11-12_1,30,none,,niblack,docling_rapidocr,llama,6,0,0,0,6,0.0,0.0,0.0,0,,,,,12.708826033,1
publimetro_2019-11-12_1,30,none,,none_color,docling_easyocr,llama,6,0,0,0,6,0.0,0.0,0.0,0,,,,,76.752593205,1
publimetro_2019-11-12_1,30,none,,none_color,docling_rapidocr,llama,6,0,0,0,6,0.0,0.0,0.0,0,,,,,13.737156794,1
publimetro_2019-11-12_1,30,none,,none_grayscale,docling_easyocr,llama,6,0,0,0,6,0.0,0.0,0.0,0,,,,,69.906153677,1
publimetro_2019-11-12_1,30,none,,none_grayscale,docling_rapidocr,llama,6,0,0,0,6,0.0,0.0,0.0,0,,,,,13.755875348,1
publimetro_2019-11-12_1,30,none,,otsu,docling_easyocr,llama,6,0,0,0,6,0.0,0.0,0.0,0,,,,,76.918666983,1
publimetro_2019-11-12_1,30,none,,otsu,docling_rapidocr,llama,6,0,0,0,6,0.0,0.0,0.0,0,,,,,14.918817902,1
publimetro_2019-11-12_1,30,none,,yannihorne,docling_easyocr,llama,6,0,0,0,6,0.0,0.0,0.0,0,,,,,68.98367014,1
publimetro_2019-11-12_1,30,none,,yannihorne,docling_rapidocr,llama,6,0,0,0,6,0.0,0.0,0.0,0,,,,,11.773239756,1
publimetro_2019-11-12_1,31,none,,adaptive_gaussian,docling_easyocr,llama,6,0,0,0,6,0.0,0.0,0.0,0,,,,,77.067161526,1
publimetro_2019-11-12_1,31,none,,adaptive_gaussian,docling_rapidocr,llama,6,0,0,0,6,0.0,0.0,0.0,0,,,,,14.325508084,1
publimetro_2019-11-12_1,31,none,,adaptive_mean,docling_easyocr,llama,6,0,0,0,6,0.0,0.0,0.0,0,,,,,76.953602229,1
publimetro_2019-11-12_1,31,none,,adaptive_mean,docling_rapidocr,llama,6,0,0,0,6,0.0,0.0,0.0,0,,,,,13.827433262,1
publimetro_2019-11-12_1,31,none,,basic,docling_easyocr,llama,6,0,0,0,6,0.0,0.0,0.0,0,,,,,76.291162043,1
publimetro_2019-11-12_1,31,none,,basic,docling_rapidocr,llama,6,0,0,0,6,0.0,0.0,0.0,0,,,,,14.000278025,1
publimetro_2019-11-12_1,31,none,,niblack,docling_easyocr,llama,6,0,0,0,6,0.0,0.0,0.0,0,,,,,70.121499703,1
publimetro_2019-11-12_1,31,none,,niblack,docling_rapidocr,llama,6,0,0,0,6,0.0,0.0,0.0,0,,,,,12.027598546,1
publimetro_2019-11-12_1,31,none,,none_color,docling_easyocr,llama,6,0,0,0,6,0.0,0.0,0.0,0,,,,,69.88658059,1
publimetro_2019-11-12_1,31,none,,none_color,docling_rapidocr,llama,6,0,0,0,6,0.0,0.0,0.0,0,,,,,15.320089224,1
publimetro_2019-11-12_1,31,none,,none_grayscale,docling_easyocr,llama,6,0,0,0,6,0.0,0.0,0.0,0,,,,,76.445861058,1
publimetro_2019-11-12_1,31,none,,none_grayscale,docling_rapidocr,llama,6,0,0,0,6,0.0,0.0,0.0,0,,,,,15.267096238,1
publimetro_2019-11-12_1,31,none,,otsu,docling_easyocr,llama,6,0,0,0,6,0.0,0.0,0.0,0,,,,,77.067580325,1
publimetro_2019-11-12_1,31,none,,otsu,docling_rapidocr,llama,6,0,0,0,6,0.0,0.0,0.0,0,,,,,14.702135664,1
publimetro_2019-11-12_1,31,none,,yannihorne,docling_easyocr,llama,6,0,0,0,6,0.0,0.0,0.0,0,,,,,66.985497338,1
publimetro_2019-11-12_1,31,none,,yannihorne,docling_rapidocr,llama,6,0,0,0,6,0.0,0.0,0.0,0,,,,,11.49475227,1
publimetro_2019-11-12_1,32,none,,adaptive_gaussian,docling_easyocr,llama,6,0,0,0,6,0.0,0.0,0.0,0,,,,,77.341476023,1
publimetro_2019-11-12_1,32,none,,adaptive_gaussian,docling_rapidocr,llama,6,0,0,0,6,0.0,0.0,0.0,0,,,,,11.881122649,1
publimetro_2019-11-12_1,32,none,,adaptive_mean,docling_easyocr,llama,6,0,0,0,6,0.0,0.0,0.0,0,,,,,76.230267056,1
publimetro_2019-11-12_1,32,none,,adaptive_mean,docling_rapidocr,llama,6,0,0,0,6,0.0,0.0,0.0,0,,,,,11.771415242,1
publimetro_2019-11-12_1,32,none,,basic,docling_easyocr,llama,6,0,0,0,6,0.0,0.0,0.0,0,,,,,75.467580203,1
publimetro_2019-11-12_1,32,none,,basic,docling_rapidocr,llama,6,0,0,0,6,0.0,0.0,0.0,0,,,,,14.691201809,1
publimetro_2019-11-12_1,32,none,,niblack,docling_easyocr,llama,6,0,0,0,6,0.0,0.0,0.0,0,,,,,73.265707077,1
publimetro_2019-11-12_1,32,none,,niblack,docling_rapidocr,llama,6,0,0,0,6,0.0,0.0,0.0,0,,,,,12.445292534,1
publimetro_2019-11-12_1,32,none,,none_color,docling_easyocr,llama,6,0,0,0,6,0.0,0.0,0.0,0,,,,,76.132257988,1
publimetro_2019-11-12_1,32,none,,none_color,docling_rapidocr,llama,6,0,0,0,6,0.0,0.0,0.0,0,,,,,14.800842812,1
publimetro_2019-11-12_1,32,none,,none_grayscale,docling_easyocr,llama,6,0,0,0,6,0.0,0.0,0.0,0,,,,,77.677816918,1
publimetro_2019-11-12_1,32,none,,none_grayscale,docling_rapidocr,llama,6,0,0,0,6,0.0,0.0,0.0,0,,,,,15.036699107,1
publimetro_2019-11-12_1,32,none,,otsu,docling_easyocr,llama,6,0,0,0,6,0.0,0.0,0.0,0,,,,,76.693943457,1
publimetro_2019-11-12_1,32,none,,otsu,docling_rapidocr,llama,6,0,0,0,6,0.0,0.0,0.0,0,,,,,14.844702677,1
publimetro_2019-11-12_1,32,none,,yannihorne,docling_easyocr,llama,6,0,0,0,6,0.0,0.0,0.0,0,,,,,69.905372815,1
publimetro_2019-11-12_1,32,none,,yannihorne,docling_rapidocr,llama,6,0,0,0,6,0.0,0.0,0.0,0,,,,,11.471908526,1
publimetro_2019-11-12_1,33,none,,adaptive_gaussian,docling_easyocr,llama,6,0,0,0,6,0.0,0.0,0.0,0,,,,,78.175330885,1
publimetro_2019-11-12_1,33,none,,adaptive_gaussian,docling_rapidocr,llama,6,0,0,0,6,0.0,0.0,0.0,0,,,,,13.233902462,1
publimetro_2019-11-12_1,33,none,,adaptive_mean,docling_easyocr,llama,6,0,0,0,6,0.0,0.0,0.0,0,,,,,76.539262013,1
publimetro_2019-11-12_1,33,none,,adaptive_mean,docling_rapidocr,llama,6,0,0,0,6,0.0,0.0,0.0,0,,,,,13.438865141,1
publimetro_2019-11-12_1,33,none,,basic,docling_easyocr,llama,6,0,0,0,6,0.0,0.0,0.0,0,,,,,71.975006579,1
publimetro_2019-11-12_1,33,none,,basic,docling_rapidocr,llama,6,0,0,0,6,0.0,0.0,0.0,0,,,,,14.115172862,1
publimetro_2019-11-12_1,33,none,,niblack,docling_easyocr,llama,6,0,0,0,6,0.0,0.0,0.0,0,,,,,70.992450392,1
publimetro_2019-11-12_1,33,none,,niblack,docling_rapidocr,llama,6,0,0,0,6,0.0,0.0,0.0,0,,,,,11.788176453,1
publimetro_2019-11-12_1,33,none,,none_color,docling_easyocr,llama,6,0,0,0,6,0.0,0.0,0.0,0,,,,,69.327891037,1
publimetro_2019-11-12_1,33,none,,none_color,docling_rapidocr,llama,6,0,0,0,6,0.0,0.0,0.0,0,,,,,14.080294535,1
publimetro_2019-11-12_1,33,none,,none_grayscale,docling_easyocr,llama,6,0,0,0,6,0.0,0.0,0.0,0,,,,,76.440381287,1
publimetro_2019-11-12_1,33,none,,none_grayscale,docling_rapidocr,llama,6,0,0,0,6,0.0,0.0,0.0,0,,,,,15.736284731,1
publimetro_2019-11-12_1,33,none,,otsu,docling_easyocr,llama,6,0,0,0,6,0.0,0.0,0.0,0,,,,,75.829589987,1
publimetro_2019-11-12_1,33,none,,otsu,docling_rapidocr,llama,6,0,0,0,6,0.0,0.0,0.0,0,,,,,13.631099368,1
publimetro_2019-11-12_1,33,none,,yannihorne,docling_easyocr,llama,6,0,0,0,6,0.0,0.0,0.0,0,,,,,68.35399046,1
publimetro_2019-11-12_1,33,none,,yannihorne,docling_rapidocr,llama,6,0,0,0,6,0.0,0.0,0.0,0,,,,,9.443853522,1
publimetro_2019-11-12_1,34,none,,adaptive_gaussian,docling_easyocr,llama,6,0,0,0,6,0.0,0.0,0.0,0,,,,,78.040787986,1
publimetro_2019-11-12_1,34,none,,adaptive_gaussian,docling_rapidocr,llama,6,0,0,0,6,0.0,0.0,0.0,0,,,,,13.552000573,1
publimetro_2019-11-12_1,34,none,,adaptive_mean,docling_easyocr,llama,6,0,0,0,6,0.0,0.0,0.0,0,,,,,78.830596446,1
publimetro_2019-11-12_1,34,none,,adaptive_mean,docling_rapidocr,llama,6,0,0,0,6,0.0,0.0,0.0,0,,,,,14.837328195,1
publimetro_2019-11-12_1,34,none,,basic,docling_easyocr,llama,6,0,0,0,6,0.0,0.0,0.0,0,,,,,74.744737905,1
publimetro_2019-11-12_1,34,none,,basic,docling_rapidocr,llama,6,0,0,0,6,0.0,0.0,0.0,0,,,,,14.037486356,1
publimetro_2019-11-12_1,34,none,,niblack,docling_easyocr,llama,6,0,0,0,6,0.0,0.0,0.0,0,,,,,62.809682286,1
publimetro_2019-11-12_1,34,none,,niblack,docling_rapidocr,llama,6,0,0,0,6,0.0,0.0,0.0,0,,,,,12.120125688,1
publimetro_2019-11-12_1,34,none,,none_color,docling_easyocr,llama,6,0,0,0,6,0.0,0.0,0.0,0,,,,,68.119276492,1
publimetro_2019-11-12_1,34,none,,none_color,docling_rapidocr,llama,6,0,0,0,6,0.0,0.0,0.0,0,,,,,14.93256828,1
publimetro_2019-11-12_1,34,none,,none_grayscale,docling_easyocr,llama,6,0,0,0,6,0.0,0.0,0.0,0,,,,,75.939904493,1
publimetro_2019-11-12_1,34,none,,none_grayscale,docling_rapidocr,llama,6,0,0,0,6,0.0,0.0,0.0,0,,,,,15.194990438,1
publimetro_2019-11-12_1,34,none,,otsu,docling_easyocr,llama,6,0,0,0,6,0.0,0.0,0.0,0,,,,,75.222201295,1
publimetro_2019-11-12_1,34,none,,otsu,docling_rapidocr,llama,6,0,0,0,6,0.0,0.0,0.0,0,,,,,15.405721135,1
publimetro_2019-11-12_1,34,none,,yannihorne,docling_easyocr,llama,6,0,0,0,6,0.0,0.0,0.0,0,,,,,67.395758815,1
publimetro_2019-11-12_1,34,none,,yannihorne,docling_rapidocr,llama,6,0,0,0,6,0.0,0.0,0.0,0,,,,,11.852883287,1
publimetro_2019-11-12_1,35,none,,adaptive_gaussian,docling_easyocr,llama,6,0,0,0,6,0.0,0.0,0.0,0,,,,,77.894767263,1
publimetro_2019-11-12_1,35,none,,adaptive_gaussian,docling_rapidocr,llama,6,0,0,0,6,0.0,0.0,0.0,0,,,,,14.458425977,1
publimetro_2019-11-12_1,35,none,,adaptive_mean,docling_easyocr,llama,6,0,0,0,6,0.0,0.0,0.0,0,,,,,77.763040303,1
publimetro_2019-11-12_1,35,none,,adaptive_mean,docling_rapidocr,llama,6,0,0,0,6,0.0,0.0,0.0,0,,,,,13.933723926,1
publimetro_2019-11-12_1,35,none,,basic,docling_easyocr,llama,6,0,0,0,6,0.0,0.0,0.0,0,,,,,77.149204772,1
publimetro_2019-11-12_1,35,none,,basic,docling_rapidocr,llama,6,0,0,0,6,0.0,0.0,0.0,0,,,,,13.694132369,1
publimetro_2019-11-12_1,35,none,,niblack,docling_easyocr,llama,6,0,0,0,6,0.0,0.0,0.0,0,,,,,70.608103358,1
publimetro_2019-11-12_1,35,none,,niblack,docling_rapidocr,llama,6,0,0,0,6,0.0,0.0,0.0,0,,,,,11.58907994,1
publimetro_2019-11-12_1,35,none,,none_color,docling_easyocr,llama,6,0,0,0,6,0.0,0.0,0.0,0,,,,,67.376191823,1
publimetro_2019-11-12_1,35,none,,none_color,docling_rapidocr,llama,6,0,0,0,6,0.0,0.0,0.0,0,,,,,15.085939376,1
publimetro_2019-11-12_1,35,none,,none_grayscale,docling_easyocr,llama,6,0,0,0,6,0.0,0.0,0.0,0,,,,,67.954516141,1
publimetro_2019-11-12_1,35,none,,none_grayscale,docling_rapidocr,llama,6,0,0,0,6,0.0,0.0,0.0,0,,,,,15.075953452,1
publimetro_2019-11-12_1,35,none,,otsu,docling_easyocr,llama,6,0,0,0,6,0.0,0.0,0.0,0,,,,,69.576365108,1
publimetro_2019-11-12_1,35,none,,otsu,docling_rapidocr,llama,6,0,0,0,6,0.0,0.0,0.0,0,,,,,13.051572913,1
publimetro_2019-11-12_1,35,none,,yannihorne,docling_easyocr,llama,6,0,0,0,6,0.0,0.0,0.0,0,,,,,67.81998145,1
publimetro_2019-11-12_1,35,none,,yannihorne,docling_rapidocr,llama,6,0,0,0,6,0.0,0.0,0.0,0,,,,,10.833041543,1
publimetro_2019-11-12_1,36,none,,adaptive_gaussian,docling_easyocr,llama,6,0,0,0,6,0.0,0.0,0.0,0,,,,,68.157133506,1
publimetro_2019-11-12_1,36,none,,adaptive_gaussian,docling_rapidocr,llama,6,0,0,0,6,0.0,0.0,0.0,0,,,,,14.089572356,1
publimetro_2019-11-12_1,36,none,,adaptive_mean,docling_easyocr,llama,6,0,0,0,6,0.0,0.0,0.0,0,,,,,77.230888004,1
publimetro_2019-11-12_1,36,none,,adaptive_mean,docling_rapidocr,llama,6,0,0,0,6,0.0,0.0,0.0,0,,,,,11.473021144,1
publimetro_2019-11-12_1,36,none,,basic,docling_easyocr,llama,6,0,0,0,6,0.0,0.0,0.0,0,,,,,68.565192378,1
publimetro_2019-11-12_1,36,none,,basic,docling_rapidocr,llama,6,0,0,0,6,0.0,0.0,0.0,0,,,,,14.358354009,1
publimetro_2019-11-12_1,36,none,,niblack,docling_easyocr,llama,6,0,0,0,6,0.0,0.0,0.0,0,,,,,64.349280461,1
publimetro_2019-11-12_1,36,none,,niblack,docling_rapidocr,llama,6,0,0,0,6,0.0,0.0,0.0,0,,,,,11.859893903,1
publimetro_2019-11-12_1,36,none,,none_color,docling_easyocr,llama,6,0,0,0,6,0.0,0.0,0.0,0,,,,,76.234503114,1
publimetro_2019-11-12_1,36,none,,none_color,docling_rapidocr,llama,6,0,0,0,6,0.0,0.0,0.0,0,,,,,14.504462087,1
publimetro_2019-11-12_1,36,none,,none_grayscale,docling_easyocr,llama,6,0,0,0,6,0.0,0.0,0.0,0,,,,,76.160810865,1
publimetro_2019-11-12_1,36,none,,none_grayscale,docling_rapidocr,llama,6,0,0,0,6,0.0,0.0,0.0,0,,,,,15.017795003,1
publimetro_2019-11-12_1,36,none,,otsu,docling_easyocr,llama,6,0,0,0,6,0.0,0.0,0.0,0,,,,,72.408340993,1
publimetro_2019-11-12_1,36,none,,otsu,docling_rapidocr,llama,6,0,0,0,6,0.0,0.0,0.0,0,,,,,12.623880687,1
publimetro_2019-11-12_1,36,none,,yannihorne,docling_easyocr,llama,6,0,0,0,6,0.0,0.0,0.0,0,,,,,67.492196384,1
publimetro_2019-11-12_1,36,none,,yannihorne,docling_rapidocr,llama,6,0,0,0,6,0.0,0.0,0.0,0,,,,,10.894936862,1
publimetro_2019-11-12_1,37,none,,adaptive_gaussian,docling_easyocr,llama,6,0,0,0,6,0.0,0.0,0.0,0,,,,,67.518466928,1
publimetro_2019-11-12_1,37,none,,adaptive_gaussian,docling_rapidocr,llama,6,0,0,0,6,0.0,0.0,0.0,0,,,,,12.381022193,1
publimetro_2019-11-12_1,37,none,,adaptive_mean,docling_easyocr,llama,6,0,0,0,6,0.0,0.0,0.0,0,,,,,66.374332832,1
publimetro_2019-11-12_1,37,none,,adaptive_mean,docling_rapidocr,llama,6,0,0,0,6,0.0,0.0,0.0,0,,,,,11.910600827,1
publimetro_2019-11-12_1,37,none,,basic,docling_easyocr,llama,6,0,0,0,6,0.0,0.0,0.0,0,,,,,70.973530976,1
publimetro_2019-11-12_1,37,none,,basic,docling_rapidocr,llama,6,0,0,0,6,0.0,0.0,0.0,0,,,,,12.459897487,1
publimetro_2019-11-12_1,37,none,,niblack,docling_easyocr,llama,6,0,0,0,6,0.0,0.0,0.0,0,,,,,69.959928617,1
publimetro_2019-11-12_1,37,none,,niblack,docling_rapidocr,llama,6,0,0,0,6,0.0,0.0,0.0,0,,,,,11.496638164,1
publimetro_2019-11-12_1,37,none,,none_color,docling_easyocr,llama,6,0,0,0,6,0.0,0.0,0.0,0,,,,,76.044972554,1
publimetro_2019-11-12_1,37,none,,none_color,docling_rapidocr,llama,6,0,0,0,6,0.0,0.0,0.0,0,,,,,12.773137466,1
publimetro_2019-11-12_1,37,none,,none_grayscale,docling_easyocr,llama,6,0,0,0,6,0.0,0.0,0.0,0,,,,,69.709103553,1
publimetro_2019-11-12_1,37,none,,none_grayscale,docling_rapidocr,llama,6,0,0,0,6,0.0,0.0,0.0,0,,,,,14.504591195,1
publimetro_2019-11-12_1,37,none,,otsu,docling_easyocr,llama,6,0,0,0,6,0.0,0.0,0.0,0,,,,,72.608198995,1
publimetro_2019-11-12_1,37,none,,otsu,docling_rapidocr,llama,6,0,0,0,6,0.0,0.0,0.0,0,,,,,13.898423547,1
publimetro_2019-11-12_1,38,none,,adaptive_gaussian,docling_easyocr,llama,6,0,0,0,6,0.0,0.0,0.0,0,,,,,76.403521131,1
publimetro_2019-11-12_1,38,none,,adaptive_gaussian,docling_rapidocr,llama,6,0,0,0,6,0.0,0.0,0.0,0,,,,,12.673588107,1
publimetro_2019-11-12_1,38,none,,adaptive_mean,docling_easyocr,llama,6,0,0,0,6,0.0,0.0,0.0,0,,,,,76.510280151,1
publimetro_2019-11-12_1,38,none,,adaptive_mean,docling_rapidocr,llama,6,0,0,0,6,0.0,0.0,0.0,0,,,,,13.135924119,1
publimetro_2019-11-12_1,38,none,,basic,docling_easyocr,llama,6,0,0,0,6,0.0,0.0,0.0,0,,,,,73.408300937,1
publimetro_2019-11-12_1,38,none,,basic,docling_rapidocr,llama,6,0,0,0,6,0.0,0.0,0.0,0,,,,,14.579701246,1
publimetro_2019-11-12_1,38,none,,niblack,docling_easyocr,llama,6,0,0,0,6,0.0,0.0,0.0,0,,,,,69.765431217,1
publimetro_2019-11-12_1,38,none,,niblack,docling_rapidocr,llama,6,0,0,0,6,0.0,0.0,0.0,0,,,,,12.572056106,1
publimetro_2019-11-12_1,38,none,,none_color,docling_easyocr,llama,6,0,0,0,6,0.0,0.0,0.0,0,,,,,77.714809406,1
publimetro_2019-11-12_1,38,none,,none_color,docling_rapidocr,llama,6,0,0,0,6,0.0,0.0,0.0,0,,,,,12.785673129,1
publimetro_2019-11-12_1,38,none,,none_grayscale,docling_easyocr,llama,6,0,0,0,6,0.0,0.0,0.0,0,,,,,76.849842775,1
publimetro_2019-11-12_1,38,none,,none_grayscale,docling_rapidocr,llama,6,0,0,0,6,0.0,0.0,0.0,0,,,,,14.19184016,1
publimetro_2019-11-12_1,38,none,,otsu,docling_easyocr,llama,6,0,0,0,6,0.0,0.0,0.0,0,,,,,75.700204982,1
publimetro_2019-11-12_1,38,none,,otsu,docling_rapidocr,llama,6,0,0,0,6,0.0,0.0,0.0,0,,,,,14.719301118,1
publimetro_2019-11-12_1,38,none,,yannihorne,docling_easyocr,llama,6,0,0,0,6,0.0,0.0,0.0,0,,,,,67.463594331,1
publimetro_2019-11-12_1,38,none,,yannihorne,docling_rapidocr,llama,6,0,0,0,6,0.0,0.0,0.0,0,,,,,10.489949121,1
publimetro_2019-11-12_1,39,none,,adaptive_gaussian,docling_easyocr,llama,6,0,0,0,6,0.0,0.0,0.0,0,,,,,108.200843564,1
publimetro_2019-11-12_1,39,none,,adaptive_gaussian,docling_rapidocr,llama,6,0,0,0,6,0.0,0.0,0.0,0,,,,,42.307843677,1
publimetro_2019-11-12_1,39,none,,adaptive_mean,docling_easyocr,llama,6,0,0,0,6,0.0,0.0,0.0,0,,,,,107.671219051,1
publimetro_2019-11-12_1,39,none,,adaptive_mean,docling_rapidocr,llama,6,0,0,0,6,0.0,0.0,0.0,0,,,,,44.055829465,1
publimetro_2019-11-12_1,39,none,,basic,docling_easyocr,llama,6,0,0,0,6,0.0,0.0,0.0,0,,,,,104.54190467,1
publimetro_2019-11-12_1,39,none,,basic,docling_rapidocr,llama,6,0,0,0,6,0.0,0.0,0.0,0,,,,,43.795099956,1
publimetro_2019-11-12_1,39,none,,niblack,docling_easyocr,llama,6,0,0,0,6,0.0,0.0,0.0,0,,,,,100.587172864,1
publimetro_2019-11-12_1,39,none,,niblack,docling_rapidocr,llama,6,0,0,0,6,0.0,0.0,0.0,0,,,,,41.239332794,1
publimetro_2019-11-12_1,39,none,,none_color,docling_easyocr,llama,6,0,0,0,6,0.0,0.0,0.0,0,,,,,105.395267873,1
publimetro_2019-11-12_1,39,none,,none_color,docling_rapidocr,llama,6,0,0,0,6,0.0,0.0,0.0,0,,,,,45.189941793,1
publimetro_2019-11-12_1,39,none,,none_grayscale,docling_easyocr,llama,6,0,0,0,6,0.0,0.0,0.0,0,,,,,104.982187253,1
publimetro_2019-11-12_1,39,none,,none_grayscale,docling_rapidocr,llama,6,0,0,0,6,0.0,0.0,0.0,0,,,,,44.441411954,1
publimetro_2019-11-12_1,39,none,,otsu,docling_easyocr,llama,6,0,0,0,6,0.0,0.0,0.0,0,,,,,104.486774095,1
publimetro_2019-11-12_1,39,none,,otsu,docling_rapidocr,llama,6,0,0,0,6,0.0,0.0,0.0,0,,,,,44.10893143,1
publimetro_2019-11-12_1,39,none,,yannihorne,docling_easyocr,llama,6,0,0,0,6,0.0,0.0,0.0,0,,,,,97.597879775,1
publimetro_2019-11-12_1,39,none,,yannihorne,docling_rapidocr,llama,6,0,0,0,6,0.0,0.0,0.0,0,,,,,41.412510999,1
publimetro_2019-11-12_1,40,none,,adaptive_gaussian,docling_easyocr,llama,6,0,0,0,6,0.0,0.0,0.0,0,,,,,101.052614137,1
publimetro_2019-11-12_1,40,none,,adaptive_gaussian,docling_rapidocr,llama,6,0,0,0,6,0.0,0.0,0.0,0,,,,,43.418252393,1
publimetro_2019-11-12_1,40,none,,adaptive_mean,docling_easyocr,llama,6,0,0,0,6,0.0,0.0,0.0,0,,,,,108.716254346,1
publimetro_2019-11-12_1,40,none,,adaptive_mean,docling_rapidocr,llama,6,0,0,0,6,0.0,0.0,0.0,0,,,,,44.135282628,1
publimetro_2019-11-12_1,40,none,,basic,docling_easyocr,llama,6,0,0,0,6,0.0,0.0,0.0,0,,,,,104.466998254,1
publimetro_2019-11-12_1,40,none,,basic,docling_rapidocr,llama,6,0,0,0,6,0.0,0.0,0.0,0,,,,,44.631543313,1
publimetro_2019-11-12_1,40,none,,niblack,docling_easyocr,llama,6,0,0,0,6,0.0,0.0,0.0,0,,,,,98.416901857,1
publimetro_2019-11-12_1,40,none,,niblack,docling_rapidocr,llama,6,0,0,0,6,0.0,0.0,0.0,0,,,,,40.290381223,1
publimetro_2019-11-12_1,40,none,,none_color,docling_easyocr,llama,6,0,0,0,6,0.0,0.0,0.0,0,,,,,104.616404138,1
publimetro_2019-11-12_1,40,none,,none_color,docling_rapidocr,llama,6,0,0,0,6,0.0,0.0,0.0,0,,,,,42.854553542,1
publimetro_2019-11-12_1,40,none,,none_grayscale,docling_easyocr,llama,6,0,0,0,6,0.0,0.0,0.0,0,,,,,104.476126825,1
publimetro_2019-11-12_1,40,none,,none_grayscale,docling_rapidocr,llama,6,0,0,0,6,0.0,0.0,0.0,0,,,,,44.815819894,1
publimetro_2019-11-12_1,40,none,,otsu,docling_easyocr,llama,6,0,0,0,6,0.0,0.0,0.0,0,,,,,104.461699069,1
publimetro_2019-11-12_1,40,none,,otsu,docling_rapidocr,llama,6,0,0,0,6,0.0,0.0,0.0,0,,,,,45.02453071,1
publimetro_2019-11-12_1,41,none,,adaptive_gaussian,docling_easyocr,llama,6,0,0,0,6,0.0,0.0,0.0,0,,,,,108.29201484,1
publimetro_2019-11-12_1,41,none,,adaptive_gaussian,docling_rapidocr,llama,6,0,0,0,6,0.0,0.0,0.0,0,,,,,44.212414983,1
publimetro_2019-11-12_1,41,none,,adaptive_mean,docling_easyocr,llama,6,0,0,0,6,0.0,0.0,0.0,0,,,,,107.34615941,1
publimetro_2019-11-12_1,41,none,,adaptive_mean,docling_rapidocr,llama,6,0,0,0,6,0.0,0.0,0.0,0,,,,,42.338220071,1
publimetro_2019-11-12_1,41,none,,basic,docling_easyocr,llama,6,0,0,0,6,0.0,0.0,0.0,0,,,,,103.193152732,1
publimetro_2019-11-12_1,41,none,,basic,docling_rapidocr,llama,6,0,0,0,6,0.0,0.0,0.0,0,,,,,44.746255941,1
publimetro_2019-11-12_1,41,none,,niblack,docling_easyocr,llama,6,0,0,0,6,0.0,0.0,0.0,0,,,,,98.762871705,1
publimetro_2019-11-12_1,41,none,,niblack,docling_rapidocr,llama,6,0,0,0,6,0.0,0.0,0.0,0,,,,,41.132186376,1
publimetro_2019-11-12_1,41,none,,none_color,docling_easyocr,llama,6,0,0,0,6,0.0,0.0,0.0,0,,,,,104.878456348,1
publimetro_2019-11-12_1,41,none,,none_color,docling_rapidocr,llama,6,0,0,0,6,0.0,0.0,0.0,0,,,,,44.405828231,1
publimetro_2019-11-12_1,41,none,,none_grayscale,docling_easyocr,llama,6,0,0,0,6,0.0,0.0,0.0,0,,,,,103.095187896,1
publimetro_2019-11-12_1,41,none,,none_grayscale,docling_rapidocr,llama,6,0,0,0,6,0.0,0.0,0.0,0,,,,,44.831883663,1
publimetro_2019-11-12_1,41,none,,otsu,docling_easyocr,llama,6,0,0,0,6,0.0,0.0,0.0,0,,,,,98.155593295,1
publimetro_2019-11-12_1,41,none,,otsu,docling_rapidocr,llama,6,0,0,0,6,0.0,0.0,0.0,0,,,,,44.134728809,1
publimetro_2019-11-12_1,41,none,,yannihorne,docling_easyocr,llama,6,0,0,0,6,0.0,0.0,0.0,0,,,,,93.922756572,1
publimetro_2019-11-12_1,41,none,,yannihorne,docling_rapidocr,llama,6,0,0,0,6,0.0,0.0,0.0,0,,,,,39.928356548,1
publimetro_2019-11-12_1,42,none,,adaptive_gaussian,docling_easyocr,llama,6,0,0,0,6,0.0,0.0,0.0,0,,,,,69.106833658,1
publimetro_2019-11-12_1,42,none,,adaptive_gaussian,docling_rapidocr,llama,6,0,0,0,6,0.0,0.0,0.0,0,,,,,9.44569703,1
publimetro_2019-11-12_1,42,none,,adaptive_mean,docling_easyocr,llama,6,0,0,0,6,0.0,0.0,0.0,0,,,,,74.797773748,1
publimetro_2019-11-12_1,42,none,,adaptive_mean,docling_rapidocr,llama,6,0,0,0,6,0.0,0.0,0.0,0,,,,,10.566504627,1
publimetro_2019-11-12_1,42,none,,basic,docling_easyocr,llama,6,0,0,0,6,0.0,0.0,0.0,0,,,,,76.361622285,1
publimetro_2019-11-12_1,42,none,,basic,docling_rapidocr,llama,6,0,0,0,6,0.0,0.0,0.0,0,,,,,12.643186044,1
publimetro_2019-11-12_1,42,none,,niblack,docling_easyocr,llama,6,0,0,0,6,0.0,0.0,0.0,0,,,,,67.917021362,1
publimetro_2019-11-12_1,42,none,,niblack,docling_rapidocr,llama,6,0,0,0,6,0.0,0.0,0.0,0,,,,,11.174537984,1
publimetro_2019-11-12_1,42,none,,none_color,docling_easyocr,llama,6,0,0,0,6,0.0,0.0,0.0,0,,,,,77.060134052,1
publimetro_2019-11-12_1,42,none,,none_color,docling_rapidocr,llama,6,0,0,0,6,0.0,0.0,0.0,0,,,,,15.74700105,1
publimetro_2019-11-12_1,42,none,,none_grayscale,docling_easyocr,llama,6,0,0,0,6,0.0,0.0,0.0,0,,,,,73.485487651,1
publimetro_2019-11-12_1,42,none,,none_grayscale,docling_rapidocr,llama,6,0,0,0,6,0.0,0.0,0.0,0,,,,,14.65740652,1
publimetro_2019-11-12_1,42,none,,otsu,docling_easyocr,llama,6,0,0,0,6,0.0,0.0,0.0,0,,,,,77.644876577,1
publimetro_2019-11-12_1,42,none,,otsu,docling_rapidocr,llama,6,0,0,0,6,0.0,0.0,0.0,0,,,,,13.673250534,1
publimetro_2019-11-12_1,43,none,,adaptive_gaussian,docling_easyocr,llama,6,0,0,0,6,0.0,0.0,0.0,0,,,,,72.923435058,1
publimetro_2019-11-12_1,43,none,,adaptive_gaussian,docling_rapidocr,llama,6,0,0,0,6,0.0,0.0,0.0,0,,,,,9.638226356,1
publimetro_2019-11-12_1,43,none,,adaptive_mean,docling_easyocr,llama,6,0,0,0,6,0.0,0.0,0.0,0,,,,,74.481129442,1
publimetro_2019-11-12_1,43,none,,adaptive_mean,docling_rapidocr,llama,6,0,0,0,6,0.0,0.0,0.0,0,,,,,10.995329175,1
publimetro_2019-11-12_1,43,none,,basic,docling_easyocr,llama,6,0,0,0,6,0.0,0.0,0.0,0,,,,,70.537607912,1
publimetro_2019-11-12_1,43,none,,basic,docling_rapidocr,llama,6,0,0,0,6,0.0,0.0,0.0,0,,,,,12.024515871,1
publimetro_2019-11-12_1,43,none,,niblack,docling_easyocr,llama,6,0,0,0,6,0.0,0.0,0.0,0,,,,,66.313689184,1
publimetro_2019-11-12_1,43,none,,niblack,docling_rapidocr,llama,6,0,0,0,6,0.0,0.0,0.0,0,,,,,11.545692157,1
publimetro_2019-11-12_1,43,none,,none_color,docling_easyocr,llama,6,0,0,0,6,0.0,0.0,0.0,0,,,,,77.217815092,1
publimetro_2019-11-12_1,43,none,,none_color,docling_rapidocr,llama,6,0,0,0,6,0.0,0.0,0.0,0,,,,,15.317133596,1
publimetro_2019-11-12_1,43,none,,none_grayscale,docling_easyocr,llama,6,0,0,0,6,0.0,0.0,0.0,0,,,,,79.082607273,1
publimetro_2019-11-12_1,43,none,,none_grayscale,docling_rapidocr,llama,6,0,0,0,6,0.0,0.0,0.0,0,,,,,15.698109153,1
publimetro_2019-11-12_1,43,none,,otsu,docling_easyocr,llama,6,0,0,0,6,0.0,0.0,0.0,0,,,,,76.868323713,1
publimetro_2019-11-12_1,43,none,,otsu,docling_rapidocr,llama,6,0,0,0,6,0.0,0.0,0.0,0,,,,,11.758351713,1
publimetro_2019-11-12_1,44,none,,adaptive_gaussian,docling_easyocr,llama,6,0,0,0,6,0.0,0.0,0.0,0,,,,,74.346317636,1
publimetro_2019-11-12_1,44,none,,adaptive_gaussian,docling_rapidocr,llama,6,0,0,0,6,0.0,0.0,0.0,0,,,,,11.012983428,1
publimetro_2019-11-12_1,44,none,,adaptive_mean,docling_easyocr,llama,6,0,0,0,6,0.0,0.0,0.0,0,,,,,69.272598798,1
publimetro_2019-11-12_1,44,none,,adaptive_mean,docling_rapidocr,llama,6,0,0,0,6,0.0,0.0,0.0,0,,,,,11.742537792,1
publimetro_2019-11-12_1,44,none,,basic,docling_easyocr,llama,6,0,0,0,6,0.0,0.0,0.0,0,,,,,77.244726827,1
publimetro_2019-11-12_1,44,none,,basic,docling_rapidocr,llama,6,0,0,0,6,0.0,0.0,0.0,0,,,,,11.12571471,1
publimetro_2019-11-12_1,44,none,,niblack,docling_easyocr,llama,6,0,0,0,6,0.0,0.0,0.0,0,,,,,66.391664644,1
publimetro_2019-11-12_1,44,none,,niblack,docling_rapidocr,llama,6,0,0,0,6,0.0,0.0,0.0,0,,,,,10.663042922,1
publimetro_2019-11-12_1,44,none,,none_color,docling_easyocr,llama,6,0,0,0,6,0.0,0.0,0.0,0,,,,,73.996161319,1
publimetro_2019-11-12_1,44,none,,none_color,docling_rapidocr,llama,6,0,0,0,6,0.0,0.0,0.0,0,,,,,15.698217727,1
publimetro_2019-11-12_1,44,none,,none_grayscale,docling_easyocr,llama,6,0,0,0,6,0.0,0.0,0.0,0,,,,,69.538104154,1
publimetro_2019-11-12_1,44,none,,none_grayscale,docling_rapidocr,llama,6,0,0,0,6,0.0,0.0,0.0,0,,,,,14.665243961,1
publimetro_2019-11-12_1,44,none,,otsu,docling_easyocr,llama,6,0,0,0,6,0.0,0.0,0.0,0,,,,,77.893329862,1
publimetro_2019-11-12_1,44,none,,otsu,docling_rapidocr,llama,6,0,0,0,6,0.0,0.0,0.0,0,,,,,14.413937095,1
publimetro_2019-11-12_1,45,none,,adaptive_gaussian,docling_rapidocr,llama,6,0,0,0,6,0.0,0.0,0.0,0,,,,,12.137808689,1
publimetro_2019-11-12_1,45,none,,adaptive_mean,docling_easyocr,llama,6,0,0,0,6,0.0,0.0,0.0,0,,,,,63.660098224,1
publimetro_2019-11-12_1,45,none,,adaptive_mean,docling_rapidocr,llama,6,1,1,0,5,1.0,0.166667,0.285714,1,1.0,1.0,0.0,0.0,12.281152873,0
publimetro_2019-11-12_1,45,none,,basic,docling_easyocr,llama,6,0,0,0,6,0.0,0.0,0.0,0,,,,,58.729600215,1
publimetro_2019-11-12_1,45,none,,basic,docling_rapidocr,llama,6,0,0,0,6,0.0,0.0,0.0,0,,,,,10.528047347,1
publimetro_2019-11-12_1,45,none,,niblack,docling_easyocr,llama,6,0,0,0,6,0.0,0.0,0.0,0,,,,,69.485675018,1
publimetro_2019-11-12_1,45,none,,otsu,docling_easyocr,llama,6,0,0,0,6,0.0,0.0,0.0,0,,,,,67.673924304,1
publimetro_2019-11-12_1,45,none,,otsu,docling_rapidocr,llama,6,0,0,0,6,0.0,0.0,0.0,0,,,,,9.998224832,1
publimetro_2019-11-12_1,45,none,,yannihorne,docling_rapidocr,llama,6,0,0,0,6,0.0,0.0,0.0,0,,,,,11.421340801,1
publimetro_2019-11-12_1,46,none,,adaptive_gaussian,docling_easyocr,llama,6,0,0,0,6,0.0,0.0,0.0,0,,,,,68.005656753,1
publimetro_2019-11-12_1,46,none,,adaptive_gaussian,docling_rapidocr,llama,6,0,0,0,6,0.0,0.0,0.0,0,,,,,11.003638301,1
publimetro_2019-11-12_1,46,none,,adaptive_mean,docling_easyocr,llama,6,0,0,0,6,0.0,0.0,0.0,0,,,,,67.755907207,1
publimetro_2019-11-12_1,46,none,,adaptive_mean,docling_rapidocr,llama,6,0,0,0,6,0.0,0.0,0.0,0,,,,,11.218096404,1
publimetro_2019-11-12_1,46,none,,basic,docling_easyocr,llama,6,0,0,0,6,0.0,0.0,0.0,0,,,,,66.805276179,1
publimetro_2019-11-12_1,46,none,,basic,docling_rapidocr,llama,6,0,0,0,6,0.0,0.0,0.0,0,,,,,11.007147098,1
publimetro_2019-11-12_1,46,none,,niblack,docling_easyocr,llama,6,0,0,0,6,0.0,0.0,0.0,0,,,,,67.975407376,1
publimetro_2019-11-12_1,46,none,,otsu,docling_easyocr,llama,6,0,0,0,6,0.0,0.0,0.0,0,,,,,69.57802012,1
publimetro_2019-11-12_1,46,none,,otsu,docling_rapidocr,llama,6,0,0,0,6,0.0,0.0,0.0,0,,,,,9.614502692,1
publimetro_2019-11-12_1,46,none,,yannihorne,docling_easyocr,llama,6,0,0,0,6,0.0,0.0,0.0,0,,,,,66.834258653,1
publimetro_2019-11-12_1,46,none,,yannihorne,docling_rapidocr,llama,6,0,0,0,6,0.0,0.0,0.0,0,,,,,11.422607041,1
publimetro_2019-11-12_1,47,none,,adaptive_gaussian,docling_rapidocr,llama,6,0,0,0,6,0.0,0.0,0.0,0,,,,,12.29293641,1
publimetro_2019-11-12_1,47,none,,adaptive_mean,docling_easyocr,llama,6,0,0,0,6,0.0,0.0,0.0,0,,,,,66.998251876,1
publimetro_2019-11-12_1,47,none,,adaptive_mean,docling_rapidocr,llama,6,1,1,0,5,1.0,0.166667,0.285714,1,1.0,1.0,0.0,0.0,11.676222524,0
publimetro_2019-11-12_1,47,none,,basic,docling_easyocr,llama,6,0,0,0,6,0.0,0.0,0.0,0,,,,,66.757497386,1
publimetro_2019-11-12_1,47,none,,basic,docling_rapidocr,llama,6,0,0,0,6,0.0,0.0,0.0,0,,,,,10.873695926,1
publimetro_2019-11-12_1,47,none,,niblack,docling_easyocr,llama,6,0,0,0,6,0.0,0.0,0.0,0,,,,,67.360091607,1
publimetro_2019-11-12_1,47,none,,otsu,docling_easyocr,llama,6,0,0,0,6,0.0,0.0,0.0,0,,,,,68.081763177,1
publimetro_2019-11-12_1,47,none,,otsu,docling_rapidocr,llama,6,0,0,0,6,0.0,0.0,0.0,0,,,,,10.495551972,1
publimetro_2019-11-12_1,47,none,,yannihorne,docling_rapidocr,llama,6,0,0,0,6,0.0,0.0,0.0,0,,,,,10.080209165,1
publimetro_2019-11-12_1,48,none,,adaptive_gaussian,docling_easyocr,llama,6,0,0,0,6,0.0,0.0,0.0,0,,,,,154.41780861,1
publimetro_2019-11-12_1,48,none,,adaptive_gaussian,docling_rapidocr,llama,6,0,0,0,6,0.0,0.0,0.0,0,,,,,94.299115735,1
publimetro_2019-11-12_1,48,none,,adaptive_mean,docling_easyocr,llama,6,0,0,0,6,0.0,0.0,0.0,0,,,,,156.086579183,1
publimetro_2019-11-12_1,48,none,,adaptive_mean,docling_rapidocr,llama,6,0,0,0,6,0.0,0.0,0.0,0,,,,,94.219803432,1
publimetro_2019-11-12_1,48,none,,basic,docling_easyocr,llama,6,0,0,0,6,0.0,0.0,0.0,0,,,,,155.153083154,1
publimetro_2019-11-12_1,48,none,,basic,docling_rapidocr,llama,6,0,0,0,6,0.0,0.0,0.0,0,,,,,95.269537517,1
publimetro_2019-11-12_1,48,none,,niblack,docling_easyocr,llama,6,0,0,0,6,0.0,0.0,0.0,0,,,,,151.540528262,1
publimetro_2019-11-12_1,48,none,,niblack,docling_rapidocr,llama,6,0,0,0,6,0.0,0.0,0.0,0,,,,,91.134237254,1
publimetro_2019-11-12_1,48,none,,none_color,docling_easyocr,llama,6,0,0,0,6,0.0,0.0,0.0,0,,,,,155.8671205,1
publimetro_2019-11-12_1,48,none,,none_color,docling_rapidocr,llama,6,0,0,0,6,0.0,0.0,0.0,0,,,,,94.830841298,1
publimetro_2019-11-12_1,48,none,,none_grayscale,docling_easyocr,llama,6,0,0,0,6,0.0,0.0,0.0,0,,,,,149.786580558,1
publimetro_2019-11-12_1,48,none,,none_grayscale,docling_rapidocr,llama,6,0,0,0,6,0.0,0.0,0.0,0,,,,,93.531344886,1
publimetro_2019-11-12_1,48,none,,otsu,docling_easyocr,llama,6,0,0,0,6,0.0,0.0,0.0,0,,,,,150.252107522,1
publimetro_2019-11-12_1,48,none,,otsu,docling_rapidocr,llama,6,0,0,0,6,0.0,0.0,0.0,0,,,,,95.24380388,1
publimetro_2019-11-12_1,48,none,,yannihorne,docling_easyocr,llama,6,0,0,0,6,0.0,0.0,0.0,0,,,,,148.562837979,1
publimetro_2019-11-12_1,48,none,,yannihorne,docling_rapidocr,llama,6,0,0,0,6,0.0,0.0,0.0,0,,,,,92.256908557,1
publimetro_2019-11-12_1,49,none,,adaptive_gaussian,docling_easyocr,llama,6,0,0,0,6,0.0,0.0,0.0,0,,,,,147.43379692,1
publimetro_2019-11-12_1,49,none,,adaptive_gaussian,docling_rapidocr,llama,6,0,0,0,6,0.0,0.0,0.0,0,,,,,94.553513087,1
publimetro_2019-11-12_1,49,none,,adaptive_mean,docling_easyocr,llama,6,0,0,0,6,0.0,0.0,0.0,0,,,,,153.807427392,1
publimetro_2019-11-12_1,49,none,,adaptive_mean,docling_rapidocr,llama,6,0,0,0,6,0.0,0.0,0.0,0,,,,,94.977541432,1
publimetro_2019-11-12_1,49,none,,basic,docling_easyocr,llama,6,0,0,0,6,0.0,0.0,0.0,0,,,,,153.567378787,1
publimetro_2019-11-12_1,49,none,,basic,docling_rapidocr,llama,6,0,0,0,6,0.0,0.0,0.0,0,,,,,93.302760629,1
publimetro_2019-11-12_1,49,none,,niblack,docling_easyocr,llama,6,0,0,0,6,0.0,0.0,0.0,0,,,,,147.820821231,1
publimetro_2019-11-12_1,49,none,,niblack,docling_rapidocr,llama,6,0,0,0,6,0.0,0.0,0.0,0,,,,,93.256639903,1
publimetro_2019-11-12_1,49,none,,none_color,docling_easyocr,llama,6,0,0,0,6,0.0,0.0,0.0,0,,,,,154.984070971,1
publimetro_2019-11-12_1,49,none,,none_color,docling_rapidocr,llama,6,0,0,0,6,0.0,0.0,0.0,0,,,,,95.807262137,1
publimetro_2019-11-12_1,49,none,,none_grayscale,docling_easyocr,llama,6,0,0,0,6,0.0,0.0,0.0,0,,,,,156.335057691,1
publimetro_2019-11-12_1,49,none,,none_grayscale,docling_rapidocr,llama,6,0,0,0,6,0.0,0.0,0.0,0,,,,,95.664676621,1
publimetro_2019-11-12_1,49,none,,otsu,docling_easyocr,llama,6,0,0,0,6,0.0,0.0,0.0,0,,,,,154.739503484,1
publimetro_2019-11-12_1,49,none,,otsu,docling_rapidocr,llama,6,0,0,0,6,0.0,0.0,0.0,0,,,,,95.354090552,1
publimetro_2019-11-12_1,50,none,,adaptive_gaussian,docling_easyocr,llama,6,0,0,0,6,0.0,0.0,0.0,0,,,,,152.238701148,1
publimetro_2019-11-12_1,50,none,,adaptive_gaussian,docling_rapidocr,llama,6,0,0,0,6,0.0,0.0,0.0,0,,,,,94.247951789,1
publimetro_2019-11-12_1,50,none,,adaptive_mean,docling_easyocr,llama,6,0,0,0,6,0.0,0.0,0.0,0,,,,,152.440604367,1
publimetro_2019-11-12_1,50,none,,adaptive_mean,docling_rapidocr,llama,6,0,0,0,6,0.0,0.0,0.0,0,,,,,94.594143786,1
publimetro_2019-11-12_1,50,none,,basic,docling_easyocr,llama,6,0,0,0,6,0.0,0.0,0.0,0,,,,,150.557553563,1
publimetro_2019-11-12_1,50,none,,basic,docling_rapidocr,llama,6,0,0,0,6,0.0,0.0,0.0,0,,,,,95.164022956,1
publimetro_2019-11-12_1,50,none,,niblack,docling_easyocr,llama,6,0,0,0,6,0.0,0.0,0.0,0,,,,,145.994993472,1
publimetro_2019-11-12_1,50,none,,niblack,docling_rapidocr,llama,6,0,0,0,6,0.0,0.0,0.0,0,,,,,92.717641616,1
publimetro_2019-11-12_1,50,none,,none_color,docling_easyocr,llama,6,0,0,0,6,0.0,0.0,0.0,0,,,,,153.236386498,1
publimetro_2019-11-12_1,50,none,,none_color,docling_rapidocr,llama,6,0,0,0,6,0.0,0.0,0.0,0,,,,,95.182592591,1
publimetro_2019-11-12_1,50,none,,none_grayscale,docling_easyocr,llama,6,0,0,0,6,0.0,0.0,0.0,0,,,,,148.979740342,1
publimetro_2019-11-12_1,50,none,,none_grayscale,docling_rapidocr,llama,6,0,0,0,6,0.0,0.0,0.0,0,,,,,94.778830727,1
publimetro_2019-11-12_1,50,none,,otsu,docling_easyocr,llama,6,0,0,0,6,0.0,0.0,0.0,0,,,,,154.601905452,1
publimetro_2019-11-12_1,50,none,,otsu,docling_rapidocr,llama,6,0,0,0,6,0.0,0.0,0.0,0,,,,,94.44103037,1
publimetro_2019-11-12_1,50,none,,yannihorne,docling_easyocr,llama,6,0,0,0,6,0.0,0.0,0.0,0,,,,,145.17390667,1
publimetro_2019-11-12_1,50,none,,yannihorne,docling_rapidocr,llama,6,0,0,0,6,0.0,0.0,0.0,0,,,,,92.64976965,1
publimetro_2019-11-12_1,51,none,,adaptive_gaussian,docling_easyocr,llama,6,0,0,0,6,0.0,0.0,0.0,0,,,,,67.187723792,1
publimetro_2019-11-12_1,51,none,,adaptive_gaussian,docling_rapidocr,llama,6,0,0,0,6,0.0,0.0,0.0,0,,,,,12.302433646,1
publimetro_2019-11-12_1,51,none,,adaptive_mean,docling_easyocr,llama,6,0,0,0,6,0.0,0.0,0.0,0,,,,,68.635465798,1
publimetro_2019-11-12_1,51,none,,adaptive_mean,docling_rapidocr,llama,6,0,0,0,6,0.0,0.0,0.0,0,,,,,12.654368815,1
publimetro_2019-11-12_1,51,none,,basic,docling_easyocr,llama,6,0,0,0,6,0.0,0.0,0.0,0,,,,,68.161431697,1
publimetro_2019-11-12_1,51,none,,basic,docling_rapidocr,llama,6,0,0,0,6,0.0,0.0,0.0,0,,,,,13.481968549,1
publimetro_2019-11-12_1,51,none,,niblack,docling_easyocr,llama,6,0,0,0,6,0.0,0.0,0.0,0,,,,,59.286785148,1
publimetro_2019-11-12_1,51,none,,niblack,docling_rapidocr,llama,6,0,0,0,6,0.0,0.0,0.0,0,,,,,11.081151507,1
publimetro_2019-11-12_1,51,none,,none_color,docling_easyocr,llama,6,0,0,0,6,0.0,0.0,0.0,0,,,,,68.636199548,1
publimetro_2019-11-12_1,51,none,,none_color,docling_rapidocr,llama,6,0,0,0,6,0.0,0.0,0.0,0,,,,,13.765425517,1
publimetro_2019-11-12_1,51,none,,none_grayscale,docling_easyocr,llama,6,0,0,0,6,0.0,0.0,0.0,0,,,,,64.625551131,1
publimetro_2019-11-12_1,51,none,,none_grayscale,docling_rapidocr,llama,6,0,0,0,6,0.0,0.0,0.0,0,,,,,12.88535538,1
publimetro_2019-11-12_1,51,none,,otsu,docling_easyocr,llama,6,0,0,0,6,0.0,0.0,0.0,0,,,,,68.054041438,1
publimetro_2019-11-12_1,51,none,,otsu,docling_rapidocr,llama,6,0,0,0,6,0.0,0.0,0.0,0,,,,,11.721019559,1
publimetro_2019-11-12_1,52,none,,adaptive_gaussian,docling_easyocr,llama,6,0,0,0,6,0.0,0.0,0.0,0,,,,,62.076761048,1
publimetro_2019-11-12_1,52,none,,adaptive_gaussian,docling_rapidocr,llama,6,0,0,0,6,0.0,0.0,0.0,0,,,,,12.357881587,1
publimetro_2019-11-12_1,52,none,,adaptive_mean,docling_easyocr,llama,6,0,0,0,6,0.0,0.0,0.0,0,,,,,67.36222886,1
publimetro_2019-11-12_1,52,none,,adaptive_mean,docling_rapidocr,llama,6,0,0,0,6,0.0,0.0,0.0,0,,,,,12.423173894,1
publimetro_2019-11-12_1,52,none,,basic,docling_easyocr,llama,6,0,0,0,6,0.0,0.0,0.0,0,,,,,66.354645999,1
publimetro_2019-11-12_1,52,none,,basic,docling_rapidocr,llama,6,0,0,0,6,0.0,0.0,0.0,0,,,,,13.388565572,1
publimetro_2019-11-12_1,52,none,,niblack,docling_easyocr,llama,6,0,0,0,6,0.0,0.0,0.0,0,,,,,57.263333705,1
publimetro_2019-11-12_1,52,none,,niblack,docling_rapidocr,llama,6,0,0,0,6,0.0,0.0,0.0,0,,,,,10.073534873,1
publimetro_2019-11-12_1,52,none,,none_color,docling_easyocr,llama,6,0,0,0,6,0.0,0.0,0.0,0,,,,,66.531011063,1
publimetro_2019-11-12_1,52,none,,none_color,docling_rapidocr,llama,6,0,0,0,6,0.0,0.0,0.0,0,,,,,12.571976382,1
publimetro_2019-11-12_1,52,none,,none_grayscale,docling_easyocr,llama,6,0,0,0,6,0.0,0.0,0.0,0,,,,,63.721814902,1
publimetro_2019-11-12_1,52,none,,none_grayscale,docling_rapidocr,llama,6,0,0,0,6,0.0,0.0,0.0,0,,,,,13.031590255,1
publimetro_2019-11-12_1,52,none,,otsu,docling_easyocr,llama,6,0,0,0,6,0.0,0.0,0.0,0,,,,,65.023736581,1
publimetro_2019-11-12_1,52,none,,otsu,docling_rapidocr,llama,6,0,0,0,6,0.0,0.0,0.0,0,,,,,13.198583707,1
publimetro_2019-11-12_1,53,none,,adaptive_gaussian,docling_easyocr,llama,6,0,0,0,6,0.0,0.0,0.0,0,,,,,63.125905078,1
publimetro_2019-11-12_1,53,none,,adaptive_gaussian,docling_rapidocr,llama,6,0,0,0,6,0.0,0.0,0.0,0,,,,,11.532553714,1
publimetro_2019-11-12_1,53,none,,adaptive_mean,docling_easyocr,llama,6,0,0,0,6,0.0,0.0,0.0,0,,,,,62.742041505,1
publimetro_2019-11-12_1,53,none,,adaptive_mean,docling_rapidocr,llama,6,0,0,0,6,0.0,0.0,0.0,0,,,,,12.004420436,1
publimetro_2019-11-12_1,53,none,,basic,docling_easyocr,llama,6,0,0,0,6,0.0,0.0,0.0,0,,,,,62.696127446,1
publimetro_2019-11-12_1,53,none,,basic,docling_rapidocr,llama,6,0,0,0,6,0.0,0.0,0.0,0,,,,,11.635442527,1
publimetro_2019-11-12_1,53,none,,niblack,docling_easyocr,llama,6,0,0,0,6,0.0,0.0,0.0,0,,,,,55.604419709,1
publimetro_2019-11-12_1,53,none,,niblack,docling_rapidocr,llama,6,0,0,0,6,0.0,0.0,0.0,0,,,,,9.89838934,1
publimetro_2019-11-12_1,53,none,,none_color,docling_easyocr,llama,6,0,0,0,6,0.0,0.0,0.0,0,,,,,62.616499144,1
publimetro_2019-11-12_1,53,none,,none_color,docling_rapidocr,llama,6,0,0,0,6,0.0,0.0,0.0,0,,,,,12.629953105,1
publimetro_2019-11-12_1,53,none,,none_grayscale,docling_easyocr,llama,6,0,0,0,6,0.0,0.0,0.0,0,,,,,63.171648938,1
publimetro_2019-11-12_1,53,none,,none_grayscale,docling_rapidocr,llama,6,0,0,0,6,0.0,0.0,0.0,0,,,,,11.906661708,1
publimetro_2019-11-12_1,53,none,,otsu,docling_easyocr,llama,6,0,0,0,6,0.0,0.0,0.0,0,,,,,60.728501185,1
publimetro_2019-11-12_1,53,none,,otsu,docling_rapidocr,llama,6,0,0,0,6,0.0,0.0,0.0,0,,,,,12.123109921,1
